 -0.00002688141205320  0.00031936058098247  0.00061525789508042  0.00090892429038143
  0.00118581452491881  0.00146577122829285  0.00174015076625513  0.00200338529080183
  0.00227616981031780  0.00253620659813742  0.00279866223275920  0.00303566848791149
  0.00328984381044355  0.00355496733311087  0.00380592785273735  0.00408350879399484
  0.00435193375972366  0.00459179630763767  0.00484483284430999  0.00511638148346886
  0.00538589826153791  0.00564373080393572  0.00593102261139437  0.00625209134569086
  0.00656471932649787  0.00684846285934186  0.00722842328465707  0.00773374369033449
  0.00824540952868541  0.00873135703453583  0.00900782347509657  0.00933793395773142
  0.00973834805974181  0.01012806864223221  0.01053472975568028  0.01096983556270558
  0.01143793050704270  0.01181798091541148  0.01205609655228332  0.01223588679043181
  0.01242127887398625  0.01260687098393709  0.01278997419842149  0.01298096717072649
  0.01321271994645460  0.01346304440631651  0.01370514909102815  0.01392671552572839
  0.01414179972918339  0.01434209201738119  0.01454847990769276  0.01475865933878674
  0.01495994668385623  0.01515921688570964  0.01540284698413725  0.01563951038864589
  0.01584066621788649  0.01590892946931586  0.01598453229356747  0.01606363702611597
  0.01681804187632897  0.01755638317385140  0.01823277928321664  0.01897290856851225
  0.01974988995762866  0.02056009207792732  0.02099673310217979  0.02131004289989442
  0.02161196754590163  0.02190088304866402  0.02222042971994029  0.02260265156018764
  0.02322768667465287  0.02376776991248270  0.02425279989028030  0.02474602858577415
  0.02524327497064316  0.02795947119352562  0.03144572578625746  0.03745848329382644
  0.04294841578731405  0.04732218671415300  0.04924695653337694  0.05074619268184111
  0.05408249343781351  0.05776906773834812  0.06359057468271209  0.06974942355406805
  0.07890073399812292  0.08818724361885408  0.09608411894249605  0.10134452975535846
  0.10736521529977447  0.11264480154934021  0.11784760661814843  1.00000000000000000
 -0.00238793881546070  0.00903982161480807  0.01938808558969019  0.02979745628197344
  0.03989416545759328  0.04952823247280048  0.05785480488792477  0.06708153664584325
  0.07838335020127325  0.08914558547536562  0.09810928097314062  0.10817889514636495
  0.11913025159214971  0.13016509413076521  0.14244637527042889  0.15343922793909023
  0.16299374352299295  0.17256147361105822  0.18199013372479148  0.19173112425776745
  0.20258326900432205  0.21477596987846853  0.23061686460572550  0.24456850544872807
  0.25678660936659370  0.26859339019972284  0.27522416954074747  0.28224303476836526
  0.28948016124180154  0.29664010368936622  0.30413626931499371  0.31144601810464173
  0.31853904507486314  0.32540444858809503  0.33103261512408927  0.33885234404241998
  0.34979997497043747  0.36325581379632982  0.37904057105582528  0.39454523053750085
  0.40983284124019764  0.42189131978312361  0.43205031268537231  0.44186188871484472
  0.45144921493028239  0.46348479052125263  0.47549415079317781  0.48622442539929084
  0.49867443550885593  0.51139712274879756  0.52613320319555423  0.53816648755000818
  0.54714669208871092  0.55628004881549065  0.56530786805515865  0.57514743723955486
  0.58797396365316945  0.60070054976392073  0.61399424034782646  0.62713416909320296
  0.63934554254469989  0.65025063937963856  0.66116962613902053  0.67378604792704622
  0.68591855040841787  0.69618473929472691  0.70604944674510561  0.71879522906914284
  0.73307443095295310  0.74494671195031936  0.75500222976706610  0.76471191441900843
  0.77557890172187116  0.78281793224759411  0.78767586798068168  0.79253739875017204
  0.79966272849753095  0.80662404123282960  0.81343212531051778  0.81939523790811730
  0.82657714319937015  0.83937362599034326  0.85052126687788965  0.86050186717126742
  0.86906945941340097  0.87875173182499156  0.88931481470550322  0.89863358916964853
  0.90728400045975299  0.91568324116855371  0.92628418752696007  0.94020770445203850
  0.95538062617195496  0.96997625162899126  0.98467721338254544  1.00000000000000000
 -0.01320301946374257  0.13008524988855724  0.22600627041960403  0.30082860472202649
  0.36744490292291049  0.42676976660805066  0.47638553624927277  0.51773015179836535
  0.55013127449019539  0.58322821536649871  0.61445700779891255  0.63922997514150770
  0.66183508695580828  0.68480900271855927  0.70587666793016401  0.72542811982367073
  0.74316601645407943  0.76106690226890483  0.77426874452667216  0.78575658931118753
  0.79665826354185465  0.80694538974697316  0.81650082342670627  0.82555324187994450
  0.83351244554518611  0.84120307514613291  0.84933887266634689  0.85736535793076418
  0.86397258410668065  0.86979182298346647  0.87518758002977470  0.88020232948840127
  0.88498623460278114  0.88917790791016516  0.89301787263240506  0.89707802998861452
  0.90129481163791658  0.90556944628988034  0.91009502651216501  0.91447291862308955
  0.91839786763130260  0.92171777266152710  0.92474690402047144  0.92754981260222436
  0.93012878655889797  0.93253724381616365  0.93490300683024252  0.93707500534022037
  0.93930062292431193  0.94138575210061748  0.94359329366614042  0.94597228284080304
  0.94819368044968322  0.95002185714913323  0.95164846372857792  0.95316540252217741
  0.95470871520659828  0.95619758005358546  0.95773350806982516  0.95929657921992162
  0.96079131481858093  0.96220086663449211  0.96350431653860369  0.96473683019163647
  0.96592490304068412  0.96714493502665244  0.96841842041705262  0.96969297698921064
  0.97068468822529830  0.97148710252705350  0.97226448924547426  0.97304618143059540
  0.97381175283945720  0.97456209459557064  0.97529776767847853  0.97596610168856968
  0.97659492436548567  0.97722754201854434  0.97785063339623846  0.97845387868719580
  0.97928395481816632  0.98015748910753886  0.98108539315474597  0.98237158788695478
  0.98377334958539564  0.98523250488566194  0.98695382631639339  0.98868671967826660
  0.99025134233601864  0.99130646866767946  0.99220432741178854  0.99315857624935189
  0.99422257216844845  0.99536968153892957  0.99665264719458613  1.00000000000000000
 -0.02002161734146898  0.15005463981397843  0.20256171628301989  0.23653453143042555
  0.25963480778468623  0.27805169292343257  0.29228488461110569  0.30680765914284214
  0.32115074042133618  0.33615649762319694  0.35106482651174886  0.36438514144394890
  0.37513213911991805  0.38476349223440365  0.39379019995563447  0.40199910118201782
  0.40975127363515701  0.41731140190304211  0.42481106653489997  0.43278059793082346
  0.43825422691992205  0.44264473206928379  0.44698020886468037  0.45112426604838879
  0.45493348653267202  0.45872010826537180  0.46287320210524074  0.46755325580320428
  0.47221674782590656  0.47702537016261409  0.48092147432144627  0.48423122890988746
  0.48728363448193074  0.49131772846583316  0.49550081303467536  0.50024977682515381
  0.50591215149869784  0.51216524008238651  0.51859845628334755  0.52489749163248345
  0.53098133335847919  0.53700049070086331  0.54334254036320750  0.54997012994520722
  0.55599659546489910  0.56220845529145758  0.56819892187942100  0.57428283026064253
  0.58077484908384425  0.58675741598405062  0.59170473208381635  0.59655843873218795
  0.60132959020120602  0.60627707712420631  0.61148231542209108  0.61743404786417244
  0.62347959314684398  0.62870661638451286  0.63297892548614287  0.63670296289791251
  0.64038080837236622  0.64411243106621496  0.64779946473527772  0.65178681005560757
  0.65730917025103652  0.66257844848752634  0.66820349249320676  0.67426925959231865
  0.68089528315450321  0.68854327785401204  0.69658258053269062  0.70239455417058483
  0.70578196052373010  0.70892105175182429  0.71226162867133336  0.71589452620030591
  0.71970662466167956  0.72375354977034201  0.72793464054135437  0.73266061685505535
  0.74117230505692855  0.74864565748314582  0.75720002286863786  0.76647507081399624
  0.77643045297125757  0.78766639959742635  0.79966984059761048  0.81139215416962041
  0.82227500301419432  0.83289413472008744  0.84510379362739818  0.85831615799448036
  0.87217521536262055  0.88856420149665305  0.91853271532835779  1.00000000000000000
   9.2435808314551458E-011  -1.0000000000000000     
 F F F F F F F F F T F F F T F F F T T F F F T F F F T T T T T T T T T T F F F F F F F F F T F F F T F F F T T F F F T F F F T T T T T T T T T T
  <DiscreteSampler_grid>
  grouped_processes
  1 # 1 for a reference and 2 for a running grid.
  10 # Attribute 'min_bin_probing_points' of the grid.
  1 # Attribute 'grid_mode' of the grid. 1=='default',2=='initialization'
  0.0000000000000000 # Attribute 'small_contrib_threshold' of the grid.
  0.5000000000000000 # Attribute 'damping_power' of the grid.
 # binID   n_entries weight   weight_sqr   abs_weight
    10   10   5.650085759977115E+000   1.805930855955616E+002   5.650085759977115E+000
    11   10   5.650085759977115E+000   1.805930855955616E+002   5.650085759977115E+000
    16   10   5.650085759975670E+000   1.805930855955615E+002   5.650085759975670E+000
    17   10   5.650085759977115E+000   1.805930855955615E+002   5.650085759977115E+000
  </DiscreteSampler_grid>
