 -0.00002838094826002  0.00043361883649241  0.00080283578485840  0.00115542421244601
  0.00150261538561420  0.00185290651544287  0.00218227839477689  0.00252173911248188
  0.00285457879448393  0.00318938403448025  0.00352090327761638  0.00385365879646869
  0.00419320904962721  0.00452239424305248  0.00485445769171680  0.00517305789826622
  0.00545738675939591  0.00573299439777037  0.00600325091019122  0.00628944540563062
  0.00658077834741382  0.00686440799030139  0.00716024332729955  0.00748296896296350
  0.00783834813867347  0.00822532636482689  0.00862701183668983  0.00902105790518409
  0.00939392192765152  0.00975122295285474  0.01010531969101903  0.01045905609053919
  0.01083581338420317  0.01126097362584795  0.01166709920365995  0.01203807394995809
  0.01236943821266208  0.01268364521151586  0.01299962305681848  0.01329524641144076
  0.01361661167467274  0.01389230643644055  0.01414894596737107  0.01440603019379952
  0.01471886185004329  0.01504885954761974  0.01535482777261679  0.01564429272791936
  0.01593237290708031  0.01622020939839271  0.01651306380782135  0.01680904139562886
  0.01710867469449738  0.01742760490320098  0.01777689808872519  0.01824489505491273
  0.01882531970704953  0.01947353518801753  0.02009937936073686  0.02067601893151044
  0.02126441188995829  0.02190910856862095  0.02267278665561998  0.02332134680694808
  0.02381700433918171  0.02441060501710019  0.02500867862701570  0.02561046332262061
  0.02648810277591196  0.02749140756257637  0.02862857726090171  0.02988819503605871
  0.03100516975462447  0.03200207424228520  0.03294296064074830  0.03396005330029647
  0.03488042077920329  0.03551143017038607  0.03629518911128846  0.03709767530986594
  0.03790692557709521  0.03906227223856917  0.04209655216215251  0.04576607174174246
  0.04901744862997781  0.05267032131961064  0.05631410702275169  0.05863897639669163
  0.06106220154827234  0.06365927024340620  0.06629698316278612  0.07331818041064371
  0.08754746367010829  0.09576457561551373  0.47460395280628725  1.00000000000000000
 -0.00163076216265272  0.00868222098579566  0.01605388906539377  0.02359088690513865
  0.03265402009187546  0.04318767755870651  0.05469173849517864  0.06732007120429408
  0.08118747642786626  0.09548950977386925  0.10895736368971226  0.12245883773073833
  0.13491735071508945  0.14610967074269693  0.15684320808936114  0.16815834146086545
  0.17990364777508000  0.19128773679999686  0.20281266745671073  0.21312491702408587
  0.22254051542192962  0.23049771909913525  0.23941437395141685  0.24766191828069992
  0.25526580640366764  0.26326658237382783  0.27318401012378540  0.28352443387788562
  0.29351323776907406  0.30279833259592642  0.31203052014028726  0.32028951228298996
  0.32889388702059119  0.33793209838739541  0.34778641535608823  0.35767058503461230
  0.36709203571693394  0.37707298296897285  0.38981534424402520  0.40317558881487253
  0.41541575002084979  0.42699830746043710  0.43849742916389300  0.44956283100082473
  0.46127385315200520  0.47257925291275904  0.48505559143712756  0.49585547852642631
  0.50690778691513105  0.51848807438486644  0.53014362552131822  0.54107048717881456
  0.55068494468757023  0.56017686194702387  0.57031779239594094  0.58073244740038599
  0.59189605028673709  0.60268644820538309  0.61628962403966070  0.63093594484286308
  0.64431155203515278  0.65419340979702911  0.66211844247207319  0.66979316720897786
  0.67732386995318761  0.68621133829092462  0.69633102741350483  0.70655808575897749
  0.71723519166950522  0.72758624196418198  0.73993013291332665  0.75300257512015989
  0.76636764303543259  0.77978407064859334  0.79203844709143623  0.80279852255194095
  0.81292721375203281  0.82295886118152550  0.83317984926727418  0.84351754325870187
  0.85474506574848197  0.86745120432083878  0.88051439042468016  0.89286595678568048
  0.90540338711625035  0.91755669547778529  0.92740071925267786  0.93658096494943044
  0.94599046213235038  0.95500035338475175  0.96368800962628975  0.97148904685707138
  0.97950246330338797  0.98668701698789651  0.99325237787709841  1.00000000000000000
 -0.00371775799633591  0.05214489024854668  0.09182576847544852  0.12437687223230129
  0.15476999986723125  0.18256307344033823  0.20799812131717213  0.23149738807057654
  0.25243112037498061  0.27015306679179496  0.28733891489502628  0.30444544889519293
  0.32198247135379093  0.33858964159700555  0.35455427706930603  0.36869565812524546
  0.38429414324539646  0.40000566679294841  0.41506676910279605  0.42782799461612075
  0.43990746574746370  0.45142979977946229  0.46187376454294332  0.47190110543085750
  0.48076750989883149  0.49029103235066623  0.49984503277183234  0.50912668512145276
  0.51794535118112550  0.52666645964163072  0.53559607378474383  0.54423212213051775
  0.55282966061972716  0.56167427444144602  0.57059105005862543  0.58021558657623351
  0.58821695299973153  0.59539549457396823  0.60224351192638870  0.60932437702449549
  0.61688110857440404  0.62436555399738181  0.63167310746230443  0.63889299627616403
  0.64622353797462029  0.65364595034730089  0.66106909498146504  0.66807111294807642
  0.67488212071361475  0.68146372156995239  0.68733618892687876  0.69333206286972571
  0.69941752333516005  0.70630787471890655  0.71365744769539663  0.72110352509430709
  0.72834914530451100  0.73506014139798737  0.74112720470154325  0.74695452620734093
  0.75224140294769881  0.75687941233969880  0.76172719125678068  0.76679961597041779
  0.77224393614159459  0.77798755070336112  0.78329757036368286  0.78826530222204372
  0.79263970895349634  0.79746485544272050  0.80175920075046081  0.80610321150639153
  0.81029516916404876  0.81465062258459364  0.81968606363085861  0.82514328232816114
  0.83099084047467731  0.83745186464224119  0.84445671361136798  0.85025503455466866
  0.85572119477344744  0.86125170804128381  0.86734588366343202  0.87413632048433709
  0.88121414248499852  0.88861934630247041  0.89459768856828170  0.90101015151160857
  0.90784666747222920  0.91540633182173670  0.92399418989683824  0.93319610519355078
  0.94442816313601763  0.95637769430545971  0.97271531285735791  1.00000000000000000
 -0.01731667694879194  0.10317151966652160  0.13688747311658830  0.16863237040304685
  0.19825562906514294  0.21918766886495958  0.23275973407474512  0.24339842515968924
  0.25330408482586830  0.26283118744435391  0.27199549671013268  0.27971167387218104
  0.28665009457390134  0.29281250674554865  0.29992296514523686  0.30726801504273638
  0.31572095365057812  0.32370910481383569  0.33148056011797078  0.33895892402597122
  0.34677359041146943  0.35395383797932317  0.36044618096674735  0.36613473456008627
  0.37162006253798624  0.37704634878407328  0.38226952214210763  0.38788641460453166
  0.39387294375743809  0.39914579584827126  0.40382394461597110  0.40870211016760677
  0.41351722582116879  0.41814824476046347  0.42234364821246695  0.42694928612945210
  0.43184294426296344  0.43686008957429900  0.44147471851830200  0.44582978404312329
  0.45045640600833409  0.45530885291904394  0.46058124308005433  0.46637546594661949
  0.47187227794754172  0.47724871749785014  0.48291803847630405  0.48878716176658499
  0.49500704387148070  0.50205506829179591  0.51043136424452429  0.51806856704218140
  0.52583869253730087  0.53343545711232343  0.54066836141650398  0.54646219708221866
  0.55263861679400639  0.55960782577355506  0.56605673700522718  0.57211684110091232
  0.57797767566732638  0.58356217800679422  0.58863547123843574  0.59310342439523567
  0.59743064320506745  0.60221920654182004  0.60629013173594981  0.61092596960118017
  0.61588169088479461  0.62079676168871001  0.62681550234259076  0.63265702594094830
  0.63861803848250531  0.64400932659897914  0.64958256528683211  0.65528904973699198
  0.66160504931881770  0.66874643112721766  0.67574026908092144  0.68229415437596030
  0.68899219533835920  0.69758165245808856  0.70695968435285872  0.71746631376628434
  0.72921977820411854  0.74083356507789744  0.75255351905911705  0.76467603802955941
  0.77764954139143172  0.79238275649021228  0.80957223727058636  0.82941229175400166
  0.85340748532097854  0.87873805047038489  0.91306371724991175  1.00000000000000000
   1.4781349274101088E-013  -1.0000000000000000     
 F F F F F F F F F T T T T T T T T T T T T T T T T T T T T T T T T T T T F F F F F F F F F T T T T T T T T T T T T T T T T T T T T T T T T T T T
  <DiscreteSampler_grid>
  grouped_processes
  1 # 1 for a reference and 2 for a running grid.
  10 # Attribute 'min_bin_probing_points' of the grid.
  1 # Attribute 'grid_mode' of the grid. 1=='default',2=='initialization'
  0.0000000000000000 # Attribute 'small_contrib_threshold' of the grid.
  0.5000000000000000 # Attribute 'damping_power' of the grid.
 # binID   n_entries weight   weight_sqr   abs_weight
    10   10   4.744648739486707E+000   4.068187970655331E+001   4.744648739486707E+000
    11   10   4.744648739486707E+000   4.068187970655331E+001   4.744648739486707E+000
  </DiscreteSampler_grid>
