 -0.00003673195674919  0.00054645125027561  0.00105047747056414  0.00153433094200414
  0.00204053695572711  0.00267897247949815  0.00320212380324142  0.00367264853508261
  0.00411732913440099  0.00452203035437749  0.00493441954947740  0.00535052925028247
  0.00575429308020399  0.00619294815451257  0.00666977991797913  0.00718699240397199
  0.00781617068299691  0.00852889625366870  0.00914917112966104  0.00968462723413622
  0.01021946494148876  0.01074088638405415  0.01124023282110029  0.01178401104037387
  0.01246372624517371  0.01314465045598372  0.01382426865596024  0.01453796581601878
  0.01538277964184835  0.01622833877880904  0.01703072792447279  0.01775203940446190
  0.01838993352907616  0.01894542664864083  0.01948411478150581  0.02010672329924255
  0.02087787674221002  0.02181964324359610  0.02278830784025871  0.02381406207561988
  0.02484143429081677  0.02579649689399311  0.02664203225400043  0.02892012208840913
  0.03135551261515347  0.03364440004221118  0.03592663379256471  0.03807554653956965
  0.04022445928657459  0.04229547038014470  0.04432699870190231  0.04638554721940544
  0.04860734258331893  0.05082913794723241  0.05320065024940422  0.05560146379452362
  0.05744773013952670  0.05905921814787884  0.06072736838427881  0.06246462443034347
  0.06423200517447462  0.06593762272346056  0.06785939023981198  0.07094037600303732
  0.07546020277958289  0.08053729375245379  0.08403864306161954  0.08520990374742977
  0.08605651815905431  0.08696418772609929  0.08812420958127005  0.08937374772706645
  0.09057792413464395  0.09166785850914606  0.09251531667405948  0.09316170309369749
  0.09415448184088115  0.09500951230279829  0.09583184202883552  0.09669836733296799
  0.09775075709795598  0.09944254025394865  0.10097299253326451  0.10217850001781624
  0.10363339893672764  0.10638899843324884  0.10796189690378030  0.10886691934039250
  0.11025067322861390  0.11148026084923590  0.11225547005421685  0.11276804739541930
  0.11328480211866403  0.11381275274462185  0.59536975056909214  1.00000000000000000
 -0.00316029951842497  0.01575438253578396  0.03081126680707865  0.04263482445867241
  0.05614504893117416  0.06898495287440107  0.08016649947744747  0.09121595814875696
  0.10061914651520361  0.11155158693123383  0.12245598239393216  0.13299907019380067
  0.14340581489734744  0.15407752273315467  0.16452694196615308  0.17479700280546745
  0.18799310442250775  0.20158920903452360  0.21772571530354279  0.23599630701333357
  0.25474642424673449  0.27260613242129483  0.28981432715496314  0.30526380460378694
  0.31644997000958730  0.32755766120630847  0.33893966543073611  0.35306615726437302
  0.36568273782995742  0.37760166007945434  0.39015861650850081  0.40106842899027501
  0.41053910333527172  0.42111541530296115  0.43369536162580091  0.44900748973879201
  0.45867717683398213  0.46392312497955640  0.47060467411025353  0.47730264046362914
  0.48281728443239347  0.48772486581788727  0.49308453218053144  0.49757076474823753
  0.50163574397252875  0.50653339924912544  0.51206931436328929  0.51723957185994907
  0.52234897931155144  0.53382877369313053  0.54909877330304080  0.56417612282839180
  0.58008339125299369  0.59540736196305521  0.60163876515436976  0.60762495683896223
  0.61454209334472487  0.62104095009730031  0.62698228711232773  0.63301379905645416
  0.63890205498583041  0.64445146352772031  0.64951296286485916  0.65470648461107817
  0.66741797624102972  0.68607341837173119  0.70524049831860725  0.71994523183031678
  0.73129008381740968  0.74047833262305951  0.74733787928144590  0.75331160019616494
  0.76043006548045267  0.77091177935273059  0.78418633405666960  0.79565959216218218
  0.80578920690526323  0.81561984688915967  0.82683477074629175  0.83906506500122557
  0.84849913387132836  0.85636358104130739  0.86420300327765609  0.87109758610588006
  0.88167086205076795  0.89376037728200475  0.90161808852600678  0.90985406010783620
  0.91918157019339530  0.92612947049730288  0.93431587551749340  0.94275385082311680
  0.95176526263525674  0.96440882633609304  0.98127101785987003  1.00000000000000000
 -0.02130231327867239  0.25827740959456913  0.40662607602141615  0.51116678357077949
  0.59461106945413256  0.65604285091954817  0.70171729321328269  0.73848777747984962
  0.77032442674444512  0.80043990429973655  0.82502284820955973  0.84447825584911662
  0.85981895175082923  0.87317305235473452  0.88528577054621016  0.89620613443288877
  0.90531325908318994  0.91424165430238535  0.92050816764790766  0.92500148013129169
  0.92956388599227457  0.93457283024247895  0.93980163522378957  0.94401164158350703
  0.94753153658373446  0.95024346109487046  0.95273416918942111  0.95498452352907459
  0.95734379792626589  0.95917680058686039  0.96071618282636073  0.96205497945730167
  0.96320108820566097  0.96445288165563414  0.96563671811610896  0.96704773889156881
  0.96852342631296295  0.96974095172900832  0.97083029340964022  0.97187448412027433
  0.97276907483038899  0.97364631256871015  0.97447581095022695  0.97526289768754149
  0.97598328875400420  0.97666512804933636  0.97753269156357214  0.97859125473824393
  0.97943373881502926  0.98016103847127511  0.98085037841054068  0.98151600299101460
  0.98217021802802673  0.98288430884245215  0.98350271690305124  0.98404950243794276
  0.98452808050426321  0.98487664091473026  0.98522831297911728  0.98558098881242506
  0.98591297537889122  0.98626508202824836  0.98665376535555049  0.98702466685083989
  0.98745664333679484  0.98797497587667682  0.98858128483059460  0.98920631980675844
  0.98973950717477532  0.99023819592120577  0.99068735012594011  0.99111090395958079
  0.99153686186270751  0.99199203838118488  0.99240768831683768  0.99281509862952999
  0.99323786442229967  0.99359592502386962  0.99390006605710346  0.99411883416491331
  0.99432717350113775  0.99453492118209064  0.99475166619797917  0.99500525844634369
  0.99524114197487801  0.99545189943037526  0.99566743544486269  0.99587728756883354
  0.99608784753260604  0.99634502207849340  0.99660159839151308  0.99688020913330633
  0.99719801185672419  0.99769476589514339  0.99848271565378799  1.00000000000000000
 -0.01329925237433832  0.10076965910783542  0.15882022773482135  0.20348925260488576
  0.23885012065279315  0.26167615294063068  0.28278908404834957  0.30104347827480643
  0.31194024377739304  0.32022773231073159  0.32808751163824457  0.33429167804998489
  0.34000962966066428  0.34543976718806080  0.35071993532388002  0.35612821048728688
  0.36438600601910465  0.37221107337082415  0.37898247768144433  0.38610525446256994
  0.39527148153171221  0.40493488225657714  0.41262217326696005  0.41833950450498847
  0.42183597275468560  0.42561878006793535  0.42885466703988123  0.43223196397080271
  0.43651620357123611  0.44142432157255712  0.44633168207364216  0.44993444908970698
  0.45163501133056233  0.45331397809667162  0.45515301229206562  0.45713044252489399
  0.46028234189162359  0.46339167469168546  0.46675700964848094  0.47054093790570989
  0.47487583699075547  0.48057326933719779  0.48703284052608731  0.49343843539784454
  0.49932171812161713  0.50466544903823041  0.50982443718153547  0.51520049799190293
  0.52018694380573816  0.52529854191594472  0.53049401043983524  0.53568664250160936
  0.54129901367061573  0.54684692412400748  0.55200267863580954  0.55974887891655045
  0.56649926496033276  0.57361049430547972  0.58123228578621022  0.59030498796768216
  0.60010697489153264  0.60613999407128116  0.61094930814211590  0.61602066235234865
  0.62125589172078044  0.62665999566822284  0.63318425998469174  0.64038877109263692
  0.65176935470551978  0.66257560521690706  0.67060644713077056  0.67589341046767970
  0.68193422557547434  0.68796892438239454  0.69402338260061314  0.70022143841717099
  0.70712310313831650  0.71522821459001551  0.72165901343009342  0.72899765136238692
  0.73910173098790610  0.75226825393268615  0.76570810932849764  0.77743148685479246
  0.78705970550231064  0.79485535070658453  0.80226553507791198  0.81024878471303052
  0.81741487720974426  0.82643989116451011  0.83701691731240968  0.84902204279600835
  0.86184032631390628  0.88224268082976021  0.92127275304264877  1.00000000000000000
   4.0768186462617306E-044  -1.0000000000000000     
 F F F F F F F F F F F F F F F F F F T T T T T T T T T T T T T T T T T T F F F F F F F F F F F F F F F F F F T T T T T T T T T T T T T T T T T T
  <DiscreteSampler_grid>
  grouped_processes
  1 # 1 for a reference and 2 for a running grid.
  10 # Attribute 'min_bin_probing_points' of the grid.
  1 # Attribute 'grid_mode' of the grid. 1=='default',2=='initialization'
  0.0000000000000000 # Attribute 'small_contrib_threshold' of the grid.
  0.5000000000000000 # Attribute 'damping_power' of the grid.
 # binID   n_entries weight   weight_sqr   abs_weight
    10   10   1.469891650387828E-035   1.296257289566621E-069   1.469891650387828E-035
    11   10   1.469891650387828E-035   1.296257289566621E-069   1.469891650387828E-035
    16   10   1.634933989838641E-035   1.425005895091397E-069   1.634933989838641E-035
    17   10   1.634933989838641E-035   1.425005895091397E-069   1.634933989838641E-035
  </DiscreteSampler_grid>
