 -0.00002942019684259  0.00039089519942226  0.00071129238751092  0.00101174348680821
  0.00130502373916900  0.00159129318421820  0.00186943620519242  0.00213134740638286
  0.00238985725651720  0.00264695839209218  0.00290240704912429  0.00314770217691181
  0.00339534116062182  0.00363630836238449  0.00389309637897223  0.00416696988881458
  0.00447666467378891  0.00474030681844707  0.00496260742912056  0.00519516013419590
  0.00542333627749804  0.00565561736876732  0.00589887643621011  0.00614832195723511
  0.00640660259891223  0.00673385449731547  0.00703218275738337  0.00725198377450814
  0.00747700045578486  0.00772561278586649  0.00799060881665553  0.00826531749621479
  0.00853305940862239  0.00880016276053765  0.00907438381300991  0.00933428229192907
  0.00958363739360138  0.00991621512215563  0.01034198742158605  0.01078762912223384
  0.01128642199106810  0.01176516738252168  0.01226009467590000  0.01270039880399252
  0.01310910401538812  0.01355363576286753  0.01410061782745780  0.01480846123819428
  0.01553603823893750  0.01613299765128598  0.01644765848699556  0.01661531988696225
  0.01687648693341557  0.01730293699943663  0.01759078183130631  0.01789499556545190
  0.01821046905808209  0.01857091317395254  0.01892630437581429  0.01925026731240752
  0.01954394927659088  0.01983771356942892  0.02014898785388727  0.02048856937490799
  0.02083254212207814  0.02120865059893888  0.02153937847699980  0.02192953503202699
  0.02239752619221174  0.02298079498052052  0.02336416621643305  0.02425865535732277
  0.02545904170767142  0.02686511607562216  0.02830696241741382  0.02977018251058567
  0.03131181154314874  0.03282338482044716  0.03431270926734529  0.03572394249418320
  0.03711329240044040  0.03846101617945040  0.03993623129817507  0.04145531835046484
  0.04285811500919341  0.04440036953358064  0.04597421760155240  0.04758008984423648
  0.05020806026531987  0.05283603068640325  0.05546400110748664  0.05722164736734899
  0.05888145539131442  0.06054126341527986  0.06337312305416357  1.00000000000000000
 -0.00431450569534757  0.01511684259941524  0.02936942288753268  0.04262108900192373
  0.05590404526798708  0.06947085725122135  0.08321084996883479  0.09699744111953040
  0.11175814693818469  0.12401148952451076  0.13479991911168124  0.14449982200036424
  0.15329912030738238  0.16230203054316966  0.17129088513358193  0.17895580268167624
  0.18678396093980454  0.19447510661670442  0.20206275567899395  0.21012373459195988
  0.21971653560148660  0.22969647521028688  0.24051755678759476  0.25119662778042712
  0.26007326329879049  0.26766221998128653  0.27596619174762704  0.28528691654779709
  0.29800731150920540  0.31153400038656026  0.32244133642885137  0.33301023316084488
  0.34379528980885471  0.35473027277665881  0.36361903323440181  0.37247921571386539
  0.38046467330910350  0.38801041162179006  0.39511129447473375  0.40368906860875226
  0.40909075877560463  0.41530110503255852  0.42182479227326064  0.42855672066383210
  0.43601850656039831  0.44708366089691265  0.46061337539925840  0.47082251990439961
  0.47933073513608554  0.48651748622712820  0.49504829720833182  0.50383962853301523
  0.51115875892920504  0.51770610789184079  0.52499338071800872  0.53345860613818130
  0.54364810267402552  0.55762079633523154  0.57186306481541271  0.58455041033474719
  0.59812540428471461  0.61234596051069745  0.62763849121549586  0.64314885890664619
  0.65632215534083127  0.66921079024982055  0.68226229356865009  0.69499801858996157
  0.70687247884500226  0.71861673313262386  0.73056132614156055  0.74069024370353176
  0.74946811184659079  0.75864410372105184  0.76845165636948098  0.77731434776975195
  0.78503612936095624  0.79363712496612338  0.80354917503664447  0.81360060474281226
  0.82186823383192620  0.83001157246350055  0.83976275479463880  0.85218221880914136
  0.86568628893378063  0.88079926084626015  0.89601866654999407  0.90964569453487409
  0.92234916244836229  0.93460685698364898  0.94597934144079732  0.95486662201871830
  0.96433090287882028  0.97310247247598070  0.98388480775195042  1.00000000000000000
 -0.01788277753526899  0.17566632172410876  0.28585994550146099  0.36829524939114133
  0.43281521080477176  0.48192136257861767  0.52392306335782191  0.56396694290171689
  0.59549017572723439  0.62473521806536414  0.65231181177114794  0.67650445876799048
  0.69779928195593732  0.71642429726918411  0.73334709392509845  0.74998016250899202
  0.76452344350049517  0.77741731959823057  0.78930906619495500  0.79935262594259870
  0.80785881082391808  0.81602452607299591  0.82383156727005813  0.83164947995229832
  0.83948536558379472  0.84705140969367665  0.85391147995015459  0.85996807570091760
  0.86545780492524393  0.87065010498721962  0.87574304813268189  0.88067409298882138
  0.88536014659176498  0.88996422214912907  0.89432513703435512  0.89806055029086196
  0.90151371087846599  0.90483705126107417  0.90821574699252228  0.91145590357832329
  0.91455307120776475  0.91751814714511182  0.92017258903824661  0.92290977192409074
  0.92546658503299950  0.92778987883509856  0.92998519982841787  0.93206488587758884
  0.93417488190957187  0.93633353462112712  0.93837659526062234  0.94032698646843593
  0.94220497089711452  0.94405865882428874  0.94583511579016244  0.94753457068756364
  0.94916679246374547  0.95075735927528915  0.95234559989576040  0.95392379572722175
  0.95549946024114563  0.95705542982311798  0.95861030525483149  0.96013847144798603
  0.96165239822518789  0.96318866891407717  0.96477057532531174  0.96626239990683005
  0.96769128854370978  0.96903392968015101  0.97040196458188432  0.97175974221029937
  0.97279530603599140  0.97396035306797946  0.97500374305224646  0.97590291132231721
  0.97676344123775694  0.97758361829677931  0.97839934060919120  0.97921981228330457
  0.98006546982117093  0.98097305980945249  0.98202181121102905  0.98314283313299200
  0.98436635335893952  0.98557405623712702  0.98665442160719774  0.98761779702528973
  0.98847869273028066  0.98929324104538485  0.99005944216430453  0.99075461779813989
  0.99167008612417895  0.99275940687453379  0.99454132645456561  1.00000000000000000
 -0.01894731312247520  0.12702196922201642  0.16362501937843160  0.18576673337165700
  0.20479365835526947  0.22297136198853520  0.24059708226097887  0.25459276821203047
  0.26615301693079135  0.27634779089768968  0.28648803568614756  0.29578119493309701
  0.30306015796749658  0.30963925631646816  0.31689583106257285  0.32505338285557123
  0.33284807747933159  0.33890658913655591  0.34373402725778640  0.34867306714639607
  0.35370206769251872  0.35885385211061976  0.36438909895516663  0.37014783149596436
  0.37552455071473800  0.38023106949101471  0.38452163597690941  0.38908190882187860
  0.39429662794368753  0.40077103892223331  0.40756048764390518  0.41376536124061380
  0.41984497863738840  0.42598012800087603  0.43224513216062566  0.43791280076872208
  0.44319268621035524  0.44814657917061890  0.45364390173327357  0.45936056238993922
  0.46545476716370299  0.47206019884866929  0.47848025729010524  0.48371065816843173
  0.48842039128555753  0.49320675601440245  0.49819559770452598  0.50264264752072296
  0.50807977284740136  0.51355531313079006  0.51808548686745071  0.52215178434698317
  0.52620428858387858  0.53016295532223034  0.53481441869661306  0.54009049368140405
  0.54488582030853994  0.54980518538528078  0.55434211216910001  0.55858786419149742
  0.56419638440343001  0.57142006172636783  0.57900558072070718  0.58364187540945944
  0.58716836930439864  0.59048734113673684  0.59364645043239606  0.59679087803223008
  0.59978551807240010  0.60483583862851842  0.61115744264975802  0.61772582410773802
  0.62328416921877250  0.62883548788428634  0.63427858267526660  0.64022418895969591
  0.64810226824530148  0.65867269010290586  0.67046599070589774  0.68138437078435554
  0.69153102062976068  0.70160631333899037  0.71052258141828306  0.71752120469533553
  0.72500504484472450  0.73262604647554008  0.73925333643032154  0.74574005674545463
  0.75211697420688950  0.76097239524577043  0.77050523975996299  0.78428550208083225
  0.80261824672563598  0.82588773523843451  0.86525732064385608  1.00000000000000000
   2.0694978595860794E-012  -1.0000000000000000     
 F F F F F F F F F T T T T T T T T T T T T T T T T T T T T T T T T T T T F F F F F F F F F T T T T T T T T T T T T T T T T T T T T T T T T T T T
  <DiscreteSampler_grid>
  grouped_processes
  1 # 1 for a reference and 2 for a running grid.
  10 # Attribute 'min_bin_probing_points' of the grid.
  1 # Attribute 'grid_mode' of the grid. 1=='default',2=='initialization'
  0.0000000000000000 # Attribute 'small_contrib_threshold' of the grid.
  0.5000000000000000 # Attribute 'damping_power' of the grid.
 # binID   n_entries weight   weight_sqr   abs_weight
    10   10   2.761769296908041E-001   1.973987482049555E-001   2.761769296908041E-001
    11   10   2.761769296909564E-001   1.973987482049577E-001   2.761769296909564E-001
    16   10   2.761769296908041E-001   1.973987482049556E-001   2.761769296908041E-001
    17   10   2.761769296909564E-001   1.973987482049578E-001   2.761769296909564E-001
  </DiscreteSampler_grid>
