 -0.00035332455546248  0.00192595129036401  0.00321605281004234  0.00446449415019383
  0.00584856474464178  0.00744033636208552  0.00919095436035983  0.01094627553947516
  0.01292002607319746  0.01524574203533213  0.01763957166442669  0.02005864781812684
  0.02275906782709729  0.02582108990134707  0.02895503551386798  0.03222907029045154
  0.03554276190481340  0.03900274279099261  0.04262112482150505  0.04647829266093331
  0.05046544306267425  0.05455587183443806  0.05867251242109310  0.06289094011083819
  0.06728508931390068  0.07186375053012720  0.07667564841265520  0.08153038306950648
  0.08635531175976456  0.09129371587450053  0.09657783940827562  0.10226805370119214
  0.10822627408052532  0.11432034925981503  0.12051742276168541  0.12687131819016328
  0.13345151304596983  0.14041405781871444  0.14794032669520835  0.15595822505194826
  0.16439230937794955  0.17296431533967013  0.18173865900020253  0.19065773186445376
  0.19993935403519270  0.20986258792661996  0.22031192007909686  0.23109138004708621
  0.24266155907319448  0.25474047726522531  0.26739468006106581  0.28093082091504312
  0.29533470006155615  0.31078043428591978  0.32718951381836048  0.34477426238960301
  0.36347841573029704  0.38412643233669846  0.40582526576730826  0.42994954632310400
  0.45638090647981316  0.48565584763593128  0.51532888172668945  0.54379035576396750
  0.57114436181918060  0.59847868248491098  0.62523332742859750  0.65063673284800794
  0.67320873047157503  0.69393881701992810  0.71314618036796129  0.73140616544888337
  0.74886521128648065  0.76542381134262860  0.78101274225465389  0.79559468272771183
  0.80960287097203676  0.82249501780406098  0.83464884144121798  0.84662376887499757
  0.85812501772750738  0.86921554684597102  0.87996198575387652  0.89056135937833281
  0.90122319129347617  0.91139838809062157  0.92134158874948802  0.93105127875263460
  0.94053078714606819  0.94984586390908010  0.95873571873640773  0.96731295864044797
  0.97572210219220989  0.98392640815941568  0.99201477732618160  1.00000000000000000
 -0.00165506314999029  0.00835334326396339  0.01678037983497477  0.02522596128526261
  0.03391460378021861  0.04275936131204600  0.05242234300892823  0.06280736679101712
  0.07377475346572890  0.08496306780278957  0.09574758343145585  0.10637738751740879
  0.11698918225184528  0.12735660825901354  0.13741792046689996  0.14767461469585391
  0.15782913435257648  0.16806951332753933  0.17804855622070817  0.18817864064715262
  0.19864632591691364  0.20990949619927424  0.22183046827063843  0.23464579532206664
  0.24757430123412777  0.25988724337864932  0.27191037857031719  0.28250887449461898
  0.29246897691101809  0.30239641619239366  0.31268487897799441  0.32330664876878790
  0.33362680795113009  0.34404672647847573  0.35435547629172537  0.36447957048926038
  0.37476121720628847  0.38517261800518071  0.39593231018686237  0.40691315615612372
  0.41784931687619625  0.42877113092923824  0.43980189142960763  0.45115649965329946
  0.46239252681112741  0.47352747450016569  0.48445705849815079  0.49543694353582102
  0.50657106950266850  0.51739294546173109  0.52787643989583832  0.53823794695752902
  0.54891726525431217  0.56000249003927072  0.57100246395067278  0.58169091730721934
  0.59202060567573589  0.60232558107201617  0.61310413816693998  0.62441603178790472
  0.63567022440390031  0.64620440049658967  0.65673018066955346  0.66744818190179023
  0.67871662929912036  0.69002029115880814  0.70076853544609374  0.71104405331541154
  0.72119803795139747  0.73120416720235304  0.74119163753130801  0.75148473240339997
  0.76175757171930669  0.77172056721171167  0.78174513207846330  0.79217082339392053
  0.80257688059683496  0.81247731045678495  0.82225236067660246  0.83193165813216507
  0.84188151951486467  0.85187408232049833  0.86251987517970319  0.87348283081948086
  0.88378162189382758  0.89394604584798465  0.90438075622737168  0.91552356291049231
  0.92654749383624746  0.93772960635884628  0.94843308989295816  0.95945911911027815
  0.96955017517977760  0.97981717028650528  0.98974670151177413  1.00000000000000000
  0.00083908784013987  0.02000837309489605  0.03701729038614701  0.05142806983504287
  0.06463128114317865  0.07742397218738588  0.08953280750439607  0.10148430283629135
  0.11379374329346746  0.12622581904339908  0.13798081073485174  0.14937208336734509
  0.16079835101346449  0.17223795201262715  0.18368985921824899  0.19515245156126265
  0.20700536473273132  0.21836183147773244  0.22980582147497486  0.24137601622482935
  0.25285359469628532  0.26402040304631030  0.27557528686918670  0.28738349383084255
  0.29927787034998532  0.31118790674655822  0.32233551081975959  0.33333338302091825
  0.34322089008979584  0.35343565851947145  0.36394959423934281  0.37412236034577834
  0.38437463684415879  0.39441680608832336  0.40454367308574052  0.41452979969575943
  0.42430935562182065  0.43423144652809442  0.44347612813060211  0.45218930638929444
  0.46128707426756727  0.47092117871916028  0.48046895005918638  0.48929690450886903
  0.49831290441888104  0.50766086479985417  0.51701372091517028  0.52595312885783829
  0.53475060823800835  0.54389457536536590  0.55334610651707661  0.56241025586503335
  0.57084353558534706  0.57894672908907696  0.58702855428063094  0.59523571639080075
  0.60361875050636282  0.61204159576003203  0.62059384713618826  0.62965813890311517
  0.63890290176217557  0.64751256718003602  0.65553409693329312  0.66352581488346984
  0.67183705877999944  0.68045531285498151  0.68861085111165188  0.69608466020828663
  0.70349449026514577  0.71102580937581206  0.71877053804769275  0.72668982850533481
  0.73440984108706042  0.74210773209501313  0.74995070537377917  0.75860151351945637
  0.76808112740977896  0.77821378258820195  0.78820453267852331  0.79765121517313842
  0.80667357952678820  0.81542892191076843  0.82395037922017111  0.83305326109316369
  0.84198096486000928  0.85130109074434013  0.85968995420286931  0.86839916167366815
  0.87771993238661994  0.88808893531257638  0.89824074217333116  0.90787414182489568
  0.91817577583633836  0.93281877383845035  0.95390772381515498  1.00000000000000000
 -0.02082183808815910  0.15475970781633003  0.21046727727107800  0.24651541058584767
  0.27269105451581421  0.29478548479941713  0.31471482214624735  0.33259109316570457
  0.34849511019789337  0.36189158290782913  0.37394437995870089  0.38540652185210927
  0.39626228968324478  0.40624546197937345  0.41583291714030812  0.42491091802543934
  0.43358564560617741  0.44207997963509610  0.45060409701268506  0.45911174092515061
  0.46740952546954706  0.47529373140161224  0.48281967630315509  0.49018451985095424
  0.49743045751686543  0.50458506458309227  0.51159417592064349  0.51810399180718347
  0.52434771050893225  0.53014757014381286  0.53604890276755346  0.54201727895635521
  0.54783394124715845  0.55356422496983970  0.55922142670891017  0.56468887791752231
  0.57020979377303371  0.57540782647048705  0.58037942815719124  0.58530838150478437
  0.59029851741603556  0.59545049223657665  0.60076455169384502  0.60604995518429960
  0.61118654368778624  0.61620648097836528  0.62110958455920973  0.62588209119700555
  0.63058639209793688  0.63524700106453358  0.63988148027549152  0.64433560737718332
  0.64878661874211185  0.65345122062332250  0.65818234016452259  0.66278349522916802
  0.66726532230283897  0.67170189294782512  0.67622821289521151  0.68096927889834891
  0.68591839379858222  0.69113617542725336  0.69644143242884327  0.70166120739772764
  0.70692176790850525  0.71174679041184619  0.71649616361144042  0.72128005033735210
  0.72603200550611047  0.73083715430742713  0.73595348360216106  0.74075564675642780
  0.74565221400599713  0.75069812540325687  0.75606733971993700  0.76151677941139340
  0.76711664558308423  0.77281835058847559  0.77850457718516719  0.78415820857598240
  0.78983688090842807  0.79568527339327522  0.80195618778185618  0.80848990059132897
  0.81537599760966117  0.82239542228176543  0.82994481023758704  0.83844396484958672
  0.84751122178141036  0.85699695059586789  0.86714071679824301  0.87862634734701772
  0.89211240067016451  0.90988071562317951  0.93668505639482846  1.00000000000000000
   4.9656006302746613E-018  -1.0000000000000000     
 F F F F F F F F F T F F F T F F F T T F F F T F F F T T T T T T T T T T F F F F F F F F F T F F F T F F F T T F F F T F F F T T T T T T T T T T
  <DiscreteSampler_grid>
  grouped_processes
  1 # 1 for a reference and 2 for a running grid.
  10 # Attribute 'min_bin_probing_points' of the grid.
  1 # Attribute 'grid_mode' of the grid. 1=='default',2=='initialization'
  0.0000000000000000 # Attribute 'small_contrib_threshold' of the grid.
  0.5000000000000000 # Attribute 'damping_power' of the grid.
 # binID   n_entries weight   weight_sqr   abs_weight
    10   10   4.004970780958667E-005   1.840170886113803E-009   4.004970780958667E-005
    11   10   4.004970780958667E-005   1.840170886113803E-009   4.004970780958667E-005
  </DiscreteSampler_grid>
