 -0.00039529823878115  0.00199585212739634  0.00330314912565388  0.00456063608198043
  0.00592200364583674  0.00742700171925229  0.00910938415876465  0.01093079977329614
  0.01295745171191303  0.01512857481440227  0.01752126825344655  0.02011637847048432
  0.02283461424989461  0.02571311900671296  0.02877693237180312  0.03179003184385403
  0.03488556637254313  0.03814424459365569  0.04150326360291103  0.04507253484233361
  0.04882949087705396  0.05279079535642953  0.05703720839266098  0.06148876964182681
  0.06596880723274998  0.07053936431713478  0.07520435470242225  0.07995250105175034
  0.08472039136978847  0.08964905943120420  0.09472495215751051  0.09998168779079537
  0.10556375568741279  0.11135530309733752  0.11770580054504301  0.12413015394449521
  0.13088039368985768  0.13802051769970428  0.14532416668071377  0.15308381754717995
  0.16111653458723968  0.16941478273840571  0.17804001751837542  0.18676898688651106
  0.19538403176886981  0.20437457767060296  0.21369970230383373  0.22359326694867107
  0.23443062300853648  0.24627611434498145  0.25919653206881244  0.27257193498530730
  0.28640655333453602  0.30128654924990683  0.31750453251629762  0.33512068411647927
  0.35413449447518169  0.37410577503808862  0.39645591393512669  0.42108363669784427
  0.44790713946699900  0.47512567666129635  0.50225978367622970  0.52952921571081091
  0.55589727841375780  0.58302389876703431  0.60919615492607548  0.63407806078866868
  0.65716568157226452  0.67875029212811222  0.69940212404259228  0.71908089120126562
  0.73749419893090051  0.75464355423767548  0.77093013694853885  0.78682234739088330
  0.80224604779358655  0.81648271018412477  0.83008162718539169  0.84297296704868974
  0.85498659197985560  0.86658690816062423  0.87804714121342098  0.88917140357880897
  0.89993365802791458  0.91037679732528598  0.92059762925670174  0.93045667710988511
  0.93999381532489168  0.94931112452403099  0.95816295753492486  0.96683812300618954
  0.97545973846342060  0.98366668958679804  0.99183373833032873  1.00000000000000000
 -0.00241581006139084  0.00903000338547441  0.01869170384422811  0.02958443410015871
  0.04011881758900578  0.05082210891756579  0.06139489068911492  0.07267765376893497
  0.08366708400472994  0.09444783345162090  0.10523309824069259  0.11601216606735001
  0.12672771350848155  0.13723279829155247  0.14775379638339217  0.15811027165980518
  0.16846878425196449  0.17862836779237704  0.18853599459211284  0.19781759103497487
  0.20719948791037257  0.21633222327426335  0.22570872306418116  0.23583778050553766
  0.24596465169334605  0.25589513863384017  0.26581494117287330  0.27605941876587020
  0.28691682492474113  0.29726692534524207  0.30775415323559363  0.31794720933247128
  0.32856686130364965  0.33915840504119610  0.34985847406138365  0.36020164118942799
  0.37037325845196117  0.38074398772716472  0.39105190267027395  0.40101455368590372
  0.41054319910902937  0.41971832389801450  0.42899072882700495  0.43872042473649453
  0.44793003996155578  0.45694017009841698  0.46653095403508732  0.47680511669247017
  0.48761570768031054  0.49881990875080973  0.51009068378695754  0.52126345972202792
  0.53235339440722973  0.54342892135924226  0.55440650790745227  0.56536374075184903
  0.57596709816660885  0.58671685706116872  0.59752217107308281  0.60853919455487848
  0.61986499108860105  0.63118333127794857  0.64255501630332079  0.65402692038380716
  0.66543623743960789  0.67699421023514084  0.68890187375767398  0.70027637155692191
  0.71152880936389529  0.72286749929585514  0.73408254048150079  0.74421508233751521
  0.75405256655780262  0.76403602723056740  0.77407432062274772  0.78396815032012046
  0.79389496149570837  0.80440137562869451  0.81439636586184228  0.82469468133253065
  0.83531088679489773  0.84674597538790208  0.85825035120055138  0.86945786000926106
  0.87956582994999710  0.88887926330346545  0.89873707362840127  0.90912992857331953
  0.91979729814667521  0.93028097250239983  0.94117023989615489  0.95434797400316107
  0.96618386084530494  0.97735170972564911  0.98843630284461681  1.00000000000000000
  0.00078608234200652  0.02033039706250519  0.03752742803662049  0.05235395350262222
  0.06581258991664188  0.07909509735189155  0.09196597492553724  0.10415418453499656
  0.11586533736220300  0.12682647261584862  0.13726816946032352  0.14772975240871036
  0.15834475915509871  0.16873451621757318  0.17922084686337111  0.19002385862201263
  0.20113275437133452  0.21216820802459099  0.22356464293420988  0.23537576720038597
  0.24744228765448817  0.25867308773763037  0.26961359197216822  0.28059087992785980
  0.29165836829971653  0.30286490225458829  0.31424753469929684  0.32567037811067073
  0.33710118745039647  0.34836046256590042  0.35915706252697616  0.36924321456734766
  0.37891202437978688  0.38864053854271502  0.39848572445586233  0.40842064113986060
  0.41845011519136355  0.42865817423308528  0.43868413267056589  0.44761250373717537
  0.45638585895104872  0.46535037100774618  0.47449799850255492  0.48405567914478320
  0.49350296141511152  0.50283212665843602  0.51199060229665649  0.52093197328896790
  0.52956992568660488  0.53811434416739146  0.54660150668153051  0.55511175293196946
  0.56372150871620386  0.57271730540076526  0.58167178958792831  0.59029641406695466
  0.59842542276530675  0.60627308220260234  0.61381079775878389  0.62168281740110987
  0.62949276086159356  0.63734504002536685  0.64487059574386418  0.65276681654638258
  0.66110364534972721  0.67005256141049863  0.67915437362519071  0.68777300967700217
  0.69566207284044246  0.70338672522874923  0.71121350043643949  0.71912782479381765
  0.72722570354834692  0.73548299072638479  0.74385798420093308  0.75240333524954151
  0.76094346651093137  0.76944979053117524  0.77758128813958494  0.78556650224826452
  0.79366587292350299  0.80121068860222000  0.80905976705773364  0.81702597936190169
  0.82544975414640587  0.83362978415718059  0.84360791447378491  0.85406214686976345
  0.86492512098083663  0.87555139889799571  0.88683680351266481  0.89862356120358988
  0.91180599747256219  0.92766047340154167  0.95056364148436756  1.00000000000000000
 -0.01852703545899619  0.14409230865577052  0.19669272935448798  0.23028208553830723
  0.25472895418442565  0.27429415842939142  0.29054607812973621  0.30513364810853238
  0.31805457555492811  0.33008273554965795  0.34175470809856701  0.35296642230838465
  0.36310918385101837  0.37274658983313208  0.38168992397932977  0.39048896905681768
  0.39862396930371796  0.40664588958741577  0.41386231509746102  0.42116326959034794
  0.42829630694434917  0.43559714923413040  0.44234874652699024  0.44875953077886377
  0.45503278035542549  0.46115450162599197  0.46726039190348462  0.47330841657841116
  0.47924939193217142  0.48525353070010163  0.49121797597667560  0.49705926096157793
  0.50279712386123665  0.50843751230632073  0.51401818966331503  0.51967320366137759
  0.52523499572798793  0.53091521626440552  0.53671111013038375  0.54248519268019380
  0.54806049399995227  0.55343626062924334  0.55861184182515944  0.56384613075053136
  0.56928963742527716  0.57460387007402047  0.57985865077394849  0.58529160362126320
  0.59053754359627486  0.59588475281242437  0.60111750069864112  0.60618404479524013
  0.61123870681446513  0.61642758935463882  0.62169902298018975  0.62687566324798916
  0.63193170361462070  0.63672125910688260  0.64133315519900325  0.64600851141733739
  0.65089326363846944  0.65599342696926999  0.66127793972760929  0.66653255847815673
  0.67155009776752461  0.67635171855123344  0.68115176402666178  0.68590890611009747
  0.69086187420706779  0.69609494283651918  0.70138749631365382  0.70663206577183191
  0.71184952061530227  0.71705853928684082  0.72243727966039029  0.72795424013807331
  0.73369422936318474  0.73963723449475782  0.74574365200556458  0.75204118230954475
  0.75834662788690865  0.76448666353837791  0.77065620108303445  0.77710859228802198
  0.78401687631984751  0.79149621296219541  0.79982967949595629  0.80879652848247918
  0.81816362061324666  0.82860129856477382  0.84012236587247646  0.85357826778269597
  0.86975976623232543  0.89020919263669962  0.92095229809553747  1.00000000000000000
   1.2823388001244941E-017  -1.0000000000000000     
 F F F F F F F F F T F F F T F F F T T F F F T F F F T T T T T T T T T T F F F F F F F F F T F F F T F F F T T F F F T F F F T T T T T T T T T T
  <DiscreteSampler_grid>
  grouped_processes
  1 # 1 for a reference and 2 for a running grid.
  10 # Attribute 'min_bin_probing_points' of the grid.
  1 # Attribute 'grid_mode' of the grid. 1=='default',2=='initialization'
  0.0000000000000000 # Attribute 'small_contrib_threshold' of the grid.
  0.5000000000000000 # Attribute 'damping_power' of the grid.
 # binID   n_entries weight   weight_sqr   abs_weight
    10   10   1.463782269024647E-003   7.569322208128490E-006   1.463782269024647E-003
    11   10   1.463782269024647E-003   7.569322208128490E-006   1.463782269024647E-003
  </DiscreteSampler_grid>
