 -0.00003724194256838  0.00060061890748621  0.00116531185622532  0.00171544729282433
  0.00228636606190889  0.00284920725259056  0.00336350605819156  0.00391463098965308
  0.00448596860083422  0.00501359201526724  0.00553175582635218  0.00605297807181094
  0.00651801184416183  0.00692455782449579  0.00731586696796700  0.00770790022031334
  0.00809699830486102  0.00849871489675282  0.00894900288088767  0.00937958087980612
  0.00980568992972160  0.01023388128078613  0.01068190243149291  0.01117180080998937
  0.01166821150558228  0.01220498025998436  0.01274640631566585  0.01321112711314556
  0.01356029918104511  0.01393753426567976  0.01433384977585263  0.01478730607385694
  0.01530372908075805  0.01583587836704245  0.01632827936897539  0.01678557987094062
  0.01722884793489019  0.01764655007877033  0.01819655662245472  0.01881841961020156
  0.01941979928079463  0.02003312761752492  0.02048942124836400  0.02105337502373812
  0.02162527591005365  0.02219941675680655  0.02276342949238356  0.02330783207720740
  0.02388372217845166  0.02452797052369769  0.02525412659895030  0.02576120238858237
  0.02622602437105253  0.02665866659465373  0.02736734098217839  0.02833360121416563
  0.02950538553089334  0.03055890751634539  0.03215425848499761  0.03401182668804623
  0.03591379415679236  0.03911824743407092  0.04232270071134948  0.04552715398862804
  0.04723257706453709  0.04848947288094228  0.04974636869734748  0.05069238919963529
  0.05139300297168781  0.05214718618620991  0.05299887024439961  0.05378510315420599
  0.05448001040499379  0.05522331390237818  0.05595727209850659  0.05680084933915604
  0.05763642928484946  0.05867969494975742  0.05973461702680118  0.06093379225040465
  0.06203982471496278  0.06326097753806580  0.06451847927714757  0.06731428026839616
  0.07026186345602080  0.07436157834413083  0.07872830883322268  0.08186147676701502
  0.08470517430314553  0.08824671966146626  0.09213848076037877  0.09689732674510969
  0.10170051102771932  0.10808571492530103  0.83258047352547027  1.00000000000000000
 -0.00207881953762310  0.00960864060314323  0.02039824937875530  0.03256379223826512
  0.04032791088011716  0.04518771483696078  0.04978097687281097  0.05481747384860672
  0.06135990438171111  0.07354885122354239  0.08621714045058342  0.09913409239051085
  0.11098681570351780  0.12202439433323677  0.13323593242401555  0.14577017111044116
  0.15916142248610021  0.17236846162824104  0.18510251133500330  0.19841021328429584
  0.21207291859276908  0.22405900497192865  0.23672557865040911  0.25095539757946961
  0.26428948694442872  0.27633364824792828  0.28788213061767659  0.29674883647576095
  0.30464085534225832  0.31224639000383031  0.31982925703350079  0.32754391246342068
  0.33618219213722461  0.34533638863170130  0.35447621194497475  0.36282618559966295
  0.37184109555009681  0.38030500543473172  0.39066272814449710  0.40046766338076084
  0.41102766542269137  0.42554298430884341  0.44162719944318485  0.45815548661978839
  0.47413699980646579  0.48820941445547977  0.50051862861110086  0.51266867036040653
  0.52240729743087788  0.53019858870087211  0.53866017931863019  0.54706278870523650
  0.55540471804100267  0.56373497186324928  0.57217996443059405  0.58075444165315837
  0.59169823289290491  0.60374704161308024  0.61597772573291432  0.62624985531775867
  0.63472990079910907  0.64245133575164293  0.65010435477187412  0.65766670467595012
  0.66667069499400633  0.67608242376856131  0.68535399240180828  0.69502515288726641
  0.70501027302123398  0.71479307702997785  0.72528574578648275  0.73648227109523767
  0.74885664872301327  0.76304394505978379  0.77594729593887035  0.78803282480754488
  0.79903878306948006  0.81019390301452943  0.82195238708290630  0.83405394440521730
  0.84673898085986399  0.85710780095229600  0.86600738883114536  0.87578343663564040
  0.88591924315944914  0.89566865455468980  0.90738463423072613  0.92002338284993535
  0.93253154706157326  0.94485361009263413  0.95568275184505069  0.96568799521868476
  0.97340296893373535  0.98121236786933763  0.98951623730223159  1.00000000000000000
 -0.00444201298291058  0.07013488784159246  0.12291489234320323  0.17005072757586279
  0.21121739861721045  0.24792914045235948  0.28138402234607440  0.31122002870464943
  0.34020026103191436  0.36799556565097674  0.39258036934147217  0.41433720762697801
  0.43352471555705457  0.45115475193083832  0.46968427493851395  0.49060644532003900
  0.51127760929535471  0.52714438375249439  0.54060673960436800  0.55341327939949037
  0.56558114406136539  0.57835465290539179  0.58993963707880426  0.60065097866320494
  0.60964657272311129  0.61787120578397581  0.62582476848542279  0.63337201313764979
  0.64054693009048236  0.64811453513711836  0.65576297487026280  0.66382102051363368
  0.67252774307418484  0.68217404854795038  0.69148396513087196  0.69915754476835723
  0.70653113090245345  0.71350526444118545  0.72146521812603503  0.72953241920257927
  0.73645676378984104  0.74266815011754339  0.74831623169937433  0.75301696375003957
  0.75728983795923788  0.76183617480599575  0.76632074448321275  0.77037298444305236
  0.77437461483771552  0.77833448164096908  0.78277934271432392  0.78661197144905992
  0.79019507292056401  0.79399494858169495  0.79834407661616780  0.80314388229640243
  0.80728169870129274  0.81199095940744459  0.81761888537333915  0.82419835543291564
  0.83127872167134631  0.83611674627428478  0.83951350123210211  0.84298033670271943
  0.84649633865989304  0.85027988853547110  0.85402281113729095  0.85832407702760405
  0.86211165551047686  0.86588115935259180  0.86965815233322530  0.87334422857081817
  0.87699588343992863  0.88081933943525437  0.88479627899907354  0.88902255573166622
  0.89417275108548733  0.90049702187533420  0.90701258323206790  0.91190059120258038
  0.91648087122704369  0.92088606851480392  0.92483256662193725  0.92872786202043622
  0.93243084078779004  0.93610756124493588  0.93980325414005128  0.94402634028247667
  0.94795071006802012  0.95192925351866309  0.95624062066223059  0.96070110191526070
  0.96549661212845961  0.97128669492102315  0.98081531513008524  1.00000000000000000
 -0.01732411576891564  0.10700162205274164  0.14257613838609268  0.16495540234218803
  0.18660866856396313  0.20563992677363060  0.22300175597823105  0.23509051156699423
  0.24734749246955795  0.25781965301997228  0.26784062739812736  0.27591589156741375
  0.28301665571492873  0.29003735053402618  0.29759430317266949  0.30481325977441165
  0.31173786743574833  0.31834003094436819  0.32527324738682545  0.33190072677221871
  0.33844322053373588  0.34497705785175120  0.35160067219938568  0.35822072015320472
  0.36447246446066134  0.37056468681584498  0.37668491218506422  0.38285461321489073
  0.38870730779607493  0.39385043690901678  0.39860161850805254  0.40285488596828262
  0.40749321531834626  0.41241460060965118  0.41675009718350642  0.42108338461824041
  0.42578534849046784  0.43048675676688442  0.43540997683921756  0.44133840140513764
  0.44872495104065191  0.45685476606480363  0.46500305184734037  0.47296107967035050
  0.47976811414100895  0.48662775880448994  0.49265573741139651  0.49804932540085761
  0.50300532630262174  0.50740575911851304  0.51198796786250667  0.51718620472331189
  0.52321577140879139  0.53054537806654067  0.53984481782352922  0.54873938669934563
  0.55651526699359666  0.56316478373640999  0.56915579905079416  0.57497226114168232
  0.58056569919530576  0.58670733611114190  0.59278330127981260  0.59965994253998545
  0.60592853727248275  0.61119142673501081  0.61623247643828705  0.62065980065737392
  0.62511380569728481  0.62978083157140019  0.63462789462232871  0.64081330261638725
  0.64738811786934780  0.65314665537312944  0.65802398102526094  0.66300780174381957
  0.66867543281592368  0.67815177633032697  0.68719142877227068  0.69730098962970832
  0.70718812030130440  0.71606304415580091  0.72535945307745353  0.73539037491179227
  0.74697360135272861  0.75990813208732144  0.77165828242174583  0.78136612679462669
  0.79075911465393134  0.80017192046365238  0.81659805225010340  0.83258662239434211
  0.85067540981908119  0.87587485656395858  0.91383169312064616  1.00000000000000000
   3.3142577928154444E-014  -1.0000000000000000     
 F F F F F F F F F T T T T T T T T T T T T T T T T T T T T T T T T T T T F F F F F F F F F T T T T T T T T T T T T T T T T T T T T T T T T T T T
  <DiscreteSampler_grid>
  grouped_processes
  1 # 1 for a reference and 2 for a running grid.
  10 # Attribute 'min_bin_probing_points' of the grid.
  1 # Attribute 'grid_mode' of the grid. 1=='default',2=='initialization'
  0.0000000000000000 # Attribute 'small_contrib_threshold' of the grid.
  0.5000000000000000 # Attribute 'damping_power' of the grid.
 # binID   n_entries weight   weight_sqr   abs_weight
    10   10   1.068603379263317E+000   6.858773066015782E+000   1.068603379263317E+000
    11   10   1.068603379263317E+000   6.858773066015782E+000   1.068603379263317E+000
  </DiscreteSampler_grid>
