 -0.00002821575755357  0.00069278656443637  0.00134545865929657  0.00198781569264300
  0.00261907530465844  0.00328136955347813  0.00391046688344472  0.00446524840930283
  0.00505456195832262  0.00566036025159047  0.00624595256321486  0.00679865475674698
  0.00733508447233641  0.00787717353738776  0.00836745723805886  0.00887178779781995
  0.00938841445224594  0.00991324444767463  0.01039396619923627  0.01087471264980841
  0.01139034708104724  0.01193737602665604  0.01250922925732333  0.01307957389483302
  0.01364674056961810  0.01426360517270433  0.01492787326739310  0.01557185093749163
  0.01618692928013850  0.01684633860681184  0.01749602183034550  0.01816912924955996
  0.01880902599209481  0.01936825778491964  0.02013694926751545  0.02089621646528971
  0.02162419992870653  0.02229601372738783  0.02288903928063490  0.02348326020220226
  0.02414620965468355  0.02486606906505680  0.02570901800837281  0.02653527804623748
  0.02740555102049794  0.02821506427966520  0.02901973766042865  0.02983619937993729
  0.03064582823688470  0.03149132641699934  0.03238028004881231  0.03326717362294912
  0.03411362224677609  0.03492117983910225  0.03574408518129481  0.03656252115364662
  0.03737218992433938  0.03810660213230011  0.03888719052875694  0.03970384088962910
  0.04060708449131888  0.04153299352554485  0.04241636115703138  0.04328914314743462
  0.04416037426695301  0.04493429677693402  0.04574513784213460  0.04658573530052811
  0.04748973551496823  0.04848260969768796  0.04950075566352600  0.05047440723677545
  0.05138467544132228  0.05221422149944920  0.05304092371418134  0.05399689895305106
  0.05470204847293552  0.05573588457500310  0.05713164151415612  0.05857482404201091
  0.06005084176133237  0.06174439619270481  0.06370808788963767  0.06571613137863869
  0.06778715030012479  0.06902888935718210  0.07010521903844723  0.07121905048611936
  0.07216702373290179  0.07319357135911421  0.07430705710401785  0.07579961004516303
  0.07775048355217526  0.08026071496413904  0.34872423258225138  1.00000000000000000
 -0.00171111257291375  0.00871639186605117  0.01722055835639649  0.02615020684217089
  0.03535390679410465  0.04421919060285417  0.05316085479147067  0.06171784486446111
  0.07222524041971111  0.08336273549517058  0.09464389343571648  0.10612070025175008
  0.11731323347344620  0.12876184801399998  0.13940821494062614  0.14834506856092644
  0.15566596543271208  0.16297762930667434  0.17044259692286390  0.17795755517636383
  0.18604096690656372  0.19397022776662215  0.20126601466923752  0.20852741450970111
  0.22001668875133865  0.23470494517059748  0.24970223603324834  0.26302133666617411
  0.27476264025944402  0.28518702881706909  0.29629165883343572  0.30873237501345041
  0.31980023739909813  0.33007808603881217  0.34003242699670599  0.35004954225877921
  0.36035119261235521  0.37101678730803184  0.38481653534803112  0.40080056143842074
  0.41604497341205332  0.42987656483490466  0.44192877900034050  0.45355273116417782
  0.46445838274246465  0.47477339392616369  0.48659066876074597  0.49865588099313063
  0.50951624639496973  0.51933514884676502  0.53024979553708373  0.54134067693689136
  0.55243688405183056  0.56441187111932101  0.57835176770455698  0.58938360073366425
  0.59893267254995286  0.60885928043288862  0.61771756808821265  0.62583652656879385
  0.63353948571687591  0.64239269212809547  0.65242804475993488  0.66263881063985797
  0.67261535895022406  0.68234924443246836  0.69241163035448805  0.70510584027106837
  0.71677675314592304  0.72899608208569311  0.74312656026246138  0.75815294013246515
  0.77249510787968667  0.78349232784847689  0.79396823156739293  0.80451761263188515
  0.81319364282181861  0.82014876624140809  0.82648507818364869  0.83341830290564634
  0.84254071229095406  0.85244245767553128  0.86170617063724309  0.87139462887808150
  0.88077410129982281  0.89013872033634078  0.89892779599352768  0.90859479167521795
  0.91868651600194529  0.92925570988500938  0.93838503173970689  0.94905379243323862
  0.95898493512584548  0.97302367599952100  0.98699176879855732  1.00000000000000000
 -0.00581160425454658  0.07945536040932002  0.13469503665366012  0.18374089821831560
  0.22589412866842620  0.25981095056517739  0.29161920331137081  0.32351633470350610
  0.35155763151586861  0.37767733191734038  0.40327806432734098  0.42552181274702544
  0.44188852272076690  0.45721594566292423  0.47363287202456872  0.49065509828807441
  0.50819426550048552  0.52245231775411982  0.53598919837719172  0.54859220828747424
  0.56203292882412159  0.57416434143698936  0.58514225945522580  0.59640711901634957
  0.60849430975748164  0.62329331139126254  0.63701116490535004  0.64734566058969245
  0.65605442328572960  0.66398681081494015  0.67121500376559418  0.67844451096552605
  0.68557487169222875  0.69361760331820421  0.70173110362316915  0.70946566277388967
  0.71652485287245227  0.72232677829924719  0.72819541253049513  0.73441349461256211
  0.74112835312606773  0.74770441769516283  0.75383265974832714  0.75932584228760014
  0.76425086302976197  0.76913207822098628  0.77450360070329904  0.78005345217482047
  0.78663798055859013  0.79241383860270798  0.79677869717477068  0.80110777618691742
  0.80629699403457922  0.81146565045837571  0.81634097315303278  0.82088138053499593
  0.82532944836157440  0.82971807230349581  0.83385690621229414  0.83782197388511637
  0.84213507510232710  0.84686326152575397  0.85154159952519448  0.85606033827093830
  0.86071176341783551  0.86512731850986357  0.86971177212259587  0.87440748145703662
  0.87791170341614633  0.88154537081611262  0.88503692801854406  0.88839875483881470
  0.89180965276561108  0.89550520839048542  0.89893397288081589  0.90202255382127616
  0.90532226440696140  0.90864240897315696  0.91180713357881882  0.91491696919324939
  0.91789639624827746  0.92091730032765118  0.92405772965057698  0.92712284384190213
  0.93004200534173365  0.93304092693992235  0.93602998887765609  0.93919488394086814
  0.94232419966267522  0.94539901925738379  0.94882466848506775  0.95207003086635733
  0.95597409870086980  0.96160236475987948  0.97211259242509895  1.00000000000000000
 -0.02334663304926101  0.14125574376867583  0.18254225434446153  0.20985241774705543
  0.22952294244833285  0.24274135875729894  0.25348175546131835  0.26424937951427613
  0.27446066592027596  0.28408344500344507  0.29374455479940376  0.30361607066011859
  0.31288650436490167  0.31973794045739823  0.32413946502403357  0.32955481096784350
  0.33482204016792655  0.34079345008405754  0.34591316678125383  0.35058838341400866
  0.35538706595644109  0.36059335716403546  0.36581339130837465  0.37078952951736355
  0.37609227883171920  0.38219944602288758  0.38849382851273712  0.39386524193416922
  0.39868427584140192  0.40316029717556862  0.40796457441766898  0.41327086505054378
  0.41888726196929232  0.42442359811095698  0.42954685942711218  0.43418052547575064
  0.43961840688348308  0.44521454873927402  0.45118856454968637  0.45690467125118084
  0.46210491073366861  0.46652452328493427  0.47134723484476071  0.47626675277033437
  0.48070760384550404  0.48437711776953069  0.48847098724185628  0.49239894394654676
  0.49695855494280039  0.50149723736793528  0.50591019101790258  0.50951144911838220
  0.51318541363223147  0.51708497271250964  0.52182912068955611  0.52649887986137767
  0.53090297991294833  0.53522012003522856  0.53913211327186394  0.54384604533584568
  0.54952748872074930  0.55534043487314955  0.56080086334991242  0.56679216605977722
  0.57254013438441620  0.57872086726440919  0.58548501320414581  0.59243697911738935
  0.59940803958299727  0.60619594855640535  0.61253715299139189  0.61842039862087461
  0.62377665992439857  0.62878289980583502  0.63321064161080953  0.63781747243966802
  0.64254018398270896  0.64731271795522316  0.65226637397382858  0.65769423501210711
  0.66330646259504000  0.66926312156701695  0.67560504002375865  0.68207160075203144
  0.68995369727007239  0.69876784532628178  0.70831436715733720  0.71807376815744905
  0.72886619471789882  0.74104765338210210  0.75662063769720656  0.77579832293985340
  0.79757911645693236  0.82391735697682911  0.86614515037044981  1.00000000000000000
   9.5068943842913169E-012  -1.0000000000000000     
 F F F F F F F F F T T T T T T T T T T T T T T T T T T T T T T T T T T T F F F F F F F F F T T T T T T T T T T T T T T T T T T T T T T T T T T T
  <DiscreteSampler_grid>
  grouped_processes
  1 # 1 for a reference and 2 for a running grid.
  10 # Attribute 'min_bin_probing_points' of the grid.
  1 # Attribute 'grid_mode' of the grid. 1=='default',2=='initialization'
  0.0000000000000000 # Attribute 'small_contrib_threshold' of the grid.
  0.5000000000000000 # Attribute 'damping_power' of the grid.
 # binID   n_entries weight   weight_sqr   abs_weight
    10   10   1.788167410193364E+003   2.038295931483972E+007   1.788167410193364E+003
    11   10   1.788167410193364E+003   2.038295931483972E+007   1.788167410193364E+003
  </DiscreteSampler_grid>
