 -0.00003028326002434  0.00054471569157939  0.00103628568806968  0.00151226005323430
  0.00199053506738262  0.00248054798847935  0.00291981752273274  0.00333418423958022
  0.00375209936416355  0.00417091422558153  0.00458364617329589  0.00497716054760875
  0.00536835715722067  0.00574401535946151  0.00609932114987396  0.00645572784542659
  0.00682131603412885  0.00719595763207628  0.00755051581357510  0.00789270086183394
  0.00825551116491978  0.00863399206539049  0.00903104948519411  0.00945872046105577
  0.00992773027999530  0.01042274832568064  0.01090302048278765  0.01133433646740450
  0.01174197289933224  0.01216773288789728  0.01257900105409590  0.01302376890072980
  0.01350113008459628  0.01399467930909033  0.01447937308770682  0.01475955407193852
  0.01505580245906253  0.01535012036542487  0.01565305682005671  0.01597550862410433
  0.01632084579276131  0.01667888198330951  0.01702401687731108  0.01737310498469465
  0.01764227185963062  0.01790324339112804  0.01817411248068898  0.01846329273114562
  0.01879634981177524  0.01913941432298364  0.01948620050690986  0.01995310334954129
  0.02076267781118234  0.02155488441962492  0.02204748151914367  0.02242010743419851
  0.02276239544422802  0.02307296752307451  0.02338647916067441  0.02372579372366967
  0.02410671520844490  0.02454910356040488  0.02502739470066595  0.02548635455327034
  0.02585409136908413  0.02617925543808454  0.02649245760109640  0.02690479732509365
  0.02736721712329418  0.02773351822166241  0.02835471378898542  0.02909256978892340
  0.03062725125647604  0.03220364751544684  0.03431163919873587  0.03641963088202489
  0.03854805331088908  0.04126584792888772  0.04398364254688635  0.04654673997089882
  0.04789632779161693  0.04924591561233504  0.05056932131374839  0.05189259007543622
  0.05361947259385362  0.05592548075624885  0.05761838093707696  0.05937381536243433
  0.06225747190368650  0.06730626822627915  0.07235506454887181  0.07740511223838455
  0.08245683269493341  0.08750855315148226  0.53893284914402451  1.00000000000000000
 -0.00135810073756342  0.00737364864538465  0.01333814680011637  0.01915700574540570
  0.02511016150064161  0.03243554709267907  0.04035755099879146  0.04898219274297164
  0.05772253672332774  0.06722107864361634  0.07911159809089244  0.09125832240977935
  0.10324676935403418  0.11605234054688567  0.12867780381207947  0.14268694486517530
  0.15613461063317274  0.16961512972526510  0.18278474512850967  0.19521798708382440
  0.20787340858302519  0.22112901176334912  0.23328956106973867  0.24373610557625816
  0.25181576397578531  0.25947076681641951  0.26761213991238991  0.27677611955798520
  0.28727214738204909  0.29831840138399651  0.31085962084309465  0.32753561819226856
  0.34517081395097149  0.35956752327080643  0.37125774596148226  0.38260495975163716
  0.39403072518930005  0.40457721249942824  0.41458183655146069  0.42366041514071484
  0.43332896167724227  0.44317310870799220  0.45244326362325221  0.46242009937245526
  0.47171579412808418  0.48204897274943548  0.49421587339051198  0.50653634492148669
  0.51719782277218407  0.52585492332741468  0.53492950617095814  0.54396258365885641
  0.55154931105063598  0.55918961011409962  0.56782243419201828  0.57366251755408559
  0.57976726396327283  0.58596991280414845  0.59215795121770143  0.60118698524122882
  0.61208759934050527  0.62196882511458196  0.63103714767328833  0.64012332370278413
  0.65062256469514668  0.66451539726071995  0.67806725850955141  0.69110940595678216
  0.70420015868107955  0.71728892273765099  0.72983059538770545  0.74097372150937735
  0.75102985289104185  0.76154549153325912  0.77271202801223471  0.78333338265176644
  0.79601027485816189  0.81046283388381790  0.82459472093037911  0.83814455027791956
  0.85187284558520238  0.86403219858963409  0.87508097949384378  0.88463687522006607
  0.89400146064288133  0.90334282718467018  0.91277964741149697  0.92165110758493352
  0.93039376173609467  0.94001755303422230  0.95020724221615327  0.95895678371949744
  0.96664647634518053  0.97433508325571694  0.98546641555873549  1.00000000000000000
 -0.00569121274160034  0.07299429196669364  0.12457856446632516  0.16443636406908824
  0.19851124254512045  0.22941985476957918  0.25991288778505334  0.28762502686696612
  0.31327006732013646  0.33552900811001807  0.35530667902836671  0.37395259583799945
  0.39215797376674805  0.40973704487862800  0.42639942260992364  0.44155849696601585
  0.45433428000785431  0.46681240427706433  0.47960501513348225  0.49137742330185630
  0.50193172105002093  0.51504211616525031  0.52815893836036099  0.54051395199390162
  0.55358375593668396  0.56561285237167314  0.57564723798836037  0.58576754994099012
  0.59549855724396084  0.60470782025557523  0.61346501647827689  0.62216358819056705
  0.63070844254719727  0.63860588286845732  0.64576186870391905  0.65199523368525458
  0.65798676123512978  0.66389915578541581  0.66969425542481664  0.67548416967893143
  0.68084042745733575  0.68586656671973889  0.69213235630955638  0.69899015857998126
  0.70635729632903321  0.71393454734983886  0.72187361472853606  0.72940229658624445
  0.73602772886598078  0.74190005608565013  0.74700330069146148  0.75257904757769967
  0.75747577504441876  0.76226462988392885  0.76750882392778819  0.77243231319096661
  0.77693636227443252  0.78132578088579496  0.78578246813366570  0.79002020297394338
  0.79404507144541037  0.79802820780174988  0.80219609683979909  0.80665614700272747
  0.81099842101272468  0.81508428897567864  0.81923384318076409  0.82290597311237712
  0.82642161287170224  0.82979877509691802  0.83288240668700564  0.83699917891821007
  0.84143941890302376  0.84603370734014038  0.85037173654756792  0.85446119584592894
  0.85852146176057809  0.86277459341786544  0.86768082903883592  0.87205186974692872
  0.87680772508910576  0.88194463464678408  0.88732205941845910  0.89333298919193582
  0.90087891024364852  0.90690823021011180  0.91288020094183542  0.92043139727625922
  0.92751668931538678  0.93180591402381485  0.93739591046669823  0.94501414153382357
  0.95217754393703447  0.95937820454415879  0.97245462525229909  1.00000000000000000
 -0.01984256611186954  0.13219676350378984  0.18472737591944721  0.21502878694014257
  0.23638501913866838  0.25632184574256617  0.27573648280736218  0.29513330627894746
  0.30975108715213712  0.32198335925613969  0.33335140573542116  0.34447404817154281
  0.35544950413889131  0.36632878922999013  0.37692158825231226  0.38610471316564898
  0.39373749679922199  0.39983604714319482  0.40551481029403286  0.41100097603320085
  0.41634944463223245  0.42359613123947765  0.43171852238854219  0.44035477143410118
  0.44907939237485806  0.45631733360924115  0.46246972498988487  0.46732286398734407
  0.47308633732133609  0.47948518481325575  0.48592746875974174  0.49222319159445960
  0.49740402611233187  0.50221586049461930  0.50717277168885955  0.51229399876643034
  0.51832254606534145  0.52413045449815199  0.52977282660205871  0.53538994925635364
  0.54076276722835692  0.54668375939736513  0.55257761631286872  0.55870610241529539
  0.56575029659221554  0.57284677577934506  0.57915842646391835  0.58475207540881768
  0.59017616932940675  0.59566518822800152  0.60163391785856524  0.60848874409568465
  0.61554065132163660  0.62308676191939483  0.62765987027926351  0.63163722306059367
  0.63579164494009621  0.64061190029559711  0.64544778639527900  0.64989859590234533
  0.65401588802484079  0.65791399255691874  0.66153443023305702  0.66525267012672373
  0.66920700004603284  0.67333912991896516  0.67732794946018526  0.68101181667341293
  0.68448039808848837  0.68812584018809331  0.69282724308898014  0.69804022986740633
  0.70344486392585370  0.70926505566242382  0.71576871718150670  0.72120037159213102
  0.72652420980559873  0.73160980551963828  0.73633057334789487  0.74079502212841775
  0.74728689605186804  0.75306995873309990  0.75898688363656519  0.76554701758119648
  0.77336331785427492  0.78123423667059622  0.78841824053956566  0.79661033263033787
  0.80651594493339063  0.81731160680838866  0.82952456980701073  0.84381694769730076
  0.86235193386713183  0.88469680498894077  0.91914067005695488  1.00000000000000000
   1.6627202072867489E-027  -1.0000000000000000     
 F F F F F F F F F F F F F T F F F F T T T T T T T T T T T T T T T T T T F F F F F F F F F F F F F T F F F F T T T T T T T T T T T T T T T T T T
  <DiscreteSampler_grid>
  grouped_processes
  1 # 1 for a reference and 2 for a running grid.
  10 # Attribute 'min_bin_probing_points' of the grid.
  1 # Attribute 'grid_mode' of the grid. 1=='default',2=='initialization'
  0.0000000000000000 # Attribute 'small_contrib_threshold' of the grid.
  0.5000000000000000 # Attribute 'damping_power' of the grid.
 # binID   n_entries weight   weight_sqr   abs_weight
    10   10   4.168323784546823E-014   8.283276294611405E-027   4.168323784546823E-014
    11   10   4.168323784546823E-014   8.283276294611405E-027   4.168323784546823E-014
  </DiscreteSampler_grid>
