  0.00000074033622195  0.00000450301264541  0.00001036865140925  0.00001571882977224
  0.00002066300087649  0.00002544062086480  0.00003015247093874  0.00003483889962602
  0.00003952298164146  0.00004424929492374  0.00004900867696946  0.00005382646075845
  0.00005874870079086  0.00006375736189518  0.00006892460847750  0.00007413956551583
  0.00007941589243588  0.00008476755565362  0.00009029925589689  0.00009615820108857
  0.00010212551681064  0.00010828673168316  0.00011460191225325  0.00012113043024485
  0.00012781261837372  0.00013463927745492  0.00014163081956138  0.00014881124229952
  0.00015620712100999  0.00016380617566694  0.00017165105389320  0.00017969585044350
  0.00018796051623537  0.00019647332371868  0.00020563767884701  0.00021509291828767
  0.00022479138430836  0.00023479143251298  0.00024509365475566  0.00025588464966508
  0.00026692342191464  0.00027859374257613  0.00029063879205294  0.00030340676069082
  0.00031669145669022  0.00033061167277853  0.00034512888006494  0.00036022867989415
  0.00037607030236213  0.00039250043574482  0.00040981316781607  0.00042778634961913
  0.00044673488248881  0.00046712802541659  0.00048826227781194  0.00051083083539418
  0.00053419426869577  0.00055919384176705  0.00058557050707122  0.00061366355740720
  0.00064355629754782  0.00067457554186622  0.00070724348267323  0.00074155211823483
  0.00077837694004839  0.00081760453818577  0.00086010229507118  0.00090517879592584
  0.00095434642925489  0.00100799540240732  0.00106773808836086  0.00113305784982745
  0.00120508357163954  0.00128422523525900  0.00136947331380675  0.00146223826190557
  0.00156520213444284  0.00167747409556315  0.00180215845143351  0.00193794181271621
  0.00209419934619686  0.00227156425278431  0.00247174866085215  0.00270975234920436
  0.00297860386258065  0.00329292531732369  0.00366640277433450  0.00413012127070522
  0.00473988926599141  0.00559713392873850  0.00677163830994883  0.00842561875002327
  0.01079205416425719  0.01809459429936594  0.20014260285269703  1.00000000000000000
 -0.00262312791813829  0.01021718817999185  0.02100370511442351  0.03151985566508560
  0.04198897112463300  0.05220906274466280  0.06278205404042510  0.07336188816141030
  0.08406660939717236  0.09487322612310695  0.10574111599071066  0.11658439946095461
  0.12733505092842967  0.13801173518557661  0.14854634025614333  0.15903773323290743
  0.16944072046800343  0.17978952610878765  0.19013602614622846  0.20059007181782681
  0.21106746079929128  0.22173431969042959  0.23247769442934355  0.24340319611552488
  0.25411541419003353  0.26475055857828472  0.27515616651132052  0.28561229848613640
  0.29607060934645707  0.30663550073737134  0.31721039467102452  0.32787551769012246
  0.33866238636000123  0.34934766088359465  0.35995958040559289  0.37051828334744813
  0.38100871751755738  0.39134886905828387  0.40177158181143741  0.41224954706233924
  0.42263899308134917  0.43286255104813803  0.44342129856687795  0.45430240794142163
  0.46521914875703457  0.47602959392523270  0.48686210120702017  0.49771875221757578
  0.50832927175570863  0.51895563871929340  0.52952645359236505  0.53997987428311645
  0.55035616583564284  0.56041432478680464  0.57076330558735910  0.58100485721054573
  0.59143356045871853  0.60184840618023983  0.61242873680721821  0.62300848290511845
  0.63327372950664274  0.64368437983273641  0.65451253869717940  0.66537284459788926
  0.67584458813226611  0.68616843012958972  0.69677491405170000  0.70745738219957222
  0.71805340938862861  0.72854434336946716  0.73898160309182559  0.74918449375368212
  0.75956222304929100  0.77002639076262713  0.78062306143007620  0.79107744748605746
  0.80155925541243522  0.81222894072209462  0.82278898804791567  0.83341050542694861
  0.84367130790942746  0.85398519218099256  0.86423135288876130  0.87447441456953068
  0.88468966451372100  0.89490868305045279  0.90555097569576726  0.91621944106031261
  0.92671790628908424  0.93730399510911577  0.94783090936785264  0.95846550610748404
  0.96901390363672890  0.97952511814760002  0.98985936704955690  1.00000000000000000
 -0.00393343628443387  0.02508200621113514  0.04622902670556677  0.06395549873113077
  0.07979198339774755  0.09445276438375540  0.10833487096426979  0.12165334247241648
  0.13434321215793460  0.14643711060012629  0.15810645803959486  0.16944733428014644
  0.18053961091618453  0.19127155882946739  0.20164900957566195  0.21166458497199903
  0.22140821916691830  0.23110520921987818  0.24072455339211138  0.25034996539826576
  0.25982906948111145  0.26911530582916610  0.27808643807633882  0.28687004790917459
  0.29565061068678239  0.30442798517776559  0.31321282689816643  0.32192042231336038
  0.33058088540621450  0.33918319199160218  0.34767152595427941  0.35607585475352738
  0.36447922353441392  0.37281884006053695  0.38120487985569285  0.38955881021393884
  0.39780041910150193  0.40594459083249168  0.41400157854635877  0.42199590610326260
  0.42989775808819392  0.43775171352346803  0.44553286990227164  0.45326079130795066
  0.46093968709767802  0.46848562399330773  0.47607041226150049  0.48368324741407037
  0.49136926587373070  0.49899105500077900  0.50661212136443123  0.51426817984212192
  0.52199771740195222  0.52980656007273874  0.53760896427576377  0.54540434201904564
  0.55318155071991570  0.56092274454966840  0.56881821962203627  0.57685245281020303
  0.58499587870161673  0.59327916937569525  0.60150919489992838  0.60973716468899575
  0.61788004161034982  0.62604710406605224  0.63437522286124559  0.64278262968964062
  0.65120712967083949  0.65949022053137041  0.66786255514508319  0.67621748142618532
  0.68458316152582577  0.69291592411166725  0.70120611048711923  0.70970209345795510
  0.71852151601547209  0.72752010415040158  0.73698078100435782  0.74660116945534205
  0.75658878034747945  0.76667268975167424  0.77695601519192214  0.78741460638896654
  0.79841090912114465  0.80988041069605110  0.82136858019316050  0.83313057103511146
  0.84553777859589829  0.85870957981424012  0.87263293519628038  0.88802174372329246
  0.90542509785372072  0.92618893579560291  0.95352857435067850  1.00000000000000000
 -0.01877370033957592  0.10891007840051897  0.14499617811610091  0.16719509692877596
  0.18483974113862073  0.19980791255923994  0.21285204325983523  0.22468139910878479
  0.23560722605426723  0.24587545643994468  0.25561027540621534  0.26495796657053605
  0.27387116491910612  0.28244437813559070  0.29078253385378527  0.29894485639229140
  0.30691705237389799  0.31461901980564561  0.32197766332585509  0.32916667219131690
  0.33623960958360599  0.34313688570267703  0.34997676904948893  0.35668753656160002
  0.36326097172556926  0.36977328836402762  0.37621222139183458  0.38262020247872930
  0.38898668574320855  0.39525643148798706  0.40136282726524125  0.40736621229983028
  0.41341555608942454  0.41937569461462937  0.42525779140026987  0.43106323901931165
  0.43681506827039057  0.44244950610796013  0.44800748837992910  0.45351258015885915
  0.45898255027557056  0.46446725120460020  0.46998138618501489  0.47548373101207814
  0.48095438042165378  0.48638293215928396  0.49175314018939037  0.49714223448030892
  0.50251323000231762  0.50801198346450915  0.51353689792372548  0.51909000719487430
  0.52468929665244246  0.53028387931442011  0.53586627333780779  0.54144855681656456
  0.54702903441992723  0.55263529430931291  0.55826468251172556  0.56398704989318327
  0.56980688271187219  0.57568184567875846  0.58156585291826102  0.58746181772670025
  0.59343968399475511  0.59945456525717367  0.60561331789027073  0.61188620681183159
  0.61818496951687452  0.62448102724663623  0.63075606777218396  0.63705314380013489
  0.64346145623418838  0.65004387178704992  0.65682248277211452  0.66366345139301630
  0.67068704484301755  0.67797919762320003  0.68539567946088087  0.69310502391760342
  0.70087450469135126  0.70881142816964382  0.71706217260560545  0.72561128030613398
  0.73457522817075105  0.74389762232812717  0.75362568705177713  0.76380153024326358
  0.77466394337091404  0.78649460226838785  0.79970531866164618  0.81478294999083289
  0.83255593311307163  0.85505142961729941  0.89088394177285968  1.00000000000000000
   2.1808218631742668E-003  -1.0000000000000000     
 T T T T T T T T T T T T T T T T F F F F F F F F F F F F F F F F
  <DiscreteSampler_grid>
  grouped_processes
  1 # 1 for a reference and 2 for a running grid.
  10 # Attribute 'min_bin_probing_points' of the grid.
  1 # Attribute 'grid_mode' of the grid. 1=='default',2=='initialization'
  0.0000000000000000 # Attribute 'small_contrib_threshold' of the grid.
  0.5000000000000000 # Attribute 'damping_power' of the grid.
 # binID   n_entries weight   weight_sqr   abs_weight
    10   10   1.701212352498947E+008   4.684455287587696E+016   1.701212352498947E+008
    16   10   1.701212352498947E+008   4.684455287587697E+016   1.701212352498947E+008
  </DiscreteSampler_grid>
