 -0.00011324124624020  0.00103846788827468  0.00179993674437133  0.00245313652151508
  0.00299727776941258  0.00356959386431411  0.00407590318878656  0.00456702460614399
  0.00511815371081922  0.00561530670258450  0.00609402031794082  0.00657042279170130
  0.00701386541315695  0.00742905003713783  0.00788417430880495  0.00837023573839534
  0.00887730419254213  0.00939220864717604  0.00994443388144197  0.01057945240075756
  0.01120830682673830  0.01172971315552322  0.01209837491290795  0.01250957306018568
  0.01290042518260851  0.01326048439808892  0.01366171748232419  0.01410440497993486
  0.01456253575566284  0.01503429814103413  0.01541330505178784  0.01575460697872276
  0.01611208305300627  0.01648904701181582  0.01689178206719523  0.01732564083293263
  0.01780444440696746  0.01829333145230672  0.01878544054978404  0.01921129199905158
  0.01972015926204876  0.02031903343710650  0.02099722005044837  0.02165342533418383
  0.02224555321658350  0.02274986428249057  0.02318433004287183  0.02360321538414027
  0.02407746521047241  0.02476672246416044  0.02552378464368400  0.02618060881871730
  0.02665341668963583  0.02708122234143151  0.02745743211516457  0.02780653635154914
  0.02816991858373579  0.02859175210885232  0.02904928272643191  0.02945770228400650
  0.02983112007947079  0.03076879765875177  0.03209492791188863  0.03340334117774681
  0.03466869275404550  0.03588432670988964  0.03840665756632007  0.04130352890972052
  0.04451232579633269  0.04781790556312896  0.05097037910382094  0.05399773601134555
  0.05712507642026311  0.06089840389830203  0.06385977450071929  0.06469014398272024
  0.06576508942220419  0.06763969317153180  0.07041589820941062  0.07335054011710686
  0.07432881829003909  0.07518668517580765  0.07619795740614498  0.07726828988543191
  0.07840127414286205  0.07954897579896439  0.08093372906489700  0.08246331780554404
  0.08888817630300733  0.09640647434700404  0.10782682275861621  0.11989974233028619
  0.13493825287979802  0.15402431183933452  0.49018216341311260  1.00000000000000000
 -0.00566485790528705  0.01938920408842619  0.03582903249791967  0.04917634783994333
  0.06088381244227545  0.07229990143416390  0.08358711493810532  0.09476945437011186
  0.10623225106831566  0.11714411412331720  0.12715156350762857  0.13709932723625506
  0.14724091784173124  0.15512292067002076  0.16280515147310740  0.17220025848951540
  0.18362478450233402  0.19601011917011446  0.20853023901794188  0.21882799578319817
  0.22641085865714633  0.23338563854452440  0.24034591464462216  0.24837824175757772
  0.25714595248555627  0.26583747199550661  0.27726617096868789  0.29091740416349787
  0.30364045710246507  0.31511325083560271  0.32631607267247387  0.33824850828238984
  0.35047265723193466  0.36215609018011363  0.37489385984283746  0.38643070190289730
  0.39672239913470253  0.40646110961682291  0.41503876329046674  0.42275854056832740
  0.43074069228810757  0.44123708601765527  0.45071468951808663  0.45979065930487184
  0.46912479649694144  0.47812234488113098  0.48906592063331700  0.50197599577475838
  0.51417345966604067  0.52540745157878010  0.53770868037573660  0.54911978938744721
  0.56278623700394081  0.57668459950209106  0.58877500655594750  0.59806017739837347
  0.60562885972970759  0.61334073527049049  0.62216598624184494  0.63254976275196440
  0.64387667630092094  0.65421418381570484  0.66568776398136975  0.67618077962697920
  0.68781839922017796  0.70048838428477267  0.71355365257913417  0.72422349315949075
  0.73497107320293575  0.74608693345476162  0.75711361089109230  0.76735096646648182
  0.77687021839648018  0.78613355473133784  0.79578557963504459  0.80708697456628797
  0.81811604776918212  0.83021158963353114  0.84295999671044486  0.85551414182530772
  0.86679937672243135  0.87683740308510660  0.88527416342966481  0.89356804186840921
  0.90306039224356727  0.91443695989373641  0.92390561300625917  0.93185900708940539
  0.93801575352822619  0.94406339787489357  0.94982809168338744  0.95707012365590183
  0.96462707996603780  0.97507666621368816  0.98702426423938305  1.00000000000000000
 -0.04400333029288993  0.34612961920310659  0.49218599991741507  0.58796020611766786
  0.65399959366128524  0.69803251455941417  0.73370298928085098  0.76652203171536959
  0.79350423861280961  0.81364066723816431  0.83060272736560981  0.84408411596078836
  0.85537926962887223  0.86535305156129172  0.87436184798087013  0.88215383166495409
  0.88924118846577149  0.89556586721757236  0.90130010242339820  0.90667941964443788
  0.91195281479255896  0.91716849161430924  0.92164040598382413  0.92551456936425391
  0.92920566464609411  0.93285568165534927  0.93636270496972007  0.93946711266917116
  0.94207956193491527  0.94429598837262141  0.94619045385005240  0.94797457319609202
  0.94950367849805406  0.95106398120376490  0.95271386475724729  0.95428262615776938
  0.95586666475149051  0.95739773745744516  0.95892519773189322  0.96041335253583848
  0.96171339114151366  0.96302532904403315  0.96421876979901977  0.96565134677054243
  0.96692244080718337  0.96810206791056075  0.96920089653334818  0.97026900207925104
  0.97133558030536660  0.97236347387429400  0.97327407200767424  0.97411602437332456
  0.97491547231041864  0.97567880040445887  0.97639808963967734  0.97713008202727747
  0.97785235643382595  0.97855052145780475  0.97921665612692055  0.97987822246865819
  0.98048653121731655  0.98108526648022398  0.98168256075823657  0.98228119911446610
  0.98290203301939805  0.98346306851631127  0.98400611943061478  0.98455057397240886
  0.98506774013138865  0.98545994666744952  0.98585350530328386  0.98626108241882371
  0.98667809077065405  0.98715789502653373  0.98766481110335369  0.98812748290790209
  0.98862437561013539  0.98915336426949596  0.98971674988687985  0.99025339995675898
  0.99079530194692789  0.99135246765883978  0.99183413666516984  0.99236180167052279
  0.99280104138736169  0.99317568844022830  0.99354060206606365  0.99390216302656120
  0.99428964726231150  0.99469112308916963  0.99510033064991943  0.99551671738398273
  0.99601204129400467  0.99670559645881540  0.99784505791712941  1.00000000000000000
 -0.01914611729235776  0.10663574985466057  0.14519291492230130  0.18249888943283196
  0.21404281361149302  0.23681611558410426  0.25284284752728814  0.26400118077960694
  0.27251612018913973  0.27953925216657566  0.28803172897430507  0.29554550728588114
  0.30224236991029441  0.30736274176341605  0.31186859177599563  0.31860252246700632
  0.32689890294570884  0.33546602053191049  0.34338371387816419  0.35004093164230449
  0.35553205634971391  0.36080007751768639  0.36531724369018942  0.37044447824557541
  0.37535436555768531  0.37997261292595547  0.38528314918073281  0.39044117140950874
  0.39528962139705620  0.40023926744183391  0.40437036643436142  0.40832281111718788
  0.41241438406794162  0.41672672208269079  0.42110875098291656  0.42568160547166622
  0.43110946185491150  0.43734789253742312  0.44322711257303810  0.44805583398593651
  0.45213136789716707  0.45556181737687979  0.45939519743066870  0.46451446218328191
  0.47020516379156102  0.47539026433479142  0.48008734558540073  0.48435052042699028
  0.48843198618378181  0.49300879020708488  0.49724929669789109  0.50169295500144329
  0.50716798772894667  0.51331291401304691  0.51900043717536903  0.52477419859949637
  0.53070225197944310  0.53676687509055454  0.54298804979158333  0.54970036556001334
  0.55601159585310789  0.56274800036934858  0.57003206167455012  0.57745159782155975
  0.58430807174855903  0.59114766414779840  0.59838297037424115  0.60586104448905143
  0.61310242804493664  0.62007414463093535  0.62733361377385577  0.63491825579887862
  0.64169000206236482  0.65096363573991101  0.65942936976118427  0.66640214542868781
  0.67293886388270441  0.67960350128721014  0.68495858054062264  0.69042916140309052
  0.69685110512473691  0.70367934931440423  0.71160856106763859  0.72041307865332305
  0.72792286658415528  0.73586933189477977  0.74402042429684567  0.75500000355537378
  0.76793596401961528  0.78138924637507134  0.79479080246997347  0.81138825916926227
  0.82792562327873520  0.84922234969826560  0.88611687814460449  1.00000000000000000
   2.7823543039132275E-045  -1.0000000000000000     
 F F F F F F F F F T T T T T T T T T F F F F F F F F T T T T T T T T T T F F F F F F F F F T T T T T T T T T F F F F F F F F T T T T T T T T T T
  <DiscreteSampler_grid>
  grouped_processes
  1 # 1 for a reference and 2 for a running grid.
  10 # Attribute 'min_bin_probing_points' of the grid.
  1 # Attribute 'grid_mode' of the grid. 1=='default',2=='initialization'
  0.0000000000000000 # Attribute 'small_contrib_threshold' of the grid.
  0.5000000000000000 # Attribute 'damping_power' of the grid.
 # binID   n_entries weight   weight_sqr   abs_weight
    10   10   4.022286296792225E-034   1.495306939229560E-066   4.022286296792225E-034
    11   10   4.022286296792225E-034   1.495306939229560E-066   4.022286296792225E-034
    16   10   3.228132665051447E-034   9.282555636086282E-067   3.228132665051447E-034
    17   10   3.228132665051447E-034   9.282555636086282E-067   3.228132665051447E-034
  </DiscreteSampler_grid>
