 -0.00001558123269949  0.00018651949521627  0.00031447089510065  0.00044235271089275
  0.00056785546991680  0.00069462033234815  0.00081112450285089  0.00092132391929296
  0.00103542584561784  0.00114952226906327  0.00125761713464533  0.00136546069712577
  0.00147456696474353  0.00158092913017349  0.00168258483667385  0.00178958386592935
  0.00190484252476753  0.00201833175395517  0.00211945968049895  0.00222296049630720
  0.00232451344475423  0.00242794260055254  0.00252875538814844  0.00262004677526462
  0.00270411779037410  0.00279397954376353  0.00288605765863953  0.00298041383039263
  0.00307454644569666  0.00317403835632824  0.00326537977269947  0.00335520758986817
  0.00345391297986001  0.00357263842855992  0.00367830406597840  0.00378380637691225
  0.00389072125725260  0.00399463271622014  0.00411148057770384  0.00423758759758851
  0.00436462091207210  0.00449097674317570  0.00460958883932305  0.00473137434981712
  0.00485543163107642  0.00497319731811101  0.00508491597069572  0.00519205123686387
  0.00529544880141228  0.00540537718176423  0.00550760175359019  0.00560204015246808
  0.00569477143625618  0.00580309421838451  0.00592946497437960  0.00605248865549022
  0.00617328055271638  0.00628317740102079  0.00639250347672487  0.00650126910815329
  0.00660123260848585  0.00670365264137174  0.00681860719239489  0.00690699931042017
  0.00698716482418148  0.00715064535428197  0.00731616200312797  0.00748633619705189
  0.00766083573992329  0.00781915067129435  0.00802927902780608  0.00827371745419087
  0.00856170384291456  0.00881437730615362  0.00905354677307851  0.00930236616462450
  0.00955453551936275  0.00971364967652278  0.00986104501284354  0.01003586461698572
  0.01019727544838042  0.01036106500713029  0.01054058965038866  0.01078818428724673
  0.01108311287192940  0.01131609647886799  0.01158620238003215  0.01191406356450169
  0.01231132310872474  0.01325990826463882  0.01410783287141532  0.01480987888623259
  0.01528824185921003  0.01572607461056011  0.01609524144689780  1.00000000000000000
 -0.00296403449162285  0.01186749295107163  0.02448844709351597  0.03689861884112575
  0.04793691128383901  0.05807973400387996  0.06806151530803378  0.07755730094305359
  0.08708904812984392  0.09661721943372005  0.10709659579549752  0.11871691547173008
  0.13051866328474215  0.14262714787460470  0.15488300639749719  0.16744671466633737
  0.17955019877056283  0.19058759817310400  0.20112817144403330  0.21255318093317593
  0.22531972755201379  0.23857582470764185  0.25314755751608997  0.26557580401553593
  0.27849218165755413  0.29280024286252626  0.30790215338052568  0.32317394261943344
  0.33667935996713594  0.34636281517288742  0.35698678046150611  0.36668480700169132
  0.37555500864757491  0.38378824879341694  0.39196301960516577  0.40182498414330492
  0.41281722584705460  0.42177322759701902  0.43035696378507460  0.43950886723456717
  0.44874927347830090  0.45765452211330004  0.46607586869012818  0.47376306271036311
  0.48123972436551704  0.48874976528915204  0.49630201549789871  0.50436084585103569
  0.51409374255937901  0.52382166878113090  0.53314977074986780  0.54263906958102182
  0.55349421346094907  0.56452111740680810  0.57637365057206191  0.58672082506568568
  0.59637665650854066  0.60670951723100985  0.61666658377237582  0.62633906065251765
  0.63597855042754314  0.64573426307031023  0.65698399464856772  0.66894093514151509
  0.68068032874650164  0.69322432965069214  0.70539999499693740  0.71627147213116826
  0.72638504370044255  0.73599098068391078  0.74625161658255768  0.75932256586886504
  0.77433719936443934  0.78475438585448676  0.79546701522391161  0.80622712878010072
  0.81624799263801995  0.82688217460604674  0.83792866411367761  0.84817827539240653
  0.85817110109646511  0.86821693674130263  0.87800218434957122  0.88863991047343771
  0.89955427901328633  0.91171152039390524  0.92130374029559792  0.93007620351197484
  0.93886966342278688  0.94774733385610788  0.95698611572135583  0.96549176138379489
  0.97277022467441809  0.98029849783931045  0.98940855326268695  1.00000000000000000
 -0.00934096424832150  0.07637174954045572  0.13311758491065487  0.18263901028019486
  0.22853247210241862  0.27040808130594918  0.30688022023685224  0.33971758502852839
  0.36921193975003480  0.39626900051522673  0.42296361469745491  0.44918069819747608
  0.47278628428572028  0.49218687526793370  0.50878563701694790  0.52392986464042424
  0.53837347372612132  0.55258970416319075  0.56773969031698723  0.58316935104191581
  0.59792370310873899  0.61197661982178453  0.62503260549917028  0.63801809394187270
  0.65034060428319795  0.66174781658166826  0.67247055684998447  0.68351002932169314
  0.69415407212082436  0.70423859348969420  0.71334785554730529  0.72182558450580492
  0.73016447454396183  0.73754644695677163  0.74447868276683493  0.75194507532420707
  0.75979939684063669  0.76843715371298560  0.77439848288878732  0.78034761834641009
  0.78632407293216278  0.79239318120938318  0.79836386942561344  0.80422738545350825
  0.81044304256884458  0.81604172995023505  0.82084246964894436  0.82522174429242512
  0.82942199308335129  0.83380017240380155  0.83827878582675330  0.84279882349059143
  0.84702867750389010  0.85093701691422996  0.85459624203272955  0.85798346461632069
  0.86113899667792060  0.86417654818801437  0.86730049478320925  0.87051711469365001
  0.87363547502106398  0.87824862234097789  0.88239485344728164  0.88611373177991004
  0.88965312851717038  0.89301686860912233  0.89603351020776545  0.89876664747141966
  0.90195324354770134  0.90493743908769209  0.90772168798765973  0.91029656886764510
  0.91270615552391665  0.91502941037956953  0.91732103684674693  0.91960816809194934
  0.92192089314892101  0.92424648534678577  0.92658063234247534  0.92895541734054377
  0.93126277801472968  0.93370693735087062  0.93627942708165368  0.93896374664991389
  0.94190735535693071  0.94436859591637712  0.94662395933712173  0.94880364643520620
  0.95109145262040273  0.95367900545691697  0.95638670933696568  0.95980349301936674
  0.96410586874855442  0.96971605694105700  0.97696981060670285  1.00000000000000000
 -0.01582924844823933  0.10545221666610129  0.15309295310172036  0.18613851752576663
  0.20718301819132012  0.22094859879219692  0.23316263140467891  0.24301521802765205
  0.25172133330971685  0.25889036638134788  0.26625407861135164  0.27342249701594945
  0.27974891103900246  0.28588823854356726  0.29188162079478530  0.29787015825322127
  0.30391404779776809  0.30997263996994329  0.31649621217680529  0.32315451694854103
  0.32952046687520919  0.33584816992899058  0.34263012897549477  0.34958859583920271
  0.35655118617292975  0.36321938873448339  0.36850916192594035  0.37356998737389313
  0.37820380268911763  0.38326163525666457  0.38901457783266002  0.39504442755910057
  0.40154790019071335  0.40780120413276527  0.41374856710153551  0.41983599539237215
  0.42630752804282374  0.43326502910269338  0.43922702692394000  0.44538145974483390
  0.45161239097630290  0.45772874057825252  0.46378117394793777  0.46964083330354378
  0.47539311308906373  0.48100561937855152  0.48635657998667808  0.49154330371666344
  0.49611827971808314  0.50022891149283855  0.50401253878295604  0.50780828651508736
  0.51204992597782850  0.51723616837652209  0.52357488615730607  0.53015148015824121
  0.53604476261317424  0.54184639733668005  0.54768033964062035  0.55350593060371966
  0.55985295790577960  0.56703496849845003  0.57482218740930680  0.58291545029718117
  0.59045443708294720  0.59780041411600360  0.60550209294879298  0.61388171023641802
  0.62072661424485365  0.62746370630412129  0.63359869798285029  0.63929829936301619
  0.64610943566385937  0.65315450970114142  0.65895345069271505  0.66544582491816051
  0.67205473985787978  0.67907370873454809  0.68751509210842943  0.69742103891745455
  0.70774373492543974  0.71742927376188925  0.72599283968675365  0.73309989751948623
  0.73974305242550187  0.74788117748501770  0.75713791412161202  0.76627301911354906
  0.77563110970421911  0.78539010261679298  0.79812199358632385  0.81549016915390804
  0.83481323500910132  0.85948519244532007  0.89695621312263840  1.00000000000000000
   3.5805975404255016E-029  -1.0000000000000000     
 F F F F F F F F F T T T T T T T T T F F F F T F F F F T T T T T T T T T F F F F F F F F F T T T T T T T T T F F F F T F F F F T T T T T T T T T
  <DiscreteSampler_grid>
  grouped_processes
  1 # 1 for a reference and 2 for a running grid.
  10 # Attribute 'min_bin_probing_points' of the grid.
  1 # Attribute 'grid_mode' of the grid. 1=='default',2=='initialization'
  0.0000000000000000 # Attribute 'small_contrib_threshold' of the grid.
  0.5000000000000000 # Attribute 'damping_power' of the grid.
 # binID   n_entries weight   weight_sqr   abs_weight
    10   10   8.548025149633959E-018   3.609547261376174E-034   8.548025149633959E-018
    11   10   8.548025149633959E-018   3.609547261376174E-034   8.548025149633959E-018
    16   10   8.548025142972310E-018   3.609547252567933E-034   8.548025142972310E-018
    17   10   8.548025142972310E-018   3.609547252567933E-034   8.548025142972310E-018
  </DiscreteSampler_grid>
