 -0.00007501931258161  0.00062023298373034  0.00133225169990980  0.00229279398381784
  0.00350392545542170  0.00498703516536043  0.00674231191822873  0.00870535018909106
  0.01088483496612282  0.01326887463336333  0.01590905389414310  0.01871763519990313
  0.02165551097665332  0.02459523616289140  0.02766669959813117  0.03097473729690347
  0.03464438527546126  0.03872850336151704  0.04313518506558237  0.04760048148623637
  0.05215146985351385  0.05686292839617699  0.06176688370687662  0.06682437782546631
  0.07205892418562196  0.07767501158146181  0.08340636569943584  0.08936281370961177
  0.09555970913405461  0.10185690031676786  0.10853386748098641  0.11527214972698666
  0.12204902504869088  0.12894280180438522  0.13602786808791317  0.14335760125765745
  0.15098765131466782  0.15889565827704455  0.16718663376543758  0.17581252186034241
  0.18462594812622032  0.19363766478833702  0.20278932895164400  0.21208782917309213
  0.22168246996453311  0.23185282882109445  0.24264075247030925  0.25401211300620008
  0.26671343416146637  0.28039419741876459  0.29495830939051215  0.31027525746907014
  0.32629112001408361  0.34304330439984659  0.36096145980393013  0.38028282730302282
  0.40088640057269564  0.42192245895374153  0.44319204955142710  0.46572957664397202
  0.49058470954336314  0.51750007675917664  0.54475633420589031  0.57134812546844904
  0.59671614962267150  0.61806634710697272  0.63839645713582649  0.65824136697844982
  0.67740529984429676  0.69555920973706586  0.71276944989441882  0.72934774765532728
  0.74554684910782298  0.76068823666317087  0.77525851312821115  0.78930033553982804
  0.80293697506226314  0.81639049382964823  0.82922866876962043  0.84138096692444175
  0.85285841046363431  0.86381412188560236  0.87448763698658960  0.88463690019092356
  0.89476203879534844  0.90495294944167626  0.91508529263459792  0.92479927669178219
  0.93411287379900965  0.94339838766556150  0.95267507766737658  0.96196436164038224
  0.97146678059132241  0.98097116183023547  0.99048128085693710  1.00000000000000000
 -0.00174638218938547  0.00864791467152607  0.01781175296500459  0.02740230773731650
  0.03682767693960701  0.04570752009170825  0.05453335543624301  0.06384972965635154
  0.07380026551321948  0.08362953929233700  0.09294224116366052  0.10251878835532860
  0.11247176068046254  0.12262789462512003  0.13268400682355658  0.14291074851381852
  0.15357026066116819  0.16479170887666017  0.17649107747264633  0.18845695239141352
  0.20016751458577212  0.21109614630656304  0.22096603316458804  0.23034693651419008
  0.23945926814522539  0.24883033736735696  0.25841173665753064  0.26833443119826694
  0.27836112235870114  0.28842121463692127  0.29860757142469335  0.30842548360302430
  0.31785927644319351  0.32698258542797953  0.33695864915153390  0.34775294336243162
  0.35831387661600544  0.36880251140667647  0.37920910332017865  0.38938149653684578
  0.39930890462502372  0.40895613266274522  0.41920167677410064  0.43028573060977576
  0.44123541460089838  0.45139092625827987  0.46087835280339318  0.46973086062445801
  0.47933926780613395  0.48985465717583820  0.50065404786505419  0.51140669783580384
  0.52166474992835277  0.53159504762407450  0.54152031418458646  0.55147338094290288
  0.56151440456779933  0.57132358586204013  0.58138217215590993  0.59165181258116617
  0.60127825043355398  0.61117972163950662  0.62141163480070150  0.63276720197722003
  0.64420298041384472  0.65621372119569132  0.66835006560540078  0.68011882397799628
  0.69138993897326828  0.70222176402272729  0.71271399169582139  0.72383606465158679
  0.73517604341087939  0.74700781326263688  0.75810384479148440  0.76891418595574978
  0.77946980125441256  0.79016929677486913  0.80104886231807082  0.81216726333825751
  0.82327362845064567  0.83463089668455903  0.84646119503849171  0.85825396154366207
  0.86950064679975758  0.88086791186456559  0.89291646011421899  0.90544153582173525
  0.91893553089442137  0.93268903100071354  0.94561575787682062  0.95839746900990042
  0.96872965570869496  0.97992839313377378  0.98999605426891091  1.00000000000000000
 -0.00272870600481327  0.01649168265175785  0.03095124655375798  0.04408992795761397
  0.05640229914483089  0.06796786159516276  0.07903127363005474  0.09046001848682708
  0.10222171770492827  0.11388444086148786  0.12518469007138233  0.13641099958070468
  0.14749127236025239  0.15872307831663654  0.17008171659487573  0.18158383320214805
  0.19282848546049780  0.20404487278211131  0.21485837842700470  0.22519145710031069
  0.23563828393051972  0.24570085962857863  0.25543982049862785  0.26527584758329847
  0.27575852896112801  0.28642444218515017  0.29702433044682452  0.30794164084455583
  0.31957505596534602  0.33202753205856900  0.34413210861983812  0.35623965529494533
  0.36693394469122048  0.37739828292572353  0.38724431563052142  0.39765812819652613
  0.40814490943370391  0.41908776094946343  0.43026951752188586  0.44148174549660751
  0.45217429268031734  0.46286611759997981  0.47424269589640555  0.48605256346049219
  0.49801276575492398  0.51026452315638116  0.52253339507369745  0.53453867077248718
  0.54620937965500671  0.55822632550631979  0.56920535775781678  0.58042884769898884
  0.59178451951344768  0.60348447169228214  0.61481315292769956  0.62596442105108874
  0.63616509528157561  0.64600146600877661  0.65617182005221519  0.66629793876039223
  0.67603038563674844  0.68525187151330658  0.69589709783567655  0.70701043315134537
  0.71770182330988341  0.72745000522079228  0.73592207228926176  0.74416276414686489
  0.75241368282030163  0.76058128288574367  0.76864828451832357  0.77684889081577280
  0.78496752008148829  0.79328354382502797  0.80178651736867568  0.81049548802039750
  0.81897679459618034  0.82706043417941089  0.83474528061172049  0.84371308634098918
  0.85263220752934776  0.86153807818928319  0.87023486094076186  0.87889352341802351
  0.88780262562502710  0.89654494927393147  0.90509597446198242  0.91335494040651066
  0.92130118417189077  0.92886516488393667  0.93677240200814837  0.94522215066968174
  0.95397536745464540  0.96408585718922590  0.97774952557742245  1.00000000000000000
 -0.02021218343244233  0.14717880600099648  0.19730995284983469  0.23233942999511037
  0.25864951043360451  0.28249311478280376  0.30323693586267358  0.32231480153138520
  0.33957118247559809  0.35579358472429468  0.37052672282251931  0.38465712281185405
  0.39747399258707655  0.40942399222881587  0.42068232772016478  0.43163971338331553
  0.44137419516854887  0.45057251669620824  0.45936082914807835  0.46772965781816300
  0.47573575232951681  0.48381014303637071  0.49189525458520122  0.49972336722153843
  0.50740758373525230  0.51504814229299278  0.52240510004929896  0.52956877687639392
  0.53662109061926588  0.54370622650479539  0.55086136489329407  0.55816613358742551
  0.56530542951870810  0.57210917894932434  0.57855625252869747  0.58499751495730268
  0.59161463044372087  0.59833873151057715  0.60498295596973817  0.61146569551785113
  0.61774643845779886  0.62377677756778693  0.62949760960854761  0.63493584270187342
  0.64059727396925836  0.64614047879798109  0.65160372828982904  0.65673556054950444
  0.66186974963203171  0.66698112012336397  0.67202683567273336  0.67703829315566166
  0.68196509027681818  0.68671979165957042  0.69127514017053115  0.69564787362580538
  0.69996618105952468  0.70448515735273520  0.70901729543157133  0.71368909110666778
  0.71830389515974979  0.72293482519304642  0.72756734049757332  0.73215855560107734
  0.73665944189592791  0.74108147621959597  0.74550629741169794  0.74995594019436584
  0.75444551234668911  0.75893142696149229  0.76341197662869364  0.76814687667829251
  0.77311745740233806  0.77821062706065081  0.78329122403938944  0.78831827786785691
  0.79348933580178460  0.79899866248353568  0.80438819821914831  0.80998243878044140
  0.81578221839852394  0.82169431346289878  0.82769379470563409  0.83376086963513052
  0.83990505903481427  0.84620909005333833  0.85289340040611283  0.86011379574129310
  0.86778999584004446  0.87589239189386348  0.88486604245733402  0.89487171600158155
  0.90729027795203721  0.92346947800495083  0.94790004453587728  1.00000000000000000
   9.1771917663142076E-016  -1.0000000000000000     
 F F F F F F F F F T F F F T F F F T T F F F T F F F T T T T T T T T T T F F F F F F F F F T F F F T F F F T T F F F T F F F T T T T T T T T T T
  <DiscreteSampler_grid>
  grouped_processes
  1 # 1 for a reference and 2 for a running grid.
  10 # Attribute 'min_bin_probing_points' of the grid.
  1 # Attribute 'grid_mode' of the grid. 1=='default',2=='initialization'
  0.0000000000000000 # Attribute 'small_contrib_threshold' of the grid.
  0.5000000000000000 # Attribute 'damping_power' of the grid.
 # binID   n_entries weight   weight_sqr   abs_weight
    10   10   8.978563267809169E-004   2.529772549818497E-006   8.978563267809169E-004
    11   10   8.978563267809169E-004   2.529772549818497E-006   8.978563267809169E-004
  </DiscreteSampler_grid>
