 -0.00006396219257967  0.00128687795825022  0.00243063561033035  0.00342375603526727
  0.00438595517673355  0.00532410880302185  0.00619512301022649  0.00706399392570820
  0.00790294881896088  0.00870253718523948  0.00948982114608879  0.01021109216978444
  0.01093790502463733  0.01169745728983485  0.01235496490699842  0.01299739194162503
  0.01368880414146660  0.01435878081784481  0.01497333901357460  0.01553232185133296
  0.01608403240582142  0.01669930664714790  0.01733431324833324  0.01800458100144806
  0.01865314886914510  0.01932683560038751  0.02003503884484591  0.02078253111017388
  0.02152908994100614  0.02233744574843774  0.02324172668003992  0.02416953825965010
  0.02505730187397735  0.02590599121012066  0.02671559357608757  0.02748895425659785
  0.02826515164734535  0.02909462393217923  0.02995473677333719  0.03082778287545130
  0.03175083164593556  0.03273766004396927  0.03378304893701104  0.03495567358135081
  0.03616326576965667  0.03733479538957329  0.03851260105794891  0.03959476514188683
  0.04064445674627540  0.04171156416046893  0.04281362057331509  0.04394331418446036
  0.04505583819055798  0.04611776331972525  0.04710481869834853  0.04793305182627694
  0.04878212212547657  0.04962585977692129  0.05062093539262106  0.05172077646257484
  0.05295351988574191  0.05405418924707910  0.05519388387315426  0.05635269345853519
  0.05742561637013720  0.05845229646525745  0.05949238646221520  0.06044188164373603
  0.06197742191253295  0.06369574364878546  0.06546594648248279  0.06742968725353891
  0.06986239375867952  0.07358710082046342  0.07586045757687632  0.07760746058546969
  0.07980574963265732  0.08301521578303446  0.08680252781308538  0.09057773886464965
  0.09368221229147876  0.09520584442017260  0.09660297336219122  0.09847212594412343
  0.10036485401575360  0.10229888215754464  0.10433106477652546  0.10646571343736876
  0.10873738236830363  0.11113090657394603  0.11353930721629567  0.11595252939003883
  0.11921167431864391  0.12265457066801920  0.12649185487015241  1.00000000000000000
 -0.00204451969022555  0.00804785934111168  0.01742929461968846  0.02701590505194901
  0.03725397580445820  0.04889206004074463  0.06082068084451562  0.07180856423009109
  0.08245445033314727  0.09348201941697017  0.10506828149195828  0.11877541719490066
  0.13376597313658928  0.14761211760081352  0.15827860094012516  0.16903638587104314
  0.17902526304616281  0.18861019890092942  0.19792737259784199  0.20765893046643638
  0.21818680030241064  0.22851202646222094  0.23765079503299411  0.24627526066783156
  0.25545201753284957  0.26543642011143370  0.27514797712080152  0.28331949519512667
  0.29072930629059013  0.29868750265780036  0.30728718209865091  0.31735147364436411
  0.32731876018091477  0.33809781752315704  0.34960453969719707  0.36065503118815323
  0.37155321340602365  0.38268193289732083  0.39266260216093712  0.40267272630823886
  0.41332235827651681  0.42325872383056651  0.43401465367014519  0.44570250269411821
  0.45736241500520797  0.46748919206547346  0.47763475069907507  0.48905465793017078
  0.50086637632514286  0.51186093410965516  0.52227820060494290  0.53321104384668916
  0.54495859064356622  0.55675363298114522  0.56915131965318622  0.58196326531845899
  0.59428963962359604  0.60578122254227740  0.61676873237491925  0.62744459832331290
  0.63793140413186888  0.64898086179854908  0.66107849242453576  0.67392327419490727
  0.68638963027456801  0.69852821407379140  0.71069074579881997  0.72297814050352915
  0.73403484915044670  0.74457726277422565  0.75734858700647001  0.77015863382699312
  0.78164069879282172  0.79183004468121398  0.80183390973900792  0.81150365438499061
  0.82004076061722608  0.82783413177420229  0.83554027333453396  0.84375240010541486
  0.85280614549211231  0.86158379092616677  0.86971216231542725  0.87762392650913357
  0.88570261943685880  0.89523397993347575  0.90378858824580832  0.91224714631501413
  0.92078240036716785  0.92910282464954852  0.93795844759345792  0.94881108271006087
  0.96128008788746711  0.97462480365089765  0.98761485115339587  1.00000000000000000
 -0.01519690148552173  0.17675316438321018  0.26963486006744175  0.33263523958205837
  0.38456331307925246  0.42537436607484425  0.45806165461674075  0.48889796747122205
  0.51636746561269187  0.53987977444280810  0.56243086048995117  0.58444573999175509
  0.60598525902998368  0.62615494640428049  0.64516958309926797  0.66102011241927516
  0.67454282375033070  0.68679727680932179  0.69800056159433310  0.70838224188941168
  0.71826089349260447  0.72764269422361605  0.73671471266594080  0.74509841638972907
  0.75410397680735464  0.76250778330167468  0.77027515895953891  0.77690391332245101
  0.78313524997456219  0.78963841135064161  0.79610426306923221  0.80242422217404474
  0.80835181462467909  0.81386942897462300  0.81918927103047656  0.82438343490096022
  0.82953892520316586  0.83475606373242284  0.84012942472448782  0.84572106155677429
  0.85121791835251581  0.85628082657465254  0.86070389288804050  0.86511390342840955
  0.86918424146185602  0.87279464393859640  0.87617681408027925  0.87947988511320063
  0.88273167928667473  0.88598646401780190  0.88916862895476412  0.89234272648575030
  0.89570613939404498  0.89856660141495481  0.90126988640784267  0.90382617808709620
  0.90629941527106705  0.90869388854458932  0.91104740150504948  0.91340065102907109
  0.91576629402844634  0.91808161607148786  0.92034915456930688  0.92255677092538924
  0.92469414448462617  0.92668298841078534  0.92855694177342230  0.93038920849256357
  0.93223160445501618  0.93409417548880336  0.93590702339500575  0.93764958418050637
  0.93940317532990092  0.94118803149789887  0.94296569865337532  0.94467821830727128
  0.94639248753956562  0.94819599085231132  0.95013726051265823  0.95209261946602664
  0.95403954366845245  0.95589996469812921  0.95772488966714397  0.95967518523306938
  0.96185667273521913  0.96377439827825195  0.96568109046865558  0.96752144968723208
  0.96927827834101576  0.97102289441974776  0.97287197406062764  0.97528450931640231
  0.97806732175535260  0.98197640663807195  0.98762564294777555  1.00000000000000000
 -0.01952289790065957  0.11748993291718085  0.16158131340671275  0.19572470544937626
  0.22564697323499708  0.25489234606101491  0.27546678252553985  0.29145131860429402
  0.30362600844661713  0.31446309796989275  0.32641451169547647  0.33857975675590574
  0.35036974729766956  0.36043445654312589  0.36994081436064374  0.37857592807639306
  0.38679013980518179  0.39518027332920086  0.40262309976566518  0.40959064670316681
  0.41621188666073633  0.42264959017372633  0.42863360208936796  0.43457392234116521
  0.44031761908050138  0.44689098634381291  0.45261865115865546  0.45806900973112397
  0.46343039813028242  0.46889704832204976  0.47479118104321905  0.48074555205811814
  0.48672026013830749  0.49265400130602277  0.49832869633365473  0.50336809428580420
  0.50896807190063664  0.51483955800900771  0.52072578595910302  0.52618792604729192
  0.53124000738671306  0.53587947757692767  0.54032557919293789  0.54486002922888099
  0.54943517715378132  0.55404107500253297  0.55867149933160831  0.56369904825976447
  0.56956967583533380  0.57590330796540834  0.58213764312972505  0.58804290116597069
  0.59311176285813116  0.59782079129384036  0.60228711848512617  0.60654921168374321
  0.61075179716366756  0.61569177416095999  0.62070085386062168  0.62532130221692339
  0.62957937987429624  0.63376815456448277  0.63811872708113337  0.64234682272476396
  0.64624814611308112  0.65020353357645033  0.65428532246247784  0.65845253188316266
  0.66223127104145174  0.66567303425836288  0.66944330768422611  0.67353659810507394
  0.67843585217649216  0.68415329731242269  0.68985855338108104  0.69547139385401613
  0.70106813265406509  0.70676423947254263  0.71397790322734667  0.72089555516664328
  0.72824064595227911  0.73617698920484231  0.74475081725482584  0.75329532960442303
  0.76167186377341323  0.76992969602218975  0.77847114734959166  0.78738702566030239
  0.79665490115602167  0.80656571253939202  0.81899578189986588  0.83467843679326281
  0.85192467799720506  0.87602869274721973  0.91196926248430787  1.00000000000000000
   9.0632090926689563E-043  -1.0000000000000000     
 F F F F F F F F F F F F F F F F F F T T F T T T T T T T T T T T T T T T F F F F F F F F F F F F F F F F F F T T F T T T T T T T T T T T T T T T
  <DiscreteSampler_grid>
  grouped_processes
  1 # 1 for a reference and 2 for a running grid.
  10 # Attribute 'min_bin_probing_points' of the grid.
  1 # Attribute 'grid_mode' of the grid. 1=='default',2=='initialization'
  0.0000000000000000 # Attribute 'small_contrib_threshold' of the grid.
  0.5000000000000000 # Attribute 'damping_power' of the grid.
 # binID   n_entries weight   weight_sqr   abs_weight
    10   10   5.865199313608895E-028   3.413482934785462E-054   5.865199313608895E-028
    11   10   5.865199313608895E-028   3.413482934785462E-054   5.865199313608895E-028
  </DiscreteSampler_grid>
