 -0.00008345653841707  0.00079905004713399  0.00185304711222021  0.00337286227416498
  0.00536474114610224  0.00782458996525338  0.01089481472701722  0.01432436410355476
  0.01814457815574640  0.02228818511848631  0.02666701163154547  0.03174028187717905
  0.03732900952313657  0.04309759439604401  0.04923432704747759  0.05543519122828348
  0.06178768869563617  0.06863752609736173  0.07594375320367772  0.08333684984820924
  0.09065808651444754  0.09797996382637891  0.10556847692742455  0.11343318233428812
  0.12177098146398209  0.13044058784332771  0.13927405411431482  0.14814571266930954
  0.15702755004952823  0.16591759858567828  0.17498204769889736  0.18431490207641835
  0.19361417186825181  0.20273694607137166  0.21198342698190581  0.22150804716520611
  0.23126519885497954  0.24120380265583199  0.25119563994628280  0.26132812708057152
  0.27168108585049083  0.28228351598973633  0.29323207483794961  0.30453936686089167
  0.31574122643023889  0.32732155098564336  0.33895552468255924  0.35068728732087728
  0.36249297218642423  0.37425515725746239  0.38619356341990457  0.39839129248299504
  0.41023775333459711  0.42217580990924247  0.43464843205314835  0.44651493360743111
  0.45879323671489380  0.47182393533688094  0.48506475499067314  0.49841347279029619
  0.51226111121040196  0.52626737643151744  0.54008014207016686  0.55352056641750136
  0.56677336820121804  0.57994408452275104  0.59301955646076243  0.60583211149162397
  0.61868972074618045  0.63180175593785914  0.64506044292501108  0.65838051662551311
  0.67174054822894924  0.68510064962835104  0.69831439231727455  0.71166888303164744
  0.72494017323769711  0.73831256233080489  0.75177764316389517  0.76528462285752719
  0.77893869434224960  0.79402903666305058  0.80895351452009667  0.82387148129364851
  0.83890352430694526  0.85413439380660883  0.86898133473932271  0.88384578495327715
  0.89858273978047254  0.91331766908742507  0.92826829373066178  0.94300630904885507
  0.95741388104434666  0.97167973522134055  0.98587027434779984  1.00000000000000000
 -0.00211991794181879  0.00876808104217615  0.01857110900885993  0.02815232836195349
  0.03786279517999776  0.04805215579440746  0.05829376708216816  0.06831997778798850
  0.07811980097532846  0.08825319923834501  0.09863341247439858  0.10899071135465518
  0.11928811047095120  0.12983648775492276  0.14046303236516519  0.15129372700768565
  0.16244616437856330  0.17387937037030823  0.18544793959922609  0.19697977809581266
  0.20831768766461609  0.21849225908207065  0.22877199958666106  0.23891036585235015
  0.24870173410935645  0.25836286446902856  0.26767536145237392  0.27721040295413807
  0.28704060848357638  0.29696421289457581  0.30663027447474722  0.31605510780806001
  0.32547672477257733  0.33521379465909962  0.34554290962811490  0.35648608032677476
  0.36782084161276302  0.37913547617596982  0.39047135880242034  0.40226519458686394
  0.41448870990076464  0.42668127730460909  0.43847163957336127  0.44993194688966165
  0.46080363571940075  0.47099601204091163  0.48094691368307291  0.49036885863904300
  0.50009791799868086  0.51007770692001886  0.52017645954086011  0.53018194475873959
  0.54016896957090554  0.55071227958347513  0.56129643629822124  0.57133142698211858
  0.58091578235317254  0.59064241743606816  0.60079174446258854  0.61070380956873382
  0.62061702019570797  0.63080210901976985  0.64125545167580478  0.65186107369882307
  0.66213138275129835  0.67331912332230803  0.68460912955963305  0.69591279623998070
  0.70739382830220077  0.71896435946050252  0.73045222955806244  0.74137424433062449
  0.75148499297788329  0.76125798285826995  0.77101898373665434  0.78062322107961357
  0.78993236500482078  0.79927501525334099  0.80880254016900333  0.81869583194059814
  0.82905321932851506  0.84028033833794025  0.85209139522560673  0.86361532041464839
  0.87527819632927295  0.88736501537547008  0.89977635356119101  0.91194802790784579
  0.92406858551024207  0.93645666287314810  0.94738705811754009  0.95853158005961780
  0.96962508391259328  0.98016657779964367  0.99024124223013521  1.00000000000000000
 -0.00433404446747790  0.02527641528115622  0.04630326651495827  0.06384664157033393
  0.07887923652980836  0.09324383387226870  0.10753628987466896  0.12066407191289909
  0.13340129368493239  0.14642200162144847  0.15888372204902568  0.17089289185809922
  0.18261718832825899  0.19415160107538321  0.20629218447589592  0.21929311624038292
  0.23244572351892331  0.24534874384198369  0.25727860244375100  0.26882827086331901
  0.28034270160037911  0.29129230298086578  0.30188028416443385  0.31202253086718812
  0.32260782558920953  0.33286753087264215  0.34327610839127920  0.35351254088498874
  0.36371167398731563  0.37389471616740722  0.38386307698350397  0.39413132079310409
  0.40383867661362471  0.41314580120755440  0.42237930065771639  0.43176288828989257
  0.44076175572761805  0.44915605527959229  0.45765731060925741  0.46633276848062821
  0.47509299814880079  0.48379372710147178  0.49234663037951476  0.50093363829648008
  0.50987505957074020  0.51908785458073092  0.52868197409852302  0.53835962664824688
  0.54797760552454655  0.55764739827566145  0.56723594630043006  0.57657347351770272
  0.58575670306771177  0.59466387501276863  0.60429051323193650  0.61299554974180437
  0.62170425105561822  0.62969427441550962  0.63760838522982000  0.64554351713430391
  0.65333990592627011  0.66117239894166835  0.66920277596881039  0.67738107802952829
  0.68539629994039297  0.69392407363520037  0.70268366261585780  0.71116208882874632
  0.71943203250439514  0.72772632484729405  0.73611023222029492  0.74453000596556118
  0.75293390367502344  0.76150434496938846  0.77010098765309543  0.77844807275390127
  0.78674530016212940  0.79480546022702991  0.80284932116342667  0.81122464768184188
  0.82005500493089567  0.82874575465644595  0.83742262492196973  0.84598838587961567
  0.85452725962026055  0.86332548402717479  0.87267756231540761  0.88225761381484480
  0.89266140417943618  0.90359764745355065  0.91479669749097869  0.92589432128162052
  0.93740624537469452  0.95084025156374286  0.96997074202541345  1.00000000000000000
 -0.02031925615192977  0.11449710855807538  0.14965975445038060  0.17093836774885426
  0.18807850236285106  0.20310841697333798  0.21765622858396863  0.23138618693268273
  0.24382636717403733  0.25537803237050871  0.26608161747782000  0.27562930622674725
  0.28433155429622042  0.29267898759958288  0.30081030496776096  0.30884061420286663
  0.31657349077961333  0.32388452696982262  0.33092450970905135  0.33796409207924200
  0.34517519356464577  0.35232326984525852  0.35909547800117403  0.36550384281975873
  0.37168666530391337  0.37771786828614229  0.38363680486936963  0.38950646961246888
  0.39538261705423144  0.40125254289290851  0.40727820032698964  0.41318604910615986
  0.41883550936974834  0.42426226800149458  0.42987240894861195  0.43548311540308582
  0.44121583575480372  0.44698324361353037  0.45264134872594081  0.45818876993407170
  0.46374996369761418  0.46927527956323090  0.47486498469038652  0.48070498526603345
  0.48669196189562020  0.49256049866223661  0.49821172028070193  0.50347474132778969
  0.50858858942118645  0.51381280953137121  0.51915682031686639  0.52447823217185308
  0.52969098007533377  0.53497422831491315  0.54017329197846964  0.54530830617795001
  0.55040853587537908  0.55562891115104984  0.56093023149953281  0.56623494524212892
  0.57139768326346840  0.57673811062430735  0.58193307801145888  0.58753774190547570
  0.59329381362593425  0.59910877119935224  0.60503247568472129  0.61100525301901976
  0.61698363377937870  0.62314169525352503  0.62958782863877338  0.63610791864042571
  0.64252089543420976  0.64895296384190804  0.65562062832397661  0.66259962882997159
  0.66980172899644608  0.67701799793100981  0.68439513125477391  0.69212820448201418
  0.70031621872851180  0.70885928012518151  0.71764430308596294  0.72677415393572165
  0.73619923955261146  0.74589002102581925  0.75579177167560929  0.76606715242376633
  0.77666985712204994  0.78745908859361546  0.79945393592794212  0.81340430413876641
  0.82982498781297864  0.85027795526108496  0.88170494199269356  1.00000000000000000
   1.7680541839947932E-011  -1.0000000000000000     
 F F F F F F F F F T T T T T T T T T T T T T T T T T T T T T T T T T T T F F F F F F F F F T T T T T T T T T T T T T T T T T T T T T T T T T T T
  <DiscreteSampler_grid>
  grouped_processes
  1 # 1 for a reference and 2 for a running grid.
  10 # Attribute 'min_bin_probing_points' of the grid.
  1 # Attribute 'grid_mode' of the grid. 1=='default',2=='initialization'
  0.0000000000000000 # Attribute 'small_contrib_threshold' of the grid.
  0.5000000000000000 # Attribute 'damping_power' of the grid.
 # binID   n_entries weight   weight_sqr   abs_weight
    10   10   1.971892103000802E+002   8.541687633048226E+004   1.971892103000802E+002
    11   10   1.971892103000802E+002   8.541687633048226E+004   1.971892103000802E+002
  </DiscreteSampler_grid>
