 -0.00002835663081419  0.00033827390248097  0.00064563829371780  0.00095347714735578
  0.00126173896143143  0.00156650967212027  0.00186692762167141  0.00217515075473515
  0.00246436232752655  0.00273787740056670  0.00298834392064246  0.00322844685472727
  0.00347232678750318  0.00370949505144508  0.00395328449837780  0.00419463384935649
  0.00442705955469797  0.00465859478547479  0.00493508346471754  0.00522079936941227
  0.00548236778327466  0.00573332751326878  0.00597140767040098  0.00620190167299429
  0.00640919388879639  0.00659844424006484  0.00677456552724138  0.00695256458876402
  0.00715377598360663  0.00740301805213669  0.00765537403407633  0.00789999545141583
  0.00814967461585311  0.00838059964883632  0.00857597644234459  0.00895374909027255
  0.00937797153297422  0.00994928242441811  0.01058206564953536  0.01109816053795025
  0.01153440157947574  0.01189235202363259  0.01230075699412216  0.01273093665584729
  0.01318370671641697  0.01366438890855445  0.01412484300344663  0.01454136811490853
  0.01480222828494160  0.01509229105376255  0.01539448570729229  0.01565679521493651
  0.01589916159634288  0.01612479141760187  0.01634350532560567  0.01655596208224189
  0.01676311769980905  0.01697263436860998  0.01718619147517550  0.01742194616880497
  0.01761853634569063  0.01786191373779669  0.01814455301043786  0.01848309633473937
  0.01876299992316390  0.01902670829183278  0.01930722421058134  0.01975910021880403
  0.02057518617786612  0.02099162979146506  0.02127344117274402  0.02146111314625099
  0.02168702939852207  0.02194449107397420  0.02223964122983708  0.02275255257402813
  0.02322703519671351  0.02359682876519690  0.02397466227285320  0.02436203009910647
  0.02467116495191646  0.02493496663164263  0.02521540343494167  0.02550134706418945
  0.02575183126136277  0.02599311576863812  0.02625669727160082  0.02650055043906407
  0.02662405229458163  0.02683534121450045  0.03317577320104964  0.03951620518759884
  0.04145500140323336  0.04196294016156805  0.04271486985198059  1.00000000000000000
 -0.00237751293105166  0.00864703769802914  0.02111961367551162  0.03410662244917564
  0.04577552444721621  0.05272067418605067  0.05961933924111411  0.06682442624085425
  0.07438093487140386  0.08256364548037221  0.08981171962427210  0.09743825859550982
  0.10435243092549717  0.11236352603159266  0.12171584932128546  0.12927630965159373
  0.13617574492125556  0.14466567731812674  0.15311189565917460  0.16174636187977298
  0.17030726515503158  0.17740815760562467  0.18392038739722127  0.19296825054814579
  0.20716283387110881  0.22173433257897182  0.23557895805181289  0.24904463782134578
  0.26345174819006650  0.27537921736876358  0.28510849335862570  0.29396292092380205
  0.30348434594463553  0.31459934270917972  0.32294927877716606  0.33056856805848561
  0.33929192155280163  0.35007544861154327  0.36220619612453181  0.37455984089031857
  0.38604538317558817  0.39867905261587072  0.41042676200820777  0.42075897688909220
  0.43020731201506374  0.44057522474050609  0.45036040412990169  0.46100408809826543
  0.47190325505781494  0.48214565492426964  0.49198520866055973  0.50167504479707992
  0.51200647642744979  0.52188803352288904  0.53168948142057748  0.54001553942053071
  0.54719506883637459  0.55557656926466137  0.56603162895977366  0.58024639257673760
  0.59622753245047355  0.61156889606583098  0.62610406148377828  0.64045060961780120
  0.65544926911385659  0.66700633212314531  0.67783722149469294  0.68804401385648983
  0.69732193164099288  0.70709913351576170  0.71733505325142610  0.72724275949715600
  0.73649450602413458  0.74602296407099655  0.75738980476184370  0.76922288238052605
  0.77936872709593563  0.78891303125699808  0.79837013210487739  0.80828432022974672
  0.81920895041996034  0.83003000398844939  0.84037384416490857  0.85116382776403932
  0.86117190716107928  0.87172459694515991  0.88414948405125438  0.89510183077221672
  0.90486188257820632  0.91462362111871043  0.92629722068739551  0.93854853156340246
  0.95144949183564054  0.96538409856500040  0.98002092579831090  1.00000000000000000
 -0.01207669287636595  0.12165075536767395  0.21418403379792428  0.29021322364571012
  0.35029395948253800  0.40067809362934337  0.45092411881104749  0.49551384456000624
  0.53265555998465863  0.56330292062264775  0.59139704064195930  0.61784835309211183
  0.64160887006754275  0.66510537207394138  0.68844077993659947  0.70870526645901510
  0.72707877795120479  0.74431077755478625  0.75630914661928650  0.76731243980222619
  0.77945952456427725  0.79163011954882923  0.80294063863745779  0.81381489819702668
  0.82355628309403728  0.83211434763509273  0.83925921673281312  0.84609505735195967
  0.85276413411720586  0.85908508670260053  0.86482211485992866  0.87011684279168400
  0.87537782341782089  0.88016485948960055  0.88450730540986977  0.88857467178356708
  0.89252876476296839  0.89610764986996849  0.89927065583582477  0.90261446752483032
  0.90595998060948735  0.90900015355080777  0.91175233454461402  0.91438178191072261
  0.91695198816103263  0.91960825153582415  0.92259157093868971  0.92523893910540300
  0.92775955006215083  0.93019713644675539  0.93257893563327221  0.93493327231104750
  0.93724455557817210  0.93894121255551610  0.94079006965982193  0.94267196132045938
  0.94439808967040628  0.94595695589103646  0.94756122789347907  0.94912949765988952
  0.95087960516441805  0.95273613781236610  0.95447874741281036  0.95580941596305369
  0.95711288451065979  0.95841368257185744  0.95990286481946085  0.96113821162972857
  0.96231992610023798  0.96349210132935803  0.96465817712801727  0.96570914247234674
  0.96676124562945775  0.96786186000623353  0.96897311230832861  0.97002997860962037
  0.97101262607904737  0.97191676043872244  0.97288501110106818  0.97381626115133091
  0.97468980356772639  0.97555126260279668  0.97645869149291287  0.97745119001781533
  0.97858381818159412  0.97964068196149967  0.98050655644048956  0.98138967882154293
  0.98233044073577369  0.98336964014345707  0.98459386072106014  0.98596612167491704
  0.98768843227156722  0.98986046453877741  0.99246555885280285  1.00000000000000000
 -0.01524128944562364  0.10243058013262124  0.15286542542415277  0.18635910492796054
  0.20794643050955641  0.22507572691276528  0.24090432830437425  0.25496932808572348
  0.26611683082786186  0.27545308341431241  0.28301393507787526  0.29079021337113847
  0.29863273497692722  0.30665735012675677  0.31297605449391536  0.31935103775286766
  0.32559260302496462  0.33238035475328320  0.33982656436716746  0.34772408039849584
  0.35458647635164525  0.35945129431197315  0.36365503243246333  0.36802378676966746
  0.37221856024131389  0.37605716231531722  0.37966225868436143  0.38379751908364079
  0.38754574634649153  0.39122455943880347  0.39449509274743533  0.39699707581651211
  0.39913310840602279  0.40131181347609018  0.40431153870613934  0.40789898583188744
  0.41158803706264008  0.41502371979412994  0.41829284180405590  0.42181153743641053
  0.42540820428393744  0.42929021687084079  0.43330185404252231  0.43810518170091833
  0.44480446405824858  0.45261682580525758  0.45975864846187897  0.46671260704120221
  0.47380249503435157  0.48158674863248707  0.48942683027531403  0.49734736818452624
  0.50553651501056651  0.51181393651397744  0.51792372496357897  0.52367958064566023
  0.52906475490943905  0.53463853909215342  0.54034874396850063  0.54624833457854627
  0.55201181085938456  0.55820497582110551  0.56456312038576861  0.57158416220062269
  0.57901356661215109  0.58590045054451600  0.59238865783754269  0.59917059824156405
  0.60548502117666370  0.61250981173278751  0.62007470004597998  0.62742159816915888
  0.63415064638666985  0.64027157453019445  0.64614734157216158  0.65230468910662009
  0.65831970485824609  0.66514326468421048  0.67319733080539679  0.68264411211033760
  0.69260994285444077  0.70214428942309204  0.71154959913080607  0.72109552221572482
  0.73039684429258356  0.73962482919623351  0.75001236597731102  0.76210042737304340
  0.77507194093136922  0.78826509894346364  0.80376278804962931  0.82039375134704706
  0.84033953652817628  0.86681970254906571  0.90376866340772166  1.00000000000000000
   3.0226130355492950E-029  -1.0000000000000000     
 F F F F F F F F F T T T T T T T T T F F F F T F F F F T T T T T T T T T F F F F F F F F F T T T T T T T T T F F F F T F F F F T T T T T T T T T
  <DiscreteSampler_grid>
  grouped_processes
  1 # 1 for a reference and 2 for a running grid.
  10 # Attribute 'min_bin_probing_points' of the grid.
  1 # Attribute 'grid_mode' of the grid. 1=='default',2=='initialization'
  0.0000000000000000 # Attribute 'small_contrib_threshold' of the grid.
  0.5000000000000000 # Attribute 'damping_power' of the grid.
 # binID   n_entries weight   weight_sqr   abs_weight
    10   10   1.974540412569439E-017   3.611811626498493E-033   1.974540412569439E-017
    11   10   1.974540412569439E-017   3.611811626498493E-033   1.974540412569439E-017
    16   10   1.974540412031879E-017   3.611811624536091E-033   1.974540412031879E-017
    17   10   1.974540412033060E-017   3.611811624536113E-033   1.974540412033060E-017
  </DiscreteSampler_grid>
