 -0.00003011118523382  0.00035489155001714  0.00061347143939403  0.00084469438525943
  0.00106889441036029  0.00128306490760454  0.00148389257560200  0.00167860594619268
  0.00187867171281187  0.00208384818719192  0.00228642357709019  0.00248048071520836
  0.00267228778337300  0.00286446600989556  0.00305550047264976  0.00325369521668171
  0.00347310033159463  0.00370130084926518  0.00392660570645332  0.00414411236199626
  0.00434428270339636  0.00453735172221289  0.00474809774604923  0.00497412364002322
  0.00518705502979725  0.00537833605117257  0.00555165442572056  0.00572540869365477
  0.00591841678677315  0.00612186529200882  0.00632503883561121  0.00651745217868727
  0.00670326481322753  0.00689072219290394  0.00709710564370631  0.00733980017440312
  0.00761690123099510  0.00784895513742088  0.00809041614696982  0.00832483347416028
  0.00856228324483790  0.00878904638979874  0.00901751539502005  0.00924593015070744
  0.00947049980534171  0.00970177607897685  0.00993686711202318  0.01019049646800982
  0.01045919285704800  0.01078022265497987  0.01111001288141464  0.01139013202840759
  0.01162802500412949  0.01189328327791702  0.01222791227785480  0.01254487762464508
  0.01296047347081116  0.01342597677719117  0.01391018446640243  0.01440616465905850
  0.01488974912248066  0.01528600010773468  0.01561282509871448  0.01601942544187181
  0.01640465607146087  0.01673811585659752  0.01708846565830591  0.01739972021018444
  0.01768777383112281  0.01802333402196600  0.01843640468562876  0.01884549119994205
  0.01934918264902511  0.01982963221406489  0.02044732902391418  0.02103840341797234
  0.02160772752281457  0.02221707309313199  0.02282697252794949  0.02381161750241923
  0.02482411970821438  0.02584874065166179  0.02701618264167552  0.02862935140673282
  0.03086444243214118  0.03392770828593632  0.03734460371635855  0.04203896287685537
  0.04768286519555656  0.05276287462534185  0.05888671521647004  0.06532710048328254
  0.07050219755070344  0.07826023642555151  0.21288485612634730  1.00000000000000000
 -0.00211774463100649  0.00937685770162703  0.01825885973858796  0.02823030693587111
  0.03871320466114458  0.04899922768432961  0.05869910299679870  0.07018160597225456
  0.08311321782359976  0.09471197400033658  0.10485582984425720  0.11536697858793507
  0.12640267550616302  0.13758647094158724  0.15032795236462221  0.16249543423721108
  0.17321614145724548  0.18284792533713345  0.19194485277213041  0.20114032150749800
  0.21060717348861477  0.22033561827201434  0.23024567037720511  0.24067279063075717
  0.25155655502112345  0.26207263727639124  0.27253020686039164  0.28344916018548566
  0.29524822841414100  0.30855083257882676  0.32293116612900952  0.33657328495661959
  0.34859986223843004  0.35855177025731699  0.36721484981480818  0.37576463369897151
  0.38391684468347576  0.39193263536273132  0.40016572118795113  0.40858696705172487
  0.41750094326044207  0.42703985854554505  0.43671235131766240  0.44535762746211416
  0.45352746249451809  0.46156747232065670  0.46961404120982803  0.47831028987128049
  0.48829578736060197  0.49974562391090477  0.51149868789539366  0.52357470534963602
  0.53525954254944685  0.54729182858580283  0.55954618017205104  0.57080440368609986
  0.58240680944216694  0.59363689507910333  0.60503147859086581  0.61571242711396457
  0.62848886492594003  0.64067077884592449  0.65248302409774384  0.66354541027118041
  0.67438792935228287  0.68677223713106939  0.69849267529403214  0.70957335922970532
  0.72104197525767300  0.73172543891292574  0.74193825791366708  0.75092482402994387
  0.75941901630990927  0.76842682786129868  0.77809250900409133  0.78776814425999575
  0.79759192471916129  0.80642903412787725  0.81577757523619265  0.82645987235659613
  0.83751879292113762  0.84802756812905111  0.85939116084039646  0.87045853543230434
  0.88047910526736517  0.88925250693656632  0.89796666529130675  0.90747932078114568
  0.91824352186848113  0.92904687587864232  0.93957133097748768  0.95075361185567409
  0.96316094000977226  0.97573296621020289  0.98854122862150218  1.00000000000000000
 -0.00163431013741516  0.03605438765014234  0.06498673840339339  0.09045404482014634
  0.11224429085215629  0.13165627366174643  0.14928703658239764  0.16613099442000739
  0.18316020809206421  0.19903281124422223  0.21365329748107026  0.22792581648062948
  0.24243077602361920  0.25549688803814524  0.26691013410358061  0.27750242796005598
  0.28792829305157397  0.29873640443203869  0.31006467500806767  0.32205428873247416
  0.33365307550525319  0.34417419943648797  0.35438369829476346  0.36458782010206237
  0.37426297345780662  0.38313482627838857  0.39160396230937217  0.40055580776072525
  0.40965976962970330  0.41924500651915225  0.42867376036778271  0.43777043283592060
  0.44714492103562298  0.45551648531412420  0.46562950673733122  0.47531171469168382
  0.48417796077879133  0.49229264702952524  0.49987926636300134  0.50728531211249428
  0.51491721686054659  0.52219312205437707  0.52819883988782079  0.53389738374434559
  0.53983328828149257  0.54606418139499158  0.55239888280572513  0.55870890901220271
  0.56487867002205472  0.57155908457425642  0.57808002192897434  0.58508138389239195
  0.59296033451966157  0.60143398983202634  0.60912688592171460  0.61635363722989511
  0.62400979830824577  0.63212943153777057  0.63971499307376911  0.64778702275443745
  0.65601835305661549  0.66371822396771607  0.67045762517161001  0.67630978651988716
  0.68198661764542501  0.68768328951349134  0.69306533633034506  0.69791224627442416
  0.70325211140732036  0.70847154483354702  0.71372803369638771  0.71891259783565042
  0.72441841519875705  0.73041493960311921  0.73705720062791924  0.74363695594156010
  0.74956421453881694  0.75642030191986320  0.76370255229501371  0.77128268747659845
  0.78070152576884422  0.79111580127197711  0.80021720162947740  0.80821873235593789
  0.81645613806668915  0.82516860084949051  0.83442672253168337  0.84346896395812565
  0.85247464418784802  0.86404544872605826  0.88110503155359066  0.90467358390816166
  0.93174226819153416  0.95299067017443495  0.97203961970495689  1.00000000000000000
 -0.01894667006284029  0.13004815413026963  0.18048836285361086  0.21583905330487593
  0.24285621726578388  0.26439686329639195  0.28232887483182156  0.29952276703107028
  0.31452346248465507  0.32848798668379048  0.33987935846779033  0.35066916872963871
  0.36161370304665175  0.37168182980038061  0.38057521873109013  0.38864000474964178
  0.39731868201015874  0.40725395704576778  0.41779372875402598  0.42823197060980855
  0.43777474714309156  0.44654240675487333  0.45509950405827410  0.46371818173965823
  0.47218400978116187  0.47995387167730480  0.48694285794830988  0.49352092225449201
  0.49986378358141498  0.50588994377207686  0.51172241374553995  0.51761065916000304
  0.52412636239747001  0.53030885950438211  0.53627901809842504  0.54160582979734617
  0.54639800618902679  0.55132211291184696  0.55653164809165334  0.56203766991744719
  0.56771849541680630  0.57302264277004133  0.57831744058275847  0.58356066058449441
  0.58823261950217154  0.59237902211900484  0.59638436242854120  0.60034875967028045
  0.60464594513497805  0.60930010354448227  0.61403531581221726  0.61876272185573344
  0.62333363309111622  0.62729098209250633  0.63112527057364987  0.63509118993308322
  0.63918404548143137  0.64320653381111048  0.64735288438642902  0.65168634761431987
  0.65608572934332821  0.66040119079694137  0.66436515133438956  0.66815234381878796
  0.67189004721854839  0.67559512149460199  0.67927546506084091  0.68292721513484422
  0.68668630300466293  0.69157626412561823  0.69766523919121826  0.70382449111793843
  0.70975364384815776  0.71571396440892987  0.72198668653976028  0.72826158736204072
  0.73458667639446307  0.74038629773419862  0.74657791946414409  0.75338342896366628
  0.76090820033335849  0.76864457378705420  0.77621083778305588  0.78320845094308356
  0.79042845927652328  0.79922227635588450  0.80921661734506056  0.81900705693593234
  0.82831823044500441  0.83807748382102276  0.84917023412856318  0.86233224658972485
  0.87693757859198029  0.89375160133759535  0.92741370415498836  1.00000000000000000
   1.4203228823657727E-027  -1.0000000000000000     
 F F F F F F F F F F F F F T F F F F T T T T T T T T T T T T T T T T T T F F F F F F F F F F F F F T F F F F T T T T T T T T T T T T T T T T T T
  <DiscreteSampler_grid>
  grouped_processes
  1 # 1 for a reference and 2 for a running grid.
  10 # Attribute 'min_bin_probing_points' of the grid.
  1 # Attribute 'grid_mode' of the grid. 1=='default',2=='initialization'
  0.0000000000000000 # Attribute 'small_contrib_threshold' of the grid.
  0.5000000000000000 # Attribute 'damping_power' of the grid.
 # binID   n_entries weight   weight_sqr   abs_weight
    10   10   5.767022089096315E-014   1.963783916691326E-026   5.767022089096315E-014
    11   10   5.767022089096315E-014   1.963783916691326E-026   5.767022089096315E-014
  </DiscreteSampler_grid>
