 -0.00003809354418932  0.00077393476702857  0.00157642125814518  0.00237128248959140
  0.00317471483824077  0.00391975061031431  0.00464933554003964  0.00536745599248282
  0.00613215554320400  0.00687065966434632  0.00755394310128814  0.00816636523331347
  0.00878779431005065  0.00949773113365440  0.01024213172228711  0.01095760459908559
  0.01165285311763466  0.01233151980870868  0.01295951131828842  0.01354151271392216
  0.01411310096190479  0.01467268417617029  0.01526019258453126  0.01583957744545640
  0.01647091831746009  0.01715671707841346  0.01794082529139030  0.01891266188303306
  0.01986993575648769  0.02079316912270072  0.02174453245654154  0.02282483758475555
  0.02378824927162456  0.02457484487283524  0.02529000700300998  0.02594577854586665
  0.02660082980238819  0.02717236635628462  0.02766704551455570  0.02816419068745708
  0.02865582014235353  0.02915652832329343  0.02966249914336812  0.03018538447202324
  0.03068083579373966  0.03118247842841430  0.03173043658257250  0.03232511043347250
  0.03285626229064387  0.03339662949362419  0.03395970570995417  0.03453945461922116
  0.03511536578986703  0.03565947521515878  0.03613465162950575  0.03674032516227253
  0.03770416900359280  0.03893260837047414  0.04021911684675420  0.04148872208908709
  0.04264553700959742  0.04368184305939694  0.04476730129712091  0.04590843046573972
  0.04712794036219552  0.04843686522214528  0.04968680616943317  0.05067407934783076
  0.05162586190340885  0.05254935810190545  0.05347380387225703  0.05439570770901844
  0.05529319729267652  0.05616873069784822  0.05705257969256704  0.05795341512076866
  0.05890225581296177  0.06040516917407319  0.06254003128198327  0.06511509941299749
  0.06805830983235990  0.07135889248036729  0.07498336530429218  0.07830135454984455
  0.08064857655878822  0.08299579856773188  0.08482545097927013  0.08661066222163014
  0.08810203771783792  0.08940706033344384  0.09076685581830633  0.09256949776846293
  0.09439344277970853  0.09631098101653743  0.18439070207709471  1.00000000000000000
 -0.00291236496357318  0.01020438805677783  0.02131013248882508  0.03270881936443323
  0.04451319529418717  0.05747320240765189  0.07174630431652534  0.08556885802189550
  0.09901005469494475  0.11144191893223794  0.12383119905586144  0.13587804065334935
  0.14741316772641447  0.15702453112996254  0.16596893603944662  0.17508974030275068
  0.18564863649407301  0.19619946449278083  0.20554858184013353  0.21681362216530953
  0.22962475666499046  0.24184500123877692  0.25309390802142206  0.26399371455326787
  0.27560948140546421  0.28988858975947385  0.30532290656784866  0.32016439405192293
  0.33161446620100155  0.33927844032644067  0.34577308986174266  0.35223669720188588
  0.35913543057844111  0.36668448363373118  0.37494075719629971  0.38307062531298219
  0.39015986958100474  0.39692831203413620  0.40463883986184418  0.41363452528707190
  0.42231307266210361  0.43038680613405311  0.44012303573557454  0.45203499078109921
  0.46412439511339715  0.47554628708356395  0.48736986502931134  0.49962926204641417
  0.51125876109732515  0.52256812181620582  0.53375306637487285  0.54477858315866468
  0.55570950802735097  0.56775890444401156  0.58255402415539537  0.59795570645943985
  0.61020902834851110  0.62085750970756992  0.63227754084642918  0.64294016283586186
  0.65246569050117464  0.66156686938643205  0.67051365668804119  0.68085057753281986
  0.69146421317425633  0.70230774334854684  0.71442937843882226  0.72933283181939057
  0.74414691657835097  0.75802289343343787  0.76971318111639619  0.77657694107069186
  0.78364709057510740  0.79049027120884130  0.79631451112226259  0.80212808874924379
  0.80843399679779870  0.81607761010374880  0.82425868612162900  0.83214982004477334
  0.84313486042271157  0.85608888153669183  0.86847979773308015  0.87913078536640044
  0.88952682080355094  0.90057292849183213  0.91377895116093666  0.92615971239632533
  0.93613400502585431  0.94623157519731238  0.95568206674062928  0.96404693897717098
  0.97186184698736100  0.98050907538173937  0.99005295675211447  1.00000000000000000
 -0.00773402549493882  0.09783194927110518  0.16920930031146189  0.22770213456272526
  0.27228764140089873  0.31460370110734892  0.35414636758963802  0.39026463638316605
  0.41468160344457677  0.43695353373686957  0.45902992221943950  0.48343940838017718
  0.50339471127717172  0.51980058283613373  0.53654733279757738  0.55433809632826814
  0.57548430303286657  0.59662668994177270  0.61402574939073240  0.62773616118094355
  0.63980949280357624  0.65051369831205630  0.65975755877144859  0.66840205593020108
  0.67698264086707338  0.68651133147847521  0.69671037019438697  0.70727445487354512
  0.71722657917078614  0.72607642730299116  0.73452108862413601  0.74275108632364473
  0.75094157478577317  0.75866827833781214  0.76556640392607866  0.77164750406565019
  0.77713207619906333  0.78255158993614948  0.78817124965127827  0.79342738534243429
  0.79784921176658241  0.80254429295735996  0.80735799799430852  0.81200865406635536
  0.81668463302439021  0.82147679163041465  0.82650050606197534  0.83140775898254771
  0.83655223188244054  0.84153793056989235  0.84603633928934086  0.85039594695535137
  0.85425447008935418  0.85742202791217559  0.86093806574884313  0.86411533068401669
  0.86719717034219235  0.87026306704757972  0.87320789387274766  0.87575712073268108
  0.87824222266802121  0.88078265941781042  0.88319878206092683  0.88589132022634032
  0.88842043305414498  0.89091906119565378  0.89343819372929723  0.89590646473634450
  0.89845723990368054  0.90091487018263394  0.90317601439647710  0.90517911699182341
  0.90716868529900319  0.90920376495073008  0.91133690536463796  0.91366310950461449
  0.91635842405072843  0.91965089950647194  0.92283240674727485  0.92584226245642276
  0.92887324519237924  0.93160341447413897  0.93394993812587790  0.93639379015244506
  0.93893806531394253  0.94156451071263447  0.94443944040720607  0.94747361961935672
  0.95131983510400919  0.95528539069384621  0.95909294558672820  0.96299865755561254
  0.96732962744124396  0.97265795035183267  0.98135182975773128  1.00000000000000000
 -0.02198087234212496  0.15287507265049302  0.20439580650955158  0.24348940221936632
  0.27116736094531141  0.28897057763224399  0.30572403865455994  0.32217998814674886
  0.33622876448321759  0.34781459999047953  0.35793597414714806  0.36744238576933974
  0.37639022339268591  0.38565805752168147  0.39558380509843954  0.40738953595088634
  0.42117376227507158  0.43320955899415242  0.44336323615900114  0.45194603923364457
  0.46022051264518737  0.46877234087678449  0.47715212296925941  0.48529063774151548
  0.49362846959406059  0.50145106650075588  0.50927664318536048  0.51734311336448768
  0.52459654057887262  0.53176838237126156  0.53888360954351999  0.54559963097816477
  0.55225348010991970  0.55921849944065849  0.56411079556104748  0.56900096318528726
  0.57338709033078072  0.57764967740810114  0.58161560312505733  0.58561250082210137
  0.59143706961009734  0.59738690414686080  0.60397885326573109  0.61115884936811660
  0.61838277747662151  0.62438483984850723  0.62799383604097125  0.63094910095113665
  0.63392328169606138  0.63723608267509113  0.64092404846659257  0.64457821716785868
  0.64792797644815847  0.65130049181150496  0.65471511146326944  0.65822314875624477
  0.66183421320621738  0.66564462049206630  0.66920150978330739  0.67223311855570544
  0.67509767589873748  0.67811007687447988  0.68150654594404281  0.68495320037855079
  0.68915519536863989  0.69402487433175730  0.69889525313500767  0.70367460799418158
  0.70847038968079845  0.71312318579024947  0.71741707377673658  0.72151067532607116
  0.72560578330334535  0.72968372069916754  0.73490536872834000  0.74072519010409543
  0.74601594505675795  0.75155127627944596  0.75739289277199884  0.76333189971936144
  0.76940421006732618  0.77565643006379381  0.78327605569371428  0.79025699609530409
  0.79716568128364140  0.80360220781590308  0.81040878447394205  0.81906500290811834
  0.82932025891137440  0.83967239847488062  0.84855917309377082  0.85998395462268351
  0.87438069557438713  0.89275935464790412  0.92215069174384112  1.00000000000000000
   6.2866827282870262E-010  -1.0000000000000000     
 F F F F F F F F F T F F F T F F F T T F F F T F F F T T T T T T T T T T F F F F F F F F F T F F F T F F F T T F F F T F F F T T T T T T T T T T
  <DiscreteSampler_grid>
  grouped_processes
  1 # 1 for a reference and 2 for a running grid.
  10 # Attribute 'min_bin_probing_points' of the grid.
  1 # Attribute 'grid_mode' of the grid. 1=='default',2=='initialization'
  0.0000000000000000 # Attribute 'small_contrib_threshold' of the grid.
  0.5000000000000000 # Attribute 'damping_power' of the grid.
 # binID   n_entries weight   weight_sqr   abs_weight
    10   10   5.098587414409838E+002   8.312639594526931E+005   5.098587414409838E+002
    11   10   5.098587414409838E+002   8.312639594526931E+005   5.098587414409838E+002
  </DiscreteSampler_grid>
