 -0.00004709899529966  0.00046758090439378  0.00081763592513026  0.00111567328312581
  0.00137986968334437  0.00162364612123968  0.00187460643671236  0.00212023305668669
  0.00232919963433501  0.00251810812961387  0.00269515012947220  0.00285926004114303
  0.00302248304598006  0.00317457800296082  0.00332010034206351  0.00344489087782708
  0.00357533157976083  0.00371460421292956  0.00384086489275194  0.00396821162769367
  0.00409345292494230  0.00421846239495903  0.00435707934257364  0.00448677118735731
  0.00461812871460329  0.00477253831499544  0.00493608297929888  0.00510037410816442
  0.00528827946415617  0.00548302127754928  0.00568411892667544  0.00589751386403314
  0.00612387719485158  0.00636541684303823  0.00662951721169525  0.00689167420630420
  0.00715703282174246  0.00738176495242777  0.00761089522163096  0.00784363194051285
  0.00807135672241188  0.00831591096866239  0.00854046857165736  0.00873930146025914
  0.00893165754352150  0.00913666330375059  0.00935392251973063  0.00957182276756558
  0.00977718152515687  0.00997913050486841  0.01018008289312578  0.01036921209845582
  0.01054521422980805  0.01072292575937240  0.01090266748699613  0.01110586658338041
  0.01130580684903517  0.01148578858260934  0.01169818913633562  0.01196480757789228
  0.01227941361348286  0.01260712024428658  0.01294371665792319  0.01329270026754845
  0.01354806432991031  0.01379874317886304  0.01417907162245940  0.01467338449929637
  0.01514885117763638  0.01559584396502364  0.01603891180446811  0.01648193527247642
  0.01693671494801331  0.01737934418662604  0.01780839617276082  0.01885274275230224
  0.01991880504162644  0.02109934725812561  0.02234042419651068  0.02362026596465385
  0.02494847172064279  0.02636019846707986  0.02790783082670922  0.02916380938715248
  0.03023255927853666  0.03129075830989048  0.03211758384240938  0.03294440937492828
  0.03377123490744718  0.03467306582893525  0.03560298190862412  0.03653289798831299
  0.03820345318125021  0.04008395378640604  0.04184395588996939  1.00000000000000000
 -0.00454078201878628  0.01641109656767117  0.03478703295249452  0.05250785971725560
  0.06948166787530646  0.08507897207357029  0.09920607561136574  0.11223065195727934
  0.12452111995521348  0.13712059172832403  0.15163356716107923  0.16715260022860898
  0.18161537333550998  0.19409164783108829  0.20514800022576735  0.21531732316108659
  0.22522312179713164  0.23516937273713850  0.24573867884734671  0.25691476873867347
  0.26785585362038011  0.27886783864951831  0.28970713087526440  0.29998629740172367
  0.30912845796179078  0.31887794415769366  0.32695051283187598  0.33355365805200904
  0.33944770436161448  0.34579796671434138  0.35372261995319870  0.36332868724159723
  0.37469222182313128  0.38741893888898016  0.40018598940673095  0.41249092212864163
  0.42474228365937977  0.43625704197014098  0.44789650535802711  0.45809477822193229
  0.46714873905408305  0.47630421190885897  0.48672395906503213  0.49790968168821231
  0.50868257260200977  0.51788112024353683  0.52584309349691960  0.53341325095042513
  0.54270941854992327  0.55273075054173426  0.56003888553062253  0.56762499126288013
  0.57635180713449985  0.58683049180076641  0.59708205296924399  0.60643850834515844
  0.61757308661606181  0.63099654162795049  0.64562114237972179  0.66012889389915264
  0.67372342980249189  0.68503600321291913  0.69168043585950889  0.69744409649803807
  0.70245384292194668  0.70734275190231677  0.71568665680414056  0.72387104664216273
  0.73394026624032349  0.74523846161240337  0.75534633511169147  0.76594966317813717
  0.77750970599844893  0.79066759688084365  0.80263767391260543  0.81392477943321717
  0.82212835972736009  0.82995852967995121  0.83764796187892787  0.84588185943290961
  0.85569852099621668  0.86751121945298337  0.87942732019491743  0.89170119240695300
  0.90189850111413705  0.91035357419008711  0.91867390301480689  0.92483569491080275
  0.93378317158088642  0.94284036774933966  0.95241751590678059  0.96197822303082414
  0.97065105908854254  0.97964396420626754  0.98952538029203929  1.00000000000000000
 -0.02569656463955052  0.19525879369865370  0.31649681545444047  0.40371732203336702
  0.46893138078094626  0.52160995100814311  0.56329442969319121  0.59862824831842687
  0.62981206320187011  0.65911365846848113  0.68537795098620213  0.70439036790972964
  0.72152540686684441  0.73684444731250898  0.75109622677052457  0.76533231143194635
  0.77866676901223320  0.79063458566957923  0.80045048920916284  0.80898746231227703
  0.81628343399616765  0.82297399450108666  0.82927157116981109  0.83507659154434244
  0.84057917913121971  0.84572037293585933  0.85043365217840683  0.85494844382770652
  0.85971098672395785  0.86431724853459191  0.86876058314430982  0.87298637053855799
  0.87704380813020755  0.88099267883641941  0.88475405992533573  0.88841482707439023
  0.89186906218339013  0.89520689278855647  0.89864059702687338  0.90200013896702480
  0.90523002144353804  0.90810429276206472  0.91086378981254457  0.91334058006451613
  0.91597130788152159  0.91870986238009555  0.92106386890200820  0.92341772925767118
  0.92574774875705690  0.92807841435516925  0.93043811932230636  0.93276078799644468
  0.93498574108593002  0.93722779014151525  0.93933476373659774  0.94114791362210215
  0.94273788066323172  0.94425729006906189  0.94580266385128742  0.94734278367858604
  0.94880561908541416  0.95011877284929136  0.95137441330893591  0.95259993215820715
  0.95381865304907054  0.95506448659632293  0.95640237422220387  0.95776760640218339
  0.95910086593046961  0.96040565632668073  0.96168620565542695  0.96303000054906307
  0.96440885966840806  0.96583336645697115  0.96709969814038077  0.96821888489063768
  0.96890587514521376  0.96956747429272794  0.97023755616936935  0.97090499773994354
  0.97156980761902667  0.97226145785188056  0.97299024923695654  0.97382620303826728
  0.97471454356355691  0.97561861198310007  0.97651471860060579  0.97747313108558398
  0.97924866892201690  0.98094827539696394  0.98259831992877811  0.98462134713710570
  0.98673255511397207  0.98916610951858563  0.99297400863012963  1.00000000000000000
 -0.02761305905371471  0.14973299834815687  0.21319342599087060  0.24377218672834605
  0.26648463963920399  0.28674273991380739  0.30622586644128857  0.32103914530468647
  0.33262497672440705  0.34198392517454834  0.35129147493994056  0.36045402009992339
  0.36838019286683010  0.37546698688614555  0.38357093114167845  0.39243879492101097
  0.40172461866378828  0.41148894762178434  0.42098485799299817  0.42985832055143613
  0.43775767862103476  0.44544499876354177  0.45215138067665239  0.45808233389029096
  0.46406213687519815  0.47004915019463278  0.47660923604292976  0.48409144910170654
  0.49142090813766653  0.49694957380545973  0.50156483147171105  0.50620933744212149
  0.51092444956600169  0.51580329177563089  0.52097386042780425  0.52670301342867709
  0.53232697436191045  0.53765197120099206  0.54284937831901459  0.54847408067950953
  0.55564295573313749  0.56148967468732369  0.56666177761079350  0.57163229317447628
  0.57651137623761961  0.58088741325957538  0.58496964499847059  0.58900730804553592
  0.59289813961407944  0.59787826736825189  0.60399283082256960  0.60969029443381562
  0.61501783620998529  0.61950074373122410  0.62387806446343830  0.62889092653719780
  0.63434505644423700  0.63947032830777484  0.64444487289499097  0.64931483533334367
  0.65407595630337489  0.65855445016409897  0.66282441024719196  0.66774782113187203
  0.67349841607324590  0.67953588529089648  0.68560886527220977  0.69167305119474165
  0.69750063462375522  0.70414029855509253  0.71048565298245492  0.71684711402392054
  0.72319187977222410  0.72950216450746264  0.73605179191522629  0.74297418641121082
  0.74869540840214721  0.75497059605035866  0.76143725858335332  0.76892383264294795
  0.77761643322979035  0.78678721868321477  0.79524446884138289  0.80083626969362953
  0.80521903248933602  0.80951560816112544  0.81402234033013643  0.81882831867968109
  0.82353670207295893  0.83330646256488994  0.84298032034684400  0.85259882208985172
  0.86410508771175643  0.88064778366418084  0.90912316610656285  1.00000000000000000
   4.2520944686345734E-011  -1.0000000000000000     
 F F F F F F F F F T F F F T F F F T T F F F T F F F T T T T T T T T T T F F F F F F F F F T F F F T F F F T T F F F T F F F T T T T T T T T T T
  <DiscreteSampler_grid>
  grouped_processes
  1 # 1 for a reference and 2 for a running grid.
  10 # Attribute 'min_bin_probing_points' of the grid.
  1 # Attribute 'grid_mode' of the grid. 1=='default',2=='initialization'
  0.0000000000000000 # Attribute 'small_contrib_threshold' of the grid.
  0.5000000000000000 # Attribute 'damping_power' of the grid.
 # binID   n_entries weight   weight_sqr   abs_weight
    10   10   4.601785736714463E+000   1.635796597233490E+002   4.601785736714463E+000
    11   10   4.601785736714463E+000   1.635796597233490E+002   4.601785736714463E+000
    16   10   4.601785736701478E+000   1.635796597233407E+002   4.601785736701478E+000
    17   10   4.601785736714462E+000   1.635796597233490E+002   4.601785736714462E+000
  </DiscreteSampler_grid>
