 -0.00003855579128097  0.00073783719516241  0.00147037053084738  0.00220632489129010
  0.00290186198618513  0.00362388764202046  0.00430455958522232  0.00503262162466394
  0.00570169497249455  0.00627748606982553  0.00685288313852413  0.00742733229761191
  0.00808113741381272  0.00881372819004333  0.00949732412393085  0.01020156317314125
  0.01090263143160317  0.01162816038903620  0.01239420349306061  0.01318893257796324
  0.01398446119111190  0.01459038736429763  0.01500967755104095  0.01542920902814230
  0.01586093643183852  0.01629505007863460  0.01671990767772239  0.01713378730756900
  0.01756649024072979  0.01801285080668056  0.01844325924616343  0.01883014887569403
  0.01924784160501961  0.01964869878200796  0.02007977640340232  0.02062958357813384
  0.02116936095456529  0.02168410959325233  0.02227306759403031  0.02287517613225492
  0.02346450665199512  0.02412805607944487  0.02485612723910866  0.02567344892027784
  0.02645678570147270  0.02723051117113165  0.02800621557438433  0.02879966806647567
  0.02973660505068110  0.03074945114932290  0.03152301082435673  0.03251349007512928
  0.03370571988787260  0.03495726315243634  0.03618520852973586  0.03721467853640557
  0.03876784181852117  0.04082508814074216  0.04194218582433769  0.04303008122250289
  0.04400658751583672  0.04495137841413672  0.04588598030613437  0.04678521153949859
  0.04761868616102827  0.04838755047163448  0.04916061709469331  0.05008561265430715
  0.05129710481624671  0.05293539892417614  0.05425011890033457  0.05533377323402030
  0.05677580296394320  0.05836769488836108  0.06012436192643388  0.06212909320766680
  0.06447161188394301  0.06687275856201932  0.06950116970630253  0.07218626682364115
  0.07507832354122915  0.07788903886173033  0.08062718235869362  0.08371232249860638
  0.08684252396708192  0.08986658825026289  0.09335175849629294  0.09699337077828042
  0.10063498306026791  0.10983947918552042  0.11976893733230148  0.12986683732145637
  0.14292408168619963  0.15805577837681178  0.18605736462640746  1.00000000000000000
 -0.00242272092314693  0.00919046496437820  0.01992503406420834  0.03244972747496071
  0.04593329555426364  0.06000057421871507  0.07040920801331015  0.07993233593850924
  0.08961227308849627  0.10000833278856747  0.11127888664698364  0.12245281014649258
  0.13474469920537338  0.14639579135904959  0.15751682226474523  0.16846304845230467
  0.17920759014618468  0.19076085162800302  0.20188995430557552  0.21433381247811245
  0.22412408692141020  0.23263836975758664  0.24127713647924171  0.25209911008301000
  0.26590343777862924  0.28069584469139730  0.29306058158376591  0.30417053683292217
  0.31561360355332585  0.32758308018896698  0.33913146070792372  0.35190624509453883
  0.36648707914314793  0.38235977247664582  0.39653425809307735  0.40975141277546573
  0.42069759639388932  0.43007663940838281  0.43915348063471116  0.44837041582408488
  0.45761103010373239  0.46624794990510326  0.47484902927814188  0.48346123782951167
  0.49260476675737908  0.50148173538980201  0.50854658966142097  0.51398415290428223
  0.51902121002600332  0.52506348630424460  0.53163911355099724  0.53809898668306599
  0.54526003050004523  0.55052107794071292  0.55578148524284454  0.56138663583663173
  0.57004033203873483  0.58077616861325299  0.59171790504650357  0.60257932215457466
  0.61359606389402621  0.62476598598654887  0.63668611802622721  0.64862860132081290
  0.66058937510535332  0.67173012875340732  0.68309066956385545  0.69220508125826941
  0.70185722969566366  0.71313926434554764  0.72419689535041953  0.73413889672212040
  0.74470690447764865  0.75802030401810072  0.77068127939786590  0.78163009896338798
  0.79158113028860155  0.80121115901919260  0.81092161818006914  0.82258472615485823
  0.83565199654087619  0.84846056165801076  0.86098418961733791  0.87360339205846271
  0.88424782929901136  0.89523086782515993  0.90399136465459928  0.91235935600904428
  0.92284561394245879  0.93320563954364411  0.94431996153026376  0.95535915627369072
  0.96711941975002569  0.97864469776600893  0.98938891464308243  1.00000000000000000
 -0.00557237897800768  0.08072045145522902  0.14025255230086459  0.18953200640000603
  0.22777441683677357  0.26490833024942401  0.29303298481852869  0.31927797749081388
  0.34584517393685560  0.36913300875985861  0.39004552499403389  0.41010656939431889
  0.42926420178985758  0.44780597481279322  0.46764950168057196  0.49036956733538878
  0.51091397110205861  0.52935290690151415  0.54672439510620119  0.56085194150370776
  0.57357040240485024  0.58441558380672809  0.59353046231456530  0.60210723746278361
  0.61088735106934311  0.62002501324130888  0.62886839728585486  0.63776239803125645
  0.64744903968610479  0.65783458130892480  0.66772882383009713  0.67784930894470363
  0.68795506955862362  0.69644056073165705  0.70457019443567481  0.71189847490526359
  0.71927260567386053  0.72598670994064907  0.73234761621823119  0.73826445982217437
  0.74484492522935253  0.75187972117660384  0.75813158793489321  0.76385382269608837
  0.76929127843181910  0.77399285091839654  0.77906895504699347  0.78474042834605029
  0.79027203114928002  0.79542093583613616  0.79966827893699055  0.80363608847779755
  0.80753999859048953  0.81152903178869051  0.81572008820535757  0.82005151063947745
  0.82420871778493443  0.82813414051937428  0.83193584969157508  0.83591317454721425
  0.83999384775885311  0.84400390563903482  0.84800113290483137  0.85186244805104616
  0.85567850951894386  0.85941902467394038  0.86318420887622815  0.86700576560050802
  0.87080111665828008  0.87448308925031126  0.87800322017779331  0.88181647867625490
  0.88623711930417992  0.89080993021665444  0.89535670342710671  0.89971480660237912
  0.90391533862883267  0.90810119132181544  0.91244722881055518  0.91698349080530484
  0.92113096348383927  0.92475483731438402  0.92814436996250826  0.93139758573986675
  0.93455967987183552  0.93774857941026357  0.94174722427491409  0.94584632914669631
  0.95002917224384786  0.95432764420036575  0.95881828998259477  0.96395047763053254
  0.96948924958822524  0.97659517229645509  0.98655710342491421  1.00000000000000000
 -0.01684972464280332  0.10526084216684706  0.14252861323708413  0.16321472245280977
  0.18325050649654664  0.20329751034539006  0.22033922474830039  0.23428422099479773
  0.24626490665329626  0.25687029830845376  0.26648916701906239  0.27547769315305703
  0.28394884934406867  0.29167113591337662  0.29797568094104604  0.30361806949190179
  0.30859840487899931  0.31460089298733984  0.32119730911353062  0.32849822257004724
  0.33600129818094804  0.34344913651769848  0.35069647955641003  0.35738201942816544
  0.36526559967192540  0.37297868407016421  0.38035498923345723  0.38738845744154787
  0.39382606244059576  0.39990384438768928  0.40611921243933663  0.41253235882938399
  0.41867960353904138  0.42438694151297546  0.42999413825935406  0.43574253156434301
  0.44208406175129222  0.44772440255526241  0.45329157140371501  0.45904817429142192
  0.46489492264815446  0.47083124589107117  0.47650190391519898  0.48142184180897224
  0.48602679487996747  0.49125084072606062  0.49684093855458478  0.50160160074595694
  0.50573971326953582  0.50969669392729222  0.51373742148635737  0.51767045754323049
  0.52140267700588094  0.52526653834428894  0.52964021579607190  0.53490539910406920
  0.53998779856769097  0.54507476372063612  0.55056789113671578  0.55525373011082912
  0.56020318281289161  0.56564807451160015  0.57138245397440990  0.57709994877102166
  0.58292999770536857  0.58897401140128980  0.59462412436479739  0.60005929422663074
  0.60646593550450290  0.61304694023979811  0.61947431474600401  0.62578743582597685
  0.63246627730147931  0.63959961849379765  0.64751711906507137  0.65646291242587795
  0.66629456797180242  0.67529949036270642  0.68455425980166018  0.69449554993345952
  0.70491429535527184  0.71540727880768662  0.72638528504123967  0.73610522638513043
  0.74616582005598453  0.75654320848630319  0.76761119292350621  0.77806119686991315
  0.78898523754515049  0.80128289495565841  0.81364692393166693  0.82874969323116821
  0.84584979258745130  0.87265486375484924  0.90856434366142302  1.00000000000000000
   1.1310412776307382E-011  -1.0000000000000000     
 F F F F F F F F F T T T F T T T T T T T T T T T T T T T T T T T T T T T F F F F F F F F F T T T T T T T T T T T T T T T T T T T T T T T T T T T
  <DiscreteSampler_grid>
  grouped_processes
  1 # 1 for a reference and 2 for a running grid.
  10 # Attribute 'min_bin_probing_points' of the grid.
  1 # Attribute 'grid_mode' of the grid. 1=='default',2=='initialization'
  0.0000000000000000 # Attribute 'small_contrib_threshold' of the grid.
  0.5000000000000000 # Attribute 'damping_power' of the grid.
 # binID   n_entries weight   weight_sqr   abs_weight
    10   10   3.829684551137320E+002   1.114100477406216E+006   3.829684551137320E+002
    11   10   3.829684551137320E+002   1.114100477406216E+006   3.829684551137320E+002
  </DiscreteSampler_grid>
