 -0.00004099069483448  0.00079574869980598  0.00162342558489080  0.00245990158465891
  0.00326957601794124  0.00406723922959205  0.00487254933934641  0.00564570526294590
  0.00640000846229517  0.00707603292309048  0.00772389910713613  0.00832898739669982
  0.00895935790800040  0.00961821896728728  0.01028547022046754  0.01093605288424972
  0.01155248779195342  0.01206025725334569  0.01255743052451635  0.01308103107565591
  0.01358362832598940  0.01408253558721277  0.01457159714830849  0.01505966821202225
  0.01557031747658524  0.01612498693504477  0.01669046528728257  0.01721541175104130
  0.01770865022427179  0.01822237536250509  0.01876516393345914  0.01935603693562609
  0.01993820633045603  0.02049566847167749  0.02100144752355025  0.02148429320299659
  0.02206172763363134  0.02270828873271156  0.02337276207421764  0.02402375423227026
  0.02473452528544061  0.02548462421565586  0.02622049807054291  0.02707878526541544
  0.02847452887328505  0.03024358213245960  0.03188046322643899  0.03348349459910174
  0.03475716574074898  0.03572827646960090  0.03635108341247462  0.03714095205631904
  0.03788881078077782  0.03876494909066731  0.03965526256151603  0.04052540817225739
  0.04137758296267730  0.04221081761290572  0.04303756748528633  0.04394450640341824
  0.04486423423795721  0.04562564930515958  0.04635909077371893  0.04708511168134618
  0.04783667306350368  0.04863812122016097  0.05014297801466309  0.05284800954223574
  0.05564593124208538  0.05754612296699853  0.05883796817634011  0.06006410557212831
  0.06105339870471475  0.06198607196394101  0.06293535372235004  0.06391492972864869
  0.06490249829091263  0.06590346405863118  0.06706172732823505  0.06833051701535955
  0.06966790627604570  0.07110066089644436  0.07236472449372471  0.07324480555276258
  0.07501879136598399  0.07803240538788955  0.08162026067866078  0.08564250312344963
  0.09139832208092645  0.09617960925695253  0.10052093775745473  0.10709744027914382
  0.12106850976505118  0.13503957925095852  0.49968120718241282  1.00000000000000000
 -0.00278976160509195  0.01267427686627767  0.02414533214614949  0.03532094462852402
  0.04642990282982392  0.05867969590788945  0.07452717137758300  0.08626444283050588
  0.09608891718312489  0.10593555909851167  0.11596283756301962  0.12501691376712526
  0.13444827831991388  0.14555315686913861  0.16153251309963318  0.17513665301006209
  0.18636001059356866  0.19531353273481325  0.20601341514405105  0.21789638991273100
  0.22916278795163647  0.23935760923295460  0.25022419130989237  0.26308050942535599
  0.27415385845977502  0.28131803912657982  0.28813766913106542  0.29523073663529753
  0.30353937649044999  0.31162401302543835  0.31925085237441753  0.32608430879775629
  0.33641632910227476  0.34962723311592292  0.36186728435794990  0.37185458737501725
  0.38126835731704928  0.38837845436283125  0.39544460165399703  0.40298411128512640
  0.41259728227302667  0.43038828799238732  0.44884906847430428  0.46237498857371595
  0.47274392503133184  0.48262375035465666  0.49262771951874007  0.50262570002721696
  0.51327077640900653  0.52418420755494399  0.53432899486557162  0.54405986128431361
  0.55352789859415330  0.56289661672912095  0.57306303819629245  0.58260026986442015
  0.59188810728061592  0.60125025964047429  0.61094856129361041  0.62191218779759849
  0.63120239086748620  0.63877359203311357  0.64679300302650755  0.65582349981746013
  0.66593292445301966  0.67612817342945741  0.68671679530885177  0.69918487533279072
  0.71121230052080686  0.72290772394754321  0.73420778730500258  0.74646345025990557
  0.76160719570490731  0.77391804326374525  0.78267508070571812  0.79074330865748599
  0.79861638464175688  0.80697972791657324  0.81375947260232195  0.82168829254486442
  0.83130710453175405  0.84093729279585694  0.85012308219102617  0.85938609030597923
  0.86882264809336274  0.87882798053520617  0.89024487572368238  0.90157366873895961
  0.91409166134242181  0.92540647227937411  0.93729935828317545  0.95029071816921484
  0.96316928090580334  0.97561987952247253  0.98774498271755773  1.00000000000000000
 -0.00854122662289256  0.10116183726736520  0.16955223824502971  0.22628009726771878
  0.27960469127978693  0.32352545616218070  0.35717680782392264  0.38814012253952374
  0.41938983074589281  0.44531273420410833  0.46855599480544624  0.49412038679106440
  0.52165094610268536  0.54403292921092050  0.56058283366288875  0.57636880935430002
  0.59209965040153356  0.60782280483641338  0.62314597643415004  0.63560661143510300
  0.64681087976729990  0.65644376122480463  0.66572884050645798  0.67459720200557571
  0.68317646581280334  0.69142915512729963  0.69972056604725641  0.70826341781414104
  0.71658690773031863  0.72420165301988193  0.73154440900581930  0.73861074871180288
  0.74540907177056404  0.75227782502945961  0.75944571589711718  0.76643508666494176
  0.77266542190177112  0.77816887919535160  0.78357218635958636  0.78884059974867415
  0.79343565396989035  0.79744690876936275  0.80137151807476825  0.80558493646914786
  0.80999833300179458  0.81429174508580704  0.81839896533166268  0.82260752428761819
  0.82691292041108055  0.83123659274782735  0.83483779875580855  0.83822490327628085
  0.84158464982646863  0.84498665304035336  0.84862201848746877  0.85210946047763969
  0.85580270600389363  0.85981515194681024  0.86399756263695948  0.86793690144301283
  0.87147580175208106  0.87476839499569925  0.87793992758015693  0.88122194589064429
  0.88469744345522550  0.88852619330364857  0.89302039854506576  0.89659534531932483
  0.89943877455359256  0.90207405315135625  0.90443488893143986  0.90657185850073319
  0.90864436885800770  0.91090593286449328  0.91432498761898851  0.91812229308044446
  0.92137369540008018  0.92422178563922486  0.92687613567573046  0.92927835327467689
  0.93173404691243977  0.93429432289828218  0.93709813744425663  0.94021556395925454
  0.94329916955949333  0.94606166104609735  0.94852502628200086  0.95089262973989885
  0.95311599642762501  0.95540434558314424  0.95811493986226670  0.96154696121886507
  0.96605588042991530  0.97208851281957964  0.97992055861276350  1.00000000000000000
 -0.01770263325850025  0.12797820161471746  0.19332735615943714  0.23534271530802564
  0.26438576605280234  0.28670925069995740  0.30214763703765402  0.31486032931003266
  0.32670817458773993  0.33832018725103685  0.34999737646460910  0.36001765492833843
  0.36851853360206499  0.37664898287053422  0.38415674484561557  0.39128419321659585
  0.39887451623999615  0.40746178797771643  0.41671865746627268  0.42587478876463403
  0.43408711247478493  0.44047266920406386  0.44696016183970594  0.45339370147790059
  0.45945224835379644  0.46526312440075956  0.47105514902718304  0.47688484465143138
  0.48270800603877939  0.48905461239053544  0.49585940509472060  0.50188694173644666
  0.50761340106895392  0.51275793296719330  0.51788979825070980  0.52314172223792665
  0.52844981515271772  0.53394349585613765  0.53966781784193696  0.54467125305335473
  0.54868312746449599  0.55282183179012767  0.55680416824918488  0.56142447298585818
  0.56571689290150762  0.56993759977669622  0.57405783569023239  0.57790576091788415
  0.58171007978852729  0.58562207628466079  0.58990143465939993  0.59418444310627194
  0.59831686457867006  0.60245191947384624  0.60650522654186834  0.61084645207994215
  0.61502807741223720  0.61923633900494435  0.62359221293107492  0.62762499864742693
  0.63157750895754616  0.63543534282479974  0.63916907085452945  0.64319826039296801
  0.64776286430914154  0.65311983737534385  0.65864810619660508  0.66275981910446247
  0.66691512521401197  0.67130150321733972  0.67570477876375956  0.67985927985642691
  0.68488808977746429  0.69112536898534460  0.69815724220817710  0.70511501368956730
  0.71210192072438849  0.71864995500439355  0.72526543490552664  0.73312911820359106
  0.74155249338056894  0.74972099906029388  0.75683120701278639  0.76423335600345410
  0.77245660101652380  0.77935499209295234  0.78626579595822532  0.79363350728897220
  0.80321656252930596  0.81132969422763368  0.82258667361414450  0.83770321033149797
  0.85658269369607309  0.87958373946890367  0.91140722051989509  1.00000000000000000
   7.2682662073462673E-013  -1.0000000000000000     
 F F F F F F F F F T F F F T F F F T T F F F T F F F T T T T T T T T T T F F F F F F F F F T F F F T F F F T T F F F T F F F T T T T T T T T T T
  <DiscreteSampler_grid>
  grouped_processes
  1 # 1 for a reference and 2 for a running grid.
  10 # Attribute 'min_bin_probing_points' of the grid.
  1 # Attribute 'grid_mode' of the grid. 1=='default',2=='initialization'
  0.0000000000000000 # Attribute 'small_contrib_threshold' of the grid.
  0.5000000000000000 # Attribute 'damping_power' of the grid.
 # binID   n_entries weight   weight_sqr   abs_weight
    10   10   2.167175174362668E+001   3.495819636604114E+003   2.167175174362668E+001
    11   10   2.167175174362668E+001   3.495819636604114E+003   2.167175174362668E+001
  </DiscreteSampler_grid>
