 -0.00002342057652710  0.00048307522995428  0.00092175088383573  0.00135247179089873
  0.00177992746350766  0.00220526885384543  0.00268162731553479  0.00319166139960751
  0.00364150122986275  0.00407379616398061  0.00453508050007037  0.00499172450670520
  0.00544479417731681  0.00588133312342589  0.00628812792361190  0.00671619940422998
  0.00716702775077690  0.00760367524944455  0.00802120426705601  0.00843917527292767
  0.00887290378385740  0.00933482460667875  0.00975275882708584  0.01016355783661043
  0.01058266264238829  0.01097894613038314  0.01137474013618129  0.01177475465571995
  0.01219304988065571  0.01258904643592410  0.01296414269446677  0.01334802129433305
  0.01376679463213538  0.01420726474109628  0.01465947433348703  0.01511881031173977
  0.01556591548437373  0.01600145548454149  0.01636238432615032  0.01667748678995466
  0.01697658055329879  0.01728186643268736  0.01760505802137453  0.01795314768993752
  0.01834337717879689  0.01879124723185282  0.01927881285624404  0.01967638483688886
  0.02011200561986397  0.02063265773763600  0.02111283652901675  0.02149734390613216
  0.02193446870230893  0.02249036126881441  0.02309889670653575  0.02391028632779405
  0.02483179929442484  0.02574989595405562  0.02667900039141710  0.02753816004960950
  0.02842280756458443  0.02930856225031140  0.03014189729159686  0.03089809671730974
  0.03160010069670115  0.03232078833423928  0.03304023307029352  0.03370727591877386
  0.03441737503419955  0.03531193532072349  0.03634780059922041  0.03730480570386453
  0.03819998318507401  0.03909288508310326  0.04001969302639082  0.04105887509937742
  0.04224935768571482  0.04397055397587652  0.04482977792364729  0.04508402290093470
  0.04533826787822209  0.04559251285550950  0.04584675783279690  0.04610100281008430
  0.04635524778737170  0.04883170636826073  0.11379444207522094  0.17875717778218103
  0.24371991348914124  0.30868264919610133  0.37364538490306148  0.43860812061002158
  0.50357085631698173  0.56853359202394183  0.63349632773090203  1.00000000000000000
 -0.00347194619007309  0.01354137391208157  0.02582305614088568  0.03648504693372051
  0.04621140847925043  0.05507959016095800  0.06322819922776310  0.07074174879057124
  0.07838750029979873  0.08593880378508399  0.09371461733948300  0.10342358429861447
  0.11221530850878227  0.12026508493585901  0.12263406430853402  0.12492973133855274
  0.12725439325673943  0.12983068173887483  0.13240697022101025  0.13510436938976686
  0.13823262672954936  0.14136088406933189  0.14734801005650938  0.15881534627235436
  0.16951234096596576  0.18039402081948522  0.19264041055215453  0.20588879782120920
  0.21867655607120032  0.23019824203081096  0.24094680746872174  0.25153014562179632
  0.26257368952960392  0.27422156220383875  0.28611921886579433  0.29844890131967422
  0.31089412539786188  0.32237015451458317  0.33341107451457491  0.34448165682573678
  0.35398907474308777  0.36325640020270583  0.37235038326056774  0.38356845869388667
  0.39670208335894847  0.40671538435744919  0.41796419337063367  0.42638253700671125
  0.43638992826684880  0.44673656644356446  0.45688968540931463  0.46749171192331557
  0.47913020039933402  0.49485526807232344  0.50726580365703444  0.51667792989022487
  0.52550030709516093  0.53489139693695664  0.54657143693011678  0.56096299836166130
  0.57713438064745382  0.59392464137961176  0.60775208571899486  0.61989819956040726
  0.63171746798863537  0.64520142768062683  0.65883258378120868  0.66894871558731495
  0.67871661304188735  0.68844884732324629  0.70051311777166203  0.71308476053578951
  0.72380017584923906  0.73497336144620140  0.74600653861584176  0.75600830051646473
  0.76501801206730879  0.77391904426567293  0.78409511009406496  0.79517800722596821
  0.80814634275751329  0.82175271482228796  0.83419505444800368  0.84631571694292873
  0.85902183894648321  0.87214650596369603  0.88528183080379852  0.89816499119015647
  0.91223295468622523  0.92821301211061435  0.94457317676768171  0.96055087062316824
  0.97151261961718183  0.98188966460876059  0.99125728899553778  1.00000000000000000
 -0.00386576865914489  0.05903624277998691  0.10386337133502474  0.14405552450404166
  0.17802103967047189  0.20720897766483690  0.23657429221012596  0.26238557624712489
  0.28497536660618078  0.30867798919362560  0.33147780656639414  0.35403807353221706
  0.37645501179777602  0.39647035604744990  0.41421236100566805  0.43243875944380561
  0.45047131389495088  0.46695246279407521  0.48128436703784988  0.49498907253328672
  0.50850374221075956  0.52184540019133385  0.53428520813150582  0.54630334802680991
  0.55776310092057857  0.56821560147293049  0.57687567882785484  0.58591134617935536
  0.59493300190288911  0.60563118325332344  0.61632296772082851  0.62564633045358675
  0.63322468904259810  0.64038471410787390  0.64797749476520972  0.65484306687177707
  0.66151141089702814  0.66764686520414918  0.67429581336627831  0.68078813075680467
  0.68709002437989652  0.69466618871728780  0.70240874321103342  0.70918548588960750
  0.71515781403219458  0.72108484954735752  0.72741558381777882  0.73364033013674890
  0.73930749838270104  0.74461935963731707  0.74992086609016873  0.75498697871405507
  0.75982070840440186  0.76452156936495574  0.76887040864692657  0.77304183700902673
  0.77752539149882294  0.78205925022177969  0.78681995760068091  0.79122807873429601
  0.79533060476236095  0.79938370559690208  0.80411936314940347  0.80864083093974948
  0.81284120990895847  0.81664482922711401  0.82075185957372432  0.82512058799363008
  0.82953615370510525  0.83383503878096799  0.83813426152738213  0.84244341591078198
  0.84675491847808049  0.85098817593835985  0.85590586366027077  0.86145582343416260
  0.86637465580043838  0.87090004557105694  0.87517798301226168  0.87992657242945627
  0.88511788289120474  0.89020528804335519  0.89512220360651351  0.90048368868830608
  0.90607690082600878  0.91183785985745480  0.91808779351182579  0.92175674982186295
  0.92425864907681354  0.92676054833176413  0.92994984511816803  0.93314374513726628
  0.93712133795870833  0.94302642618674370  0.94893151441477908  1.00000000000000000
 -0.01624418899525337  0.10948315144536080  0.15343089102244503  0.18803123080752734
  0.21509491044844894  0.23697982601083337  0.25483803064297672  0.27175180868457083
  0.28388328932274332  0.29440613190525128  0.30342050232073881  0.31297921234261672
  0.32061061912015176  0.32762067131404110  0.33438963059451726  0.34033960856127204
  0.34580591040939168  0.35140095364761281  0.35714754554167116  0.36352799280353149
  0.36921189287518846  0.37425810535022624  0.37858630706445562  0.37975733715447635
  0.38092836724449708  0.38209939733451787  0.38331229308624148  0.38452653849168417
  0.38574078389712685  0.38714598850300491  0.38857670584587828  0.39000742318875170
  0.39469720639698264  0.40109197541164843  0.40630430625699021  0.41164630538204117
  0.41673517082217471  0.42197324607549697  0.42692758623962801  0.43127838306555566
  0.43531689698299530  0.43994962311210900  0.44567527865462103  0.45158638743187740
  0.45770326417337159  0.46391728517306335  0.47020216514044683  0.47604813749568181
  0.48153577340103165  0.48744314670802463  0.49367536435261122  0.49944722333424890
  0.50544190446171366  0.51260621494225977  0.51928122746006655  0.52550058061039795
  0.53124269178355310  0.53697844364104708  0.54263292896358029  0.54768165149028414
  0.55329522172680956  0.55947744316735859  0.56577231903060932  0.57196856225371695
  0.57806860821317185  0.58456000127760444  0.59097390458096088  0.59632648881702088
  0.60138194809779355  0.60625146896860005  0.61247336362718197  0.61967910960148320
  0.62637199611199834  0.63448903602967466  0.64322246522046633  0.65143799807621672
  0.65954824737066398  0.66782764898322788  0.67742681438627672  0.68760016796519108
  0.69668936032295103  0.70539647611416445  0.71414298751563998  0.72304442131999302
  0.73165936141384036  0.74016786945843249  0.75055873440101850  0.76507796602867284
  0.77828325199329829  0.79167517461559489  0.80733599373281129  0.82279093643178547
  0.84129328876304632  0.86453968290533878  0.89867509821507463  1.00000000000000000
   4.3127711768663204E-028  -1.0000000000000000     
 F F F F F F F F F T T T T T T T T T F F F F F F F F F T T T T T T T T T F F F F F F F F F T T T T T T T T T F F F F F F F F F T T T T T T T T T
  <DiscreteSampler_grid>
  grouped_processes
  1 # 1 for a reference and 2 for a running grid.
  10 # Attribute 'min_bin_probing_points' of the grid.
  1 # Attribute 'grid_mode' of the grid. 1=='default',2=='initialization'
  0.0000000000000000 # Attribute 'small_contrib_threshold' of the grid.
  0.5000000000000000 # Attribute 'damping_power' of the grid.
 # binID   n_entries weight   weight_sqr   abs_weight
    10   10   7.653339345708608E-015   9.898598152935023E-029   7.653339345708608E-015
    11   10   7.653339345708608E-015   9.898598152935023E-029   7.653339345708608E-015
  </DiscreteSampler_grid>
