 -0.00006184724052816  0.00109016617840503  0.00201870599347908  0.00281744867178324
  0.00353578320102179  0.00421835833979861  0.00486516341189519  0.00554328307156939
  0.00623972795843105  0.00693701994281632  0.00759388080157215  0.00824982234495283
  0.00890714755890558  0.00959791015974248  0.01028564566341625  0.01093143251366200
  0.01156410310388574  0.01215597706161819  0.01271204548894243  0.01323969421479601
  0.01381909265585632  0.01441873457734980  0.01506390590709178  0.01572234653031029
  0.01640138510178756  0.01711595621583739  0.01779774371860477  0.01848029487931339
  0.01919172112713449  0.01989648221703375  0.02059228294665824  0.02133595999721364
  0.02210776194308848  0.02287868755684853  0.02365568730243702  0.02446781973013823
  0.02525429071127068  0.02593328080171898  0.02658439272630519  0.02724358434582875
  0.02791367027950230  0.02859622934752367  0.02933381240596719  0.03013805658460701
  0.03101415789632648  0.03187526480020424  0.03272805513585605  0.03360753195775246
  0.03452097442729295  0.03548513551033846  0.03651274990017574  0.03760530690834171
  0.03865742736497737  0.03968978835645605  0.04066857210580292  0.04155606165921448
  0.04245541904024700  0.04337047168369718  0.04428718298070621  0.04527686790508131
  0.04636417658178837  0.04742414571095994  0.04850673172000494  0.04957487596281172
  0.05075430985379916  0.05214097265879683  0.05359413036737564  0.05526757383424804
  0.05675955304526904  0.05804884630677935  0.05923682235558845  0.06041534022687764
  0.06163958064286698  0.06284919609758013  0.06441047981931526  0.06607293365701304
  0.06783200827359419  0.06987257252932463  0.07233610795567406  0.07462279641047387
  0.07790716121752397  0.08467669367185060  0.09556616489070648  0.10839664629624438
  0.11589814048044346  0.12201520829941671  0.12650535118172290  0.13154881480280681
  0.13708921807629335  0.14525977573230747  0.15793195472012653  0.16973894609653467
  0.18453895431196440  0.19949809096774115  0.84087860254765923  1.00000000000000000
 -0.00232384474023658  0.00898589098507161  0.01890898517023804  0.02736601898068201
  0.03518429182455474  0.04360026375260206  0.05262597247925117  0.06224134502562218
  0.07113778027018428  0.07951567269831747  0.08861584447183536  0.09814357949190439
  0.10761843603091614  0.11639145106378103  0.12497041903477614  0.13427482801780735
  0.14513345342246844  0.15696303456960664  0.17027690544350688  0.18440223061747862
  0.19771467036055224  0.20924809828159557  0.21938320911873690  0.22958517265845815
  0.24000398402104692  0.25131986443537957  0.26302436086246733  0.27535168266972865
  0.28928783340788239  0.30305035511779477  0.31596477753755675  0.32818025999837569
  0.34069923236146565  0.35353578170475636  0.36554281212178619  0.37750855632742569
  0.38985176767020902  0.40195180553918614  0.41521829297479612  0.42565202402799179
  0.43527147192179322  0.44527242136736611  0.45508052013560812  0.46430743624060250
  0.47348355412486853  0.48347294098163418  0.49282038710334281  0.50168607092811457
  0.51112369959108506  0.52075984703220912  0.53199227629331203  0.54320624618084479
  0.55259684380677743  0.56109358753509997  0.56980197698718171  0.57863775541619711
  0.58733508446216065  0.59586126713261756  0.60484282146161017  0.61418395041419105
  0.62361113163189807  0.63283287922152287  0.64170542002493103  0.65248644434532410
  0.66673010486822948  0.67727131219230130  0.68753521187827005  0.69717106828584197
  0.70607297594467566  0.71449035555139417  0.72306976795497913  0.73196682082917230
  0.74062307231304580  0.74925237353373586  0.75725274696800138  0.76598477497803374
  0.77576817318390823  0.78589449351517604  0.79753937633939564  0.81015984116584217
  0.82348337073366284  0.83651120353271680  0.84810224820379487  0.85909261961246264
  0.86998236488270853  0.88077588026159903  0.89205191958472585  0.90329393822160187
  0.91528573533281610  0.92776276812337422  0.94020433965081196  0.95278350076148155
  0.96547714444712096  0.97702248652302537  0.98850438518642914  1.00000000000000000
 -0.01367593888006162  0.14503450436667789  0.22786547873805471  0.28993896491287852
  0.33626020863899825  0.37607403192836769  0.40807144134131951  0.43663420068584369
  0.46436324413972924  0.48869901833653412  0.51105451382294387  0.53149183542675760
  0.54996935594463892  0.56662549640814119  0.58208998667153311  0.59742530887989165
  0.61386965526244619  0.63013443768633570  0.64480241608493871  0.65733518956365689
  0.66844375476355145  0.67877168559312884  0.68923010631681492  0.69881642874930205
  0.70782979026680204  0.71666720505617398  0.72601786970424143  0.73448489666374583
  0.74224502183434615  0.74934862674841995  0.75554611667623028  0.76156329413551238
  0.76763864438054796  0.77414411952573237  0.78083415049264104  0.78754553936964999
  0.79322532187352601  0.79851475099960201  0.80367681599270913  0.80877208653488242
  0.81383358188907362  0.81877015675554043  0.82348901053758461  0.82801158040627099
  0.83231405037435768  0.83613470723674499  0.83969434460315018  0.84345938911923757
  0.84734676992608537  0.85100493893912543  0.85475952204851002  0.85863772370675784
  0.86246770432751563  0.86617421993599575  0.86983779217972779  0.87341360433822579
  0.87678584511318569  0.87973071478135323  0.88281953582130501  0.88592684422940138
  0.88901704126911729  0.89206466958237929  0.89510067699949802  0.89814539682040317
  0.90108159666234022  0.90405247697030833  0.90700877784470113  0.91001479426273790
  0.91303691702684253  0.91592358481957248  0.91845091756786357  0.92101408614245250
  0.92363395983142338  0.92630424807795997  0.92896418262281522  0.93141732494490270
  0.93359893254589443  0.93569025957694696  0.93782237986779682  0.94005118116586683
  0.94236867580525097  0.94487650677229773  0.94743464335741967  0.95010332633321959
  0.95303490807344216  0.95619410100610702  0.95948483723405731  0.96285637097467303
  0.96627980973510785  0.96954270271062404  0.97294184755495494  0.97589853971322793
  0.97921082847169638  0.98337092500105372  0.98924728473775392  1.00000000000000000
 -0.01306457135029447  0.08589328048215869  0.13641215408888918  0.16995137846381800
  0.19887351057240141  0.22379485830561557  0.24455208566214651  0.26234544540059579
  0.27579672900679453  0.28655881032341246  0.29650040442269399  0.30514727872868430
  0.31537653275049837  0.32456525561765404  0.33331853462060712  0.34076408848258255
  0.34789894545935440  0.35513066562494761  0.36185186544207226  0.36887960011288340
  0.37558395530391853  0.38238209590482053  0.38848282717173654  0.39411354857357811
  0.39982144535521486  0.40569288899480593  0.41285142830914101  0.41949023449123879
  0.42544993588255958  0.43112763250391828  0.43653806668943179  0.44185004679125978
  0.44679573640825809  0.45171067874495452  0.45634421417072152  0.46061010580107381
  0.46477864343715070  0.46915008828008214  0.47386724215541010  0.47914609099380245
  0.48428163794786777  0.48897832158514759  0.49337961421123117  0.49772362494041356
  0.50216205133739678  0.50683600995638289  0.51148374546561715  0.51578587186038083
  0.52010132840752099  0.52482878504446862  0.52975700716995200  0.53508619612311181
  0.54075292853808976  0.54671526132564874  0.55248354711649017  0.55854951271560949
  0.56389643640216136  0.56801638467326465  0.57181795409340452  0.57556550982173638
  0.57945994948815049  0.58381339076623373  0.58873559152924282  0.59417516483675581
  0.59974429749706093  0.60553726705436584  0.61142013504523607  0.61768023347299106
  0.62252271504769663  0.62793732884993536  0.63523676305209431  0.64207702467159944
  0.64895423393664231  0.65638915690092969  0.66429606903242100  0.67232855025462279
  0.68086348725195800  0.68802053474039904  0.69365910329274794  0.69919487689928883
  0.70518070384766229  0.71140374307180931  0.71785181891267213  0.72482826760578545
  0.73247325607201408  0.74048760979038608  0.74901860520945540  0.76105813823761270
  0.77594894343609655  0.79154175350451372  0.80769609595543512  0.82584170955794378
  0.84614173376335577  0.87236264696796084  0.91150050593704479  1.00000000000000000
   1.1155189421543690E-043  -1.0000000000000000     
 F F F F F F F F F T T T T T T T T T F F F F F F F F F T T T T T T T T T F F F F F F F F F T T T T T T T T T F F F F F F F F F T T T T T T T T T
  <DiscreteSampler_grid>
  grouped_processes
  1 # 1 for a reference and 2 for a running grid.
  10 # Attribute 'min_bin_probing_points' of the grid.
  1 # Attribute 'grid_mode' of the grid. 1=='default',2=='initialization'
  0.0000000000000000 # Attribute 'small_contrib_threshold' of the grid.
  0.5000000000000000 # Attribute 'damping_power' of the grid.
 # binID   n_entries weight   weight_sqr   abs_weight
    10   10   1.431556981075906E-031   5.664575896418852E-062   1.431556981075906E-031
    11   10   1.431556981075906E-031   5.664575896418852E-062   1.431556981075906E-031
  </DiscreteSampler_grid>
