 -0.00038139643193403  0.00222151215048934  0.00370525438498277  0.00515727107509829
  0.00683770630899493  0.00880289667322325  0.01090020965705757  0.01313680559943709
  0.01549355315481447  0.01798259857006613  0.02059100377808554  0.02346573588235158
  0.02659518550403159  0.02992246212090123  0.03332243664126665  0.03690651472246517
  0.04083713191543213  0.04503300693197149  0.04922929255234736  0.05347641738137279
  0.05798496625902669  0.06279639406332670  0.06757384149247968  0.07239226794395115
  0.07730693091479646  0.08247769571880202  0.08796767850269178  0.09365630970881705
  0.09958503766927705  0.10570919102386196  0.11206625517440835  0.11850025107468837
  0.12489736176465621  0.13124869485261606  0.13780829884157780  0.14498705700721179
  0.15267528746772369  0.16054625436536787  0.16854725107976662  0.17685249290216498
  0.18544369464506866  0.19446545862854916  0.20385857674037755  0.21356131119798605
  0.22382860921618966  0.23459823328229379  0.24569469063038463  0.25726996920221162
  0.26899268460276160  0.28141813020271550  0.29460294060530451  0.30823020858635125
  0.32262650801034976  0.33788468358109097  0.35416927155002215  0.37147489163669051
  0.39026067532433761  0.41121052119097057  0.43536633410091347  0.45985473920318742
  0.48516404436631372  0.51048509104501594  0.53664990721212369  0.56272959996468086
  0.58766937519749018  0.61167884437068476  0.63443248223470683  0.65564995983395769
  0.67525305757856968  0.69316505182220922  0.70977679686320672  0.72596808025953607
  0.74162230692372844  0.75726167613454753  0.77170525707365445  0.78543516079763909
  0.79873335311080007  0.81157123245001817  0.82373460748255545  0.83554412864500061
  0.84690988254971222  0.85820320413374829  0.86951200495830860  0.88070980961716805
  0.89193493519146416  0.90300453865776564  0.91378065377394790  0.92411823234523127
  0.93408112512169050  0.94400803980475134  0.95373855775293792  0.96314537819452495
  0.97231525461346002  0.98147255757030794  0.99067816550466248  1.00000000000000000
 -0.00253669136365429  0.00880628003687707  0.01900329760626924  0.02980273483735820
  0.04076227083878928  0.05172000632458781  0.06244955989843970  0.07329827972918003
  0.08436177788250140  0.09588897451622924  0.10731578219675679  0.11838692220462112
  0.12947596732938527  0.14042485354706249  0.15114738178680356  0.16164155260287807
  0.17189200436247953  0.18160676351741881  0.19120289810340835  0.20086926342183384
  0.21077894895502139  0.22061929679157108  0.23061327183047470  0.24061425972875161
  0.25005658980332068  0.25925214099362970  0.26846852258231119  0.27812167632329593
  0.28833791572780298  0.29930577007013548  0.31053759059482294  0.32131330170522310
  0.33206983801236051  0.34312370190052038  0.35411403669940378  0.36436857243177556
  0.37425272971894263  0.38439020136092017  0.39446734310327985  0.40431062930857531
  0.41436948650820499  0.42529855313983167  0.43634587610086562  0.44682809058360851
  0.45709969429898251  0.46734086852761403  0.47729221567348262  0.48711358033656638
  0.49654262949191225  0.50670530802004699  0.51691343109559140  0.52768061308591296
  0.53895029923661264  0.55123485784100534  0.56341297359802567  0.57434503603722153
  0.58435878518787587  0.59393446494159075  0.60341247774272500  0.61289944345703984
  0.62237480283148960  0.63232009951823143  0.64267009393281405  0.65357379113490444
  0.66438247334438216  0.67471276241466471  0.68472164350754605  0.69553509554829573
  0.70702205242365090  0.71885942197010722  0.73096826634605760  0.74312782570793390
  0.75496225263235295  0.76622435788111798  0.77693906459295770  0.78771405596302679
  0.79824774546982324  0.80870514378850344  0.81924098045641291  0.82952263644301083
  0.83987419868731583  0.85042372625313378  0.86109739828558651  0.87185528872926654
  0.88284932903539381  0.89340494915478541  0.90342786635572891  0.91311978943764538
  0.92407402324385490  0.93576015834081194  0.94681055266170167  0.95761435336704859
  0.96840580161765522  0.97925874116201206  0.98953055711464122  1.00000000000000000
  0.00151755170688351  0.01674182357104573  0.03078939521667809  0.04307136128203246
  0.05467039223172721  0.06588626859690185  0.07676233598757172  0.08750709743430712
  0.09832197547470778  0.10887325316212076  0.11896564203429594  0.12890787691229916
  0.13890367474685580  0.14855718171833499  0.15776196906974180  0.16700416970596352
  0.17661238869188192  0.18668580155452658  0.19706720543701856  0.20750768962744726
  0.21771896259684353  0.22775541740525335  0.23780513294727404  0.24786115351697316
  0.25785511122794941  0.26741975766004961  0.27695405820298147  0.28682969149959858
  0.29654595932889544  0.30658025233583353  0.31596010606532765  0.32518950058942003
  0.33449884366345478  0.34383877223131215  0.35302618124638763  0.36200626629741400
  0.37067149171409403  0.37987803141931542  0.38986035625400767  0.39968145617342099
  0.40898855065357109  0.41829727814000123  0.42744000639446544  0.43647581851496425
  0.44487515190546756  0.45337099395688690  0.46228196612073763  0.47119689725883429
  0.47990983517865554  0.48812007292840248  0.49616350267631992  0.50440295813623859
  0.51273068203085892  0.52080971462651360  0.52912092390799503  0.53741093105175508
  0.54606207577273913  0.55515751846605732  0.56422564688695542  0.57330963803048918
  0.58207305338184068  0.59071896469102736  0.59958006739612246  0.60861527763363099
  0.61756766390603712  0.62653296143860537  0.63564218395498961  0.64477501473779708
  0.65394451820084942  0.66322823743565973  0.67258857831027219  0.68175189609512721
  0.69089018987441320  0.69981588716898957  0.70853815382916752  0.71767265997974150
  0.72661191783601453  0.73599475060477160  0.74575807201428135  0.75541724278373767
  0.76494474344110175  0.77404132913024604  0.78289811682218391  0.79228415043006695
  0.80178962699019884  0.81140318223965224  0.82133767257841817  0.83164995940234876
  0.84272040560678163  0.85421760080730103  0.86634941577257663  0.88019178850452939
  0.89626411175760601  0.91592693732798014  0.94380144115059617  1.00000000000000000
 -0.02245293753387020  0.12921016162319199  0.16709068344344113  0.18788045956773222
  0.20448740900529411  0.21921695048616011  0.23184592573634996  0.24233099570582214
  0.25265939818861677  0.26269757983882508  0.27196618563392272  0.28052488240724943
  0.28864250924997054  0.29667805027505978  0.30463981802388806  0.31238153209324065
  0.31995854391520651  0.32729751914130778  0.33440450652557713  0.34124545923222943
  0.34789973801487289  0.35451987842163202  0.36068717591204408  0.36675453778987344
  0.37256482350486669  0.37812405446833663  0.38353563903869109  0.38939296467884471
  0.39502244814834508  0.40039441095749639  0.40563728566268475  0.41085349087303363
  0.41605707514562301  0.42122515281798101  0.42628047257702939  0.43119539361113629
  0.43603292608591798  0.44087107828723865  0.44583198233449656  0.45098018735911144
  0.45632857524548009  0.46182713854210838  0.46749993387976341  0.47273563931723206
  0.47779011745037392  0.48271197085171907  0.48770933948303458  0.49271591513608148
  0.49770361119832751  0.50279101815276039  0.50808984978056604  0.51347547712334662
  0.51910748862541845  0.52481769220338170  0.53061839172700076  0.53629502780867633
  0.54187569226594989  0.54742544744670929  0.55300098001377673  0.55855141557284704
  0.56398848950984992  0.56935231506910733  0.57469040363763302  0.58005652799813345
  0.58553394585541674  0.59083131730690230  0.59626150934191480  0.60167154016914470
  0.60725003670686739  0.61310755111589077  0.61904395966511483  0.62503541871573798
  0.63097470080007423  0.63693122121419676  0.64307347748050003  0.64926917852304622
  0.65548327001430196  0.66190446696617855  0.66841222391177679  0.67550241321285143
  0.68275141860968114  0.69030154162879842  0.69793157161262487  0.70519731636287852
  0.71289626009761597  0.72159316789851335  0.73066644424608695  0.74085598815608988
  0.75098033312604229  0.76300780509507149  0.77583063863045332  0.79069013263252341
  0.80813903629168249  0.83115833786744353  0.86968397112164098  1.00000000000000000
   3.3343177403012857E-014  -1.0000000000000000     
 F F F F F F F F F T T T T T T T T T T T T T T T T T T T T T T T T T T T F F F F F F F F F T T T T T T T T T T T T T T T T T T T T T T T T T T T
  <DiscreteSampler_grid>
  grouped_processes
  1 # 1 for a reference and 2 for a running grid.
  10 # Attribute 'min_bin_probing_points' of the grid.
  1 # Attribute 'grid_mode' of the grid. 1=='default',2=='initialization'
  0.0000000000000000 # Attribute 'small_contrib_threshold' of the grid.
  0.5000000000000000 # Attribute 'damping_power' of the grid.
 # binID   n_entries weight   weight_sqr   abs_weight
    10   10   2.750705300688810E+001   1.698437711129348E+003   2.750705300688810E+001
    11   10   2.750705300688810E+001   1.698437711129348E+003   2.750705300688810E+001
  </DiscreteSampler_grid>
