 -0.00010679278269698  0.00109112600152903  0.00203725198072157  0.00284034327025754
  0.00357487217635066  0.00423977719564180  0.00488783524114338  0.00545574969193414
  0.00591310978433053  0.00634520406968507  0.00677009997945692  0.00718900458506434
  0.00761022724731613  0.00807944798937960  0.00862318672905490  0.00907744141120230
  0.00947265425142106  0.00985536790727588  0.01022066262288678  0.01058251971852796
  0.01094374697430505  0.01130033528193645  0.01166739989421042  0.01204758193700675
  0.01249936639298035  0.01291292388686152  0.01328598747565532  0.01362880760429646
  0.01395260838217578  0.01428918215447866  0.01460887318691920  0.01489703812350767
  0.01516126563574501  0.01543687065296887  0.01572221532510641  0.01596170562790672
  0.01618332171539764  0.01641939516125759  0.01666861600934079  0.01691526273291949
  0.01715460864333632  0.01740203048527052  0.01768621982578260  0.01799975552336462
  0.01829944158359965  0.01857191802077010  0.01880773342488105  0.01904568824044436
  0.01927766110760563  0.01952123243398626  0.01977364500908099  0.02005688352964300
  0.02038031173730789  0.02070454786786114  0.02100833277899745  0.02129293556894919
  0.02157686207905598  0.02187061957323741  0.02215169854009651  0.02240845416694382
  0.02265351036595017  0.02290643294051386  0.02320472368510862  0.02354480091441279
  0.02379329460956115  0.02403320815732649  0.02436783424502976  0.02478962047918692
  0.02528174178025713  0.02578949566241614  0.02630684153106395  0.02682418577942940
  0.02730304177887253  0.02779589682669378  0.02823587182137314  0.02852824433463994
  0.02883327226847112  0.02907006447059683  0.02965086416957874  0.03070153794389935
  0.03194166757056267  0.03330539224458570  0.03464626093732950  0.03592992449437495
  0.03721358805142040  0.03837743044300808  0.03951516512857998  0.04061489257244272
  0.04157642569723342  0.04253795882202412  0.04354721722192810  0.04458011705343534
  0.04558677933577603  0.04653155742785284  0.04784180490398936  1.00000000000000000
 -0.00311572627142359  0.00938594747032857  0.02078148286062347  0.02968811006218609
  0.03902798867877036  0.04946545926356317  0.05879242083700905  0.06601082223436701
  0.07372083594826705  0.08150130359954948  0.09073865567300977  0.10555134911196856
  0.12112060163397906  0.13638522852904988  0.14929808176287515  0.15814842427268117
  0.16611802351188265  0.17395427915925266  0.18314837429603539  0.19303932229735191
  0.20209139085695513  0.21092303166186877  0.22019706006148998  0.22892424197496972
  0.23713213588995799  0.24504232435951978  0.25410392160070927  0.26204837017120541
  0.26975498652591651  0.27767554847948162  0.28761269469763223  0.29665807308643949
  0.30426024908370997  0.31163004730487270  0.31957125397584041  0.32940008691320127
  0.33912350632232935  0.34797386356208265  0.35863411448835636  0.37263014276110473
  0.38777889100768287  0.39977841287472771  0.40982252534029756  0.41911834003516701
  0.42827040610260958  0.43761111983358236  0.44712410743654457  0.45727212850879795
  0.46735040295674984  0.47924700322532932  0.49069937885332954  0.50273212424875080
  0.51563550335010100  0.52864106140624545  0.54234592924473646  0.55648436630324405
  0.56992585439175569  0.58282250141443614  0.59616144790511405  0.60830720075649825
  0.61972515400841988  0.63024549439083621  0.63977874176495164  0.64971146473484043
  0.65890064137468785  0.66881799409560749  0.68307440399366726  0.69978429180624402
  0.71240204290576004  0.72211251243139585  0.73271782668215524  0.74391202165944637
  0.75542282481334089  0.76520882336361928  0.77399316948427577  0.78321642433631955
  0.79337389500772659  0.80554720277316527  0.81943132919763839  0.83250357247136864
  0.84283082950330401  0.85206972454152763  0.86127574011312813  0.86994237354919357
  0.87777252373026204  0.88541648243669890  0.89292151078695003  0.90229245769286193
  0.91727497676396874  0.93031078707728976  0.94399580235692970  0.95606064805477053
  0.96752844812210992  0.97869183283644967  0.98926042043785523  1.00000000000000000
 -0.04026573888047841  0.32541461851267650  0.50048163043865468  0.60023926050267007
  0.67229124030571308  0.72886905362030585  0.77402597755609381  0.80394813720273273
  0.82786314336302014  0.84697675464966438  0.86219830640364203  0.87414275108852613
  0.88401858791998800  0.89244110862804171  0.89985860163154419  0.90610292360214295
  0.91160316306126932  0.91650516508727176  0.92034491112097683  0.92371161047798811
  0.92683760238239921  0.92986775562436652  0.93277362386277307  0.93543765079737895
  0.93781490640489051  0.93983296428554408  0.94176246914776862  0.94349354464817392
  0.94520789346721279  0.94687086346459515  0.94847421703468682  0.94996701476062451
  0.95142108001056402  0.95279485008229858  0.95413632917049218  0.95530509949771769
  0.95643305364121789  0.95753651740103152  0.95857128053304630  0.95955646107379611
  0.96057802221378119  0.96163581931363873  0.96270211224386271  0.96371872349115717
  0.96470661759354259  0.96570529978298192  0.96667891164549047  0.96757585694181836
  0.96839922638834230  0.96921287644046572  0.97000046691235497  0.97076606987289804
  0.97153263635089804  0.97223229916762932  0.97292409708249616  0.97358163921345608
  0.97419340925059961  0.97479406992066375  0.97537563070776412  0.97592889958909379
  0.97647250029497379  0.97700883790724125  0.97755998811507572  0.97808437126477843
  0.97862884373120373  0.97918206912876804  0.97970820391548830  0.98020792286984182
  0.98069259494703820  0.98116126645077517  0.98160729967960969  0.98203783136684375
  0.98246316770704745  0.98290192525208786  0.98334680633588722  0.98380945240928797
  0.98423374391911955  0.98465427392331673  0.98508845991415495  0.98555586696399278
  0.98604201459488361  0.98661254562277156  0.98716265674145598  0.98767592824001615
  0.98815264323722241  0.98861508558120104  0.98906642959945679  0.98950071181708521
  0.98999431411732797  0.99069255515246291  0.99162864031062448  0.99265384160130954
  0.99378075684616674  0.99508635707668858  0.99683644417833539  1.00000000000000000
 -0.03354231967454723  0.18045809519683453  0.24026912823976981  0.27265673124971262
  0.29880978932904628  0.31932317770369412  0.33277539851564325  0.34207392468078901
  0.35132994763216652  0.35983504866235794  0.36758373233973030  0.37907928293654219
  0.39059453994365195  0.40140854228686940  0.41067884955067813  0.42000372200777764
  0.43071072732324572  0.44104275969963203  0.45124094489625965  0.46122026760179446
  0.47111401922232948  0.48118806802930630  0.49176407195929323  0.50155061337647067
  0.50862526565171018  0.51549683854969708  0.52206314001518705  0.52882709432863795
  0.53623062695184065  0.54388835314462725  0.55180728596217954  0.55933947473811507
  0.56602825464312578  0.57148162909947486  0.57711711770398055  0.58253753446473533
  0.58683782996033185  0.59047350063224746  0.59461272334496351  0.59927029411811106
  0.60353886000115331  0.60768900292250638  0.61179023960671208  0.61561105146252404
  0.61926909845107614  0.62303004923033767  0.62716382226663947  0.63229645179057037
  0.63738264336690420  0.64210456475876732  0.64683097731395645  0.65262182622958753
  0.65821883782863100  0.66331661008044140  0.66853991685782443  0.67374632988591143
  0.67877797904129211  0.68360788285190421  0.68827386328319407  0.69289052601510970
  0.69786301997311662  0.70289777223952798  0.70758966727653139  0.71180101096107995
  0.71556954629066105  0.71973410930681636  0.72407270145746094  0.72868847981517493
  0.73338462132395710  0.73788716541216826  0.74209690951264384  0.74604788157341750
  0.75039301515429035  0.75487585417528413  0.75982546391127204  0.76487109804208964
  0.76990874903264828  0.77506289354828095  0.78048969498110676  0.78565864247630823
  0.79060280531869565  0.79515956959846257  0.80024846950210027  0.80599996002614660
  0.81106717995308530  0.81615020962540163  0.82185460278026634  0.82840132359676011
  0.83502750663492042  0.84190409244392206  0.84835740935092907  0.85487036841626263
  0.86878415092554062  0.89232275605850497  0.92665246767122400  1.00000000000000000
   3.9878782406314196E-011  -1.0000000000000000     
 F F F F F F F F F T F F F T F F F T T F F F T F F F T T T T T T T T T T F F F F F F F F F T F F F T F F F T T F F F T F F F T T T T T T T T T T
  <DiscreteSampler_grid>
  grouped_processes
  1 # 1 for a reference and 2 for a running grid.
  10 # Attribute 'min_bin_probing_points' of the grid.
  1 # Attribute 'grid_mode' of the grid. 1=='default',2=='initialization'
  0.0000000000000000 # Attribute 'small_contrib_threshold' of the grid.
  0.5000000000000000 # Attribute 'damping_power' of the grid.
 # binID   n_entries weight   weight_sqr   abs_weight
    10   10   4.789597239476011E-001   1.334823531156266E+000   4.789597239476011E-001
    11   10   4.789597239476011E-001   1.334823531156266E+000   4.789597239476011E-001
    16   10   4.789597239476009E-001   1.334823531156265E+000   4.789597239476009E-001
    17   10   4.789597239476009E-001   1.334823531156265E+000   4.789597239476009E-001
  </DiscreteSampler_grid>
