 -0.00007273436438101  0.00053961468213915  0.00136776107173722  0.00245448339639950
  0.00379771505322944  0.00528343961732595  0.00692512176518177  0.00873759127731533
  0.01075379436564273  0.01296184103172730  0.01530905447738041  0.01783601229959243
  0.02055666769089438  0.02345204528650233  0.02649383474487959  0.02972486588964477
  0.03310349146382781  0.03664276707535904  0.04035681518671708  0.04430806994175744
  0.04856586256914436  0.05307164711663884  0.05783042188882201  0.06279800195963545
  0.06790300207142590  0.07323091582036062  0.07886579965635317  0.08479310583619135
  0.09098196642285442  0.09744626117320389  0.10423859583297214  0.11122408917675543
  0.11863906943473310  0.12648346194853899  0.13476636840377973  0.14350024494819388
  0.15255309668553685  0.16221339056101516  0.17235630274658828  0.18270855879595480
  0.19337191087950453  0.20437777783830496  0.21582715308994821  0.22747360845482520
  0.23934575392083043  0.25171034162502631  0.26446428686775658  0.27775169722898585
  0.29139062364022000  0.30543771423199217  0.32016729481904210  0.33572282884414800
  0.35245167809295230  0.36961096209247407  0.38768403478237801  0.40722229758329254
  0.42858229175035728  0.45076074522584386  0.47262051732390764  0.49493074698636857
  0.51564500527143853  0.53637626342713285  0.55618051894353682  0.57670072810862871
  0.59770850001778852  0.61832316407215404  0.63761536393176410  0.65626803890663121
  0.67553102134432330  0.69494322917229490  0.71289674207159071  0.73043095755153820
  0.74790667381943821  0.76566476000475214  0.78337689238541397  0.80114425393469468
  0.81844234992945497  0.83420377309367577  0.84881980839789684  0.86336293162701128
  0.87624524736082854  0.88749783107715763  0.89810444875504936  0.90864998066905156
  0.91901871862898454  0.92848754725390314  0.93764127500402106  0.94615863198156736
  0.95430895165872343  0.96221392592292587  0.96926573975685748  0.97583359533314173
  0.98209471092395395  0.98813345578661760  0.99408710210631213  1.00000000000000000
 -0.00277789533189824  0.01049017625112012  0.02241318046915280  0.03343638355246305
  0.04313730247754978  0.05238681159974316  0.06173833430523478  0.07314458629144470
  0.08617674736397332  0.09934351221552459  0.11122458326003415  0.12335607353976302
  0.13613800328288966  0.14866612637534315  0.15986487501055088  0.17056049665254433
  0.18177035935884581  0.19392184315585309  0.20604683903816254  0.21782814426537070
  0.22828408829175914  0.23893817753994856  0.25016635860414987  0.26195592454964867
  0.27420455824504769  0.28550719227065580  0.29667311918358258  0.30806331336943238
  0.31887616218985115  0.33046566609204919  0.34124446789762242  0.35135437757675880
  0.36098870080028633  0.37048008390840825  0.38059315433987279  0.39133245682344386
  0.40196365096839409  0.41223643811093080  0.42130572044525122  0.43027665329891712
  0.43929464422791314  0.44858871192320265  0.45865917103430176  0.46931102311064316
  0.48129455092582712  0.49372226438592604  0.50533776501927519  0.51569731042727462
  0.52497692739237944  0.53450697619253396  0.54408485379279259  0.55264919943675139
  0.56096382117420884  0.56990458501396468  0.58021455852435710  0.59215062477329505
  0.60444094509040369  0.61683822429939561  0.62971250314495353  0.64220005823347193
  0.65400087303241483  0.66453171663078459  0.67492834389458056  0.68593549483104999
  0.69731012612994647  0.70742031704563590  0.71543261529997471  0.72321923140545152
  0.73065486722608719  0.73899175239465520  0.74975997688010743  0.76055851974713984
  0.77175350528550701  0.78317869742861534  0.79526083916422341  0.80767319966607254
  0.81883928142355311  0.83078784179546794  0.84013046304587835  0.84959646205699224
  0.85889473494315660  0.86780152687686829  0.88041833720135010  0.88915707012794687
  0.89749800670483071  0.90539971619848858  0.91325813080273088  0.92189616179572997
  0.93254981942955917  0.94319073488449645  0.95199629912432604  0.96039399648355572
  0.96934416758869213  0.97906326907577357  0.98979864028805808  1.00000000000000000
 -0.01187195223223141  0.05630085410429869  0.09278540849101671  0.11763897655849105
  0.13632386497048407  0.15185495306492836  0.16540406143849051  0.17810578380994219
  0.19092309636141075  0.20521524207506145  0.21900285272127568  0.23041331634282849
  0.24044650793884387  0.24954754103136323  0.25822349866540650  0.26765382171851443
  0.27804238951611532  0.28897291080534376  0.29881460385547814  0.30763535279737436
  0.31618762908759901  0.32472816090005346  0.33282646337187127  0.34049272087385474
  0.34820666706602749  0.35668401126394877  0.36596919168510145  0.37529372945125594
  0.38407483291304251  0.39297316992855741  0.40146866606470250  0.40972608007736705
  0.41758373349349459  0.42492647283262724  0.43215669111588229  0.43942253920545254
  0.44677978758702336  0.45424395252387934  0.46149721679074740  0.46912605261363938
  0.47742891871175402  0.48647971780731736  0.49580832156892468  0.50421833562052543
  0.51161349639229348  0.51810406499214989  0.52447233237562318  0.53068644674922549
  0.53678828742598483  0.54328846918816598  0.55003418610910360  0.55693898838539213
  0.56475935267375332  0.57231213037200490  0.58077672740973874  0.58916271251102137
  0.59806577395779081  0.60707864359032060  0.61588086453080038  0.62426315794997478
  0.63246214162871228  0.64050683124639296  0.64830725613445173  0.65607829667217221
  0.66394041917409330  0.67231729311752264  0.68151079936482262  0.69157375614226801
  0.70123438626442014  0.70941813548127652  0.71760680255211606  0.72601411973505070
  0.73449064722547563  0.74399282551246981  0.75287687415685101  0.76307200814355902
  0.77101128371004279  0.77877370377536292  0.78666722777165687  0.79511014932853508
  0.80488823276340926  0.81490695876386654  0.82405704915902078  0.83392461724431710
  0.84358949819352025  0.85436069755783550  0.86664823660073964  0.88029064291677073
  0.89387286485251405  0.90209873412810970  0.91085406319462092  0.92041085114959498
  0.93292287747378555  0.94832870532315494  0.96942611548391966  1.00000000000000000
 -0.03407800203544872  0.14869220158307053  0.18783017392851281  0.21593224357488075
  0.24093504560285386  0.26369261754571738  0.28563975073643710  0.30559038867070065
  0.32184876366885340  0.33546899391583529  0.34722840743098987  0.35743967455317799
  0.36702282850736373  0.37678305709353999  0.38882419726780160  0.39751969774920742
  0.40555773613929091  0.41472995532728718  0.42490071995367434  0.43662228658223229
  0.44585810354893202  0.45471192885469275  0.46367000444357825  0.47316782513221189
  0.48260298386764666  0.49088426594036400  0.49857405153997980  0.50637697723138808
  0.51496342564925324  0.52355141810166050  0.53204431795470963  0.53970170834090703
  0.54695632278655482  0.55443442044168323  0.56208303092971346  0.56901688061205857
  0.57558162608066799  0.58166468407421434  0.58869278714725004  0.59534396036358994
  0.60218928212172418  0.60777518746541803  0.61326051096003953  0.61820224320575934
  0.62349243558543876  0.62882941424426730  0.63476092510290116  0.64059730431989270
  0.64594162537688149  0.65098031026663605  0.65606067434544124  0.66112557530491045
  0.66629567282225621  0.67174131109060042  0.67724573694108170  0.68265277412129088
  0.68788308516984131  0.69305331285259186  0.69860718748832451  0.70454998104587441
  0.71089880429032137  0.71654725057087099  0.72199111106389857  0.72698302632275069
  0.73191833329203237  0.73732282181179520  0.74292705628648970  0.74806240814455904
  0.75240108125206795  0.75631903387814858  0.76054409814845669  0.76497159850951491
  0.76997483902124442  0.77554282079343095  0.78125851373124844  0.78698414341333156
  0.79281002343980589  0.79850163767497107  0.80422605417062798  0.80991838186232390
  0.81542734925488591  0.82075558493049217  0.82593822856867949  0.83164674614289491
  0.83716614871025874  0.84236740987178460  0.84778567896786072  0.85289032809830301
  0.85872969865245896  0.86649195040586213  0.87616674735882216  0.88643939556618245
  0.89809515121665673  0.91264844723140137  0.93535514353362981  1.00000000000000000
   8.7479176601928916E-005  -1.0000000000000000     
 F T T T T T T T F F F F F F F F F F F F F F F F F F F T T T T T T T T T F T T T T T T T F F F F F F F F F F F F F F F F F F F T T T T T T T T T
  <DiscreteSampler_grid>
  grouped_processes
  1 # 1 for a reference and 2 for a running grid.
  10 # Attribute 'min_bin_probing_points' of the grid.
  1 # Attribute 'grid_mode' of the grid. 1=='default',2=='initialization'
  0.0000000000000000 # Attribute 'small_contrib_threshold' of the grid.
  0.5000000000000000 # Attribute 'damping_power' of the grid.
 # binID   n_entries weight   weight_sqr   abs_weight
    13   10   1.481997020354191E+007   4.832833515739380E+014   1.481997020354191E+007
    14   10   1.481997020354191E+007   4.832833515739380E+014   1.481997020354191E+007
    16   10   1.363383772756702E+006   3.236738998572705E+012   1.363383772756702E+006
    17   10   1.363383772756702E+006   3.236738998572705E+012   1.363383772756702E+006
  </DiscreteSampler_grid>
