 -0.00003170283870227  0.00047487314891738  0.00090352072418816  0.00132671831359524
  0.00173185270338967  0.00215800706824448  0.00257792541283790  0.00300014028519404
  0.00340524281456995  0.00380127750216710  0.00417461819240026  0.00455752234536426
  0.00500178456771133  0.00546181754317897  0.00590606397886880  0.00632062112835970
  0.00669835205486755  0.00707174045974276  0.00743256194959629  0.00777153000306606
  0.00811752507503486  0.00847284962390711  0.00884516079884016  0.00924821631314386
  0.00964821390055889  0.01007938938385343  0.01054656613986174  0.01102035064051927
  0.01153717949812793  0.01205685067124036  0.01256041177006085  0.01305491020367556
  0.01348840005608382  0.01390616951391360  0.01433175253316477  0.01475625924918111
  0.01517770508826137  0.01560888071504446  0.01606193473339507  0.01653220450954165
  0.01700392626275300  0.01750373187663480  0.01788584560822539  0.01828420624235595
  0.01878178865355309  0.01926210456857509  0.01973130455626644  0.02024924682478690
  0.02081583544606317  0.02145302513487420  0.02220117153332731  0.02297907048053832
  0.02385345205027825  0.02480725346875945  0.02585897568073543  0.02704617273512588
  0.02840448340829311  0.03006671412707718  0.03193899323898013  0.03384030145243645
  0.03551753024612730  0.03689331439981190  0.03781812501723426  0.03844020676099943
  0.03902050265761103  0.03971259448170115  0.04065663125518480  0.04178328929649906
  0.04302488642619325  0.04424126943974710  0.04558754968734126  0.04718447301713773
  0.04820826501874134  0.04894580487248322  0.04988072993436398  0.05108808902994020
  0.05257933466563426  0.05390871374394996  0.05522175951008466  0.05713348447491394
  0.06308055185237565  0.06902761922983737  0.07372232976533311  0.07663761121802855
  0.07955289267072398  0.08331118495109785  0.08998048268751829  0.09218735039069821
  0.09436973690173636  0.09655212341277451  0.10183783897784564  0.11034627450134485
  0.11885471002484405  0.12736314554834324  0.28924873968833636  1.00000000000000000
 -0.00269706741302433  0.00911241186049910  0.01925629137267454  0.02967350065282163
  0.04119577353857042  0.05373633568789099  0.06493558687636007  0.07346921026069764
  0.08171230404860992  0.08972329093175611  0.09743647432864351  0.10701141171553118
  0.11508342225211986  0.12295535672594170  0.13254744251201175  0.14419675038892599
  0.15517186835655350  0.16646832089436508  0.17799403348043755  0.18900297858193837
  0.19838751997861781  0.20982885649236457  0.22221241773679712  0.23529936175325478
  0.24768193778723857  0.25649930203919447  0.26424771789549850  0.27309477172602975
  0.28248403955742524  0.29169572253482312  0.30001900083796801  0.30909594865897061
  0.31887815166794520  0.32844173637126201  0.33729289986783723  0.34616568754295896
  0.35532157376422024  0.36586001860579975  0.37723619630051708  0.38890523682751954
  0.40125994261381209  0.41394396077705159  0.42795693284521885  0.44415858054627155
  0.45807508124859009  0.46812046049602529  0.47763695729599037  0.48623666086303652
  0.49390759550881502  0.50219906211422416  0.51087503485431907  0.51951350793590267
  0.52854589300249266  0.53878891317033373  0.55069304740301761  0.56329659172185009
  0.57457116577296041  0.58419385506960930  0.59346660214163138  0.60354569648094036
  0.61373157803709677  0.62348306050501412  0.63307916043250045  0.64296891903768905
  0.65248870370491618  0.66271968795510594  0.67416939805950249  0.68734373341113186
  0.70056072139972814  0.71251804783001271  0.72410431930243324  0.73535698513585201
  0.74840000997641876  0.76418806283379359  0.77727761079625779  0.78803831752453712
  0.79963339889391905  0.81092484612902527  0.82133213306372832  0.83074125943970567
  0.83955430818636079  0.84906552254341572  0.85801901488894550  0.86844800815639589
  0.87999609985739169  0.89165080421088849  0.90257807245543153  0.91282456546343538
  0.92310802742256537  0.93308066590201344  0.94323498221311064  0.95385524081413475
  0.96476197439774936  0.97641123163244470  0.98827450825636676  1.00000000000000000
 -0.00495579061315821  0.06453850471678894  0.11017363942094871  0.14864021243598555
  0.18121129709933542  0.20946373394887832  0.23655868144293321  0.26124146124963404
  0.28387376859349189  0.30505631267102934  0.32527733199754227  0.34575033657764265
  0.36527379833850271  0.38226138713904112  0.39710526382702171  0.41116833733624447
  0.42515082380358793  0.43907320306213937  0.45284050413596721  0.46689793390795875
  0.48096380656584420  0.49435329765755931  0.50720013812867437  0.52028803698943682
  0.53293801603689861  0.54389617687301017  0.55384252516770338  0.56405758639351034
  0.57558465289501504  0.58680474781790881  0.59791058768812466  0.60575394832504659
  0.61263795566608059  0.61919273103218808  0.62619775649101050  0.63292595493404569
  0.63932818734982300  0.64587118720220038  0.65276745518495838  0.65966116352555171
  0.66592974573287445  0.67216269064172351  0.67860691546611751  0.68531979794200393
  0.69238812622491896  0.69932528628295099  0.70577725929687518  0.71243592617258322
  0.71942236847062735  0.72676297790345867  0.73465633529590313  0.74310586409293056
  0.74988195868718266  0.75621946124602002  0.76199283743835167  0.76778469313010345
  0.77373649290526370  0.77834700570292781  0.78359002697981717  0.78870015906368041
  0.79397315162146587  0.79855149056180608  0.80275977664326537  0.80691542485840828
  0.81129411988263722  0.81621109147622606  0.82130645335680219  0.82597119897460236
  0.83063761087743382  0.83537402291930751  0.84065011033284376  0.84622505895893707
  0.85169360676793904  0.85689525870136707  0.86181751063363554  0.86650671858272421
  0.87115009895735318  0.87638708383644126  0.88115311245457251  0.88619260358436003
  0.89161638914387553  0.89711353765889157  0.90334206216472435  0.90892928649180160
  0.91439968490786105  0.91974084848795079  0.92497283093602090  0.93040350160731045
  0.93616313405465668  0.94170766616181367  0.94704973774638002  0.95407355479523392
  0.96116668520122917  0.97092024343540950  0.98417230659480148  1.00000000000000000
 -0.01872527176734784  0.13146761405045473  0.19441924785408005  0.23031124178921153
  0.25632213592799774  0.27676633146484880  0.29245784409099840  0.30789201795437077
  0.32204663534338618  0.33535940387391189  0.34848694519072748  0.35947583818639023
  0.36928894345154623  0.37870867838300382  0.38762090197513865  0.39631925287710701
  0.40440007387616606  0.41146491075670910  0.41898491759911666  0.42659196822579376
  0.43477969092578628  0.44317681750085119  0.45041924088348051  0.45702474910589980
  0.46339206177383269  0.46907706973950641  0.47535854653917176  0.48115963439814796
  0.48652454411254653  0.49240511123466896  0.49822193105915813  0.50360350286044053
  0.50984146844349065  0.51644076241835046  0.52270985287493932  0.52850745541901456
  0.53510245945456336  0.54104013167098586  0.54593517928909763  0.55032566004843464
  0.55531224144769220  0.55935159448448468  0.56308053185806584  0.56639951342730344
  0.57003409006441663  0.57367578222616877  0.57674416033594000  0.57977223719998328
  0.58293759912220999  0.58648949293137442  0.59091200917667952  0.59496259891638825
  0.59864793660877125  0.60258418026971305  0.60690234622796313  0.61232609356054502
  0.61766803632011447  0.62313059936389514  0.62849363029330230  0.63382927317354798
  0.63926214236052847  0.64438379757279651  0.64912588029832641  0.65349329702258785
  0.65738437241724512  0.66121906026157073  0.66470673558775661  0.66814016944071530
  0.67192029106765616  0.67619508285987728  0.68075236776014025  0.68645942656579095
  0.69234896416556135  0.69865568873408623  0.70525469320686907  0.71213314121362215
  0.71955973730449396  0.72731394671492688  0.73449972170318534  0.74105007547518464
  0.74732759866749576  0.75329251418846743  0.75965890810410175  0.76650047691380441
  0.77360097577835507  0.78137949977258148  0.79025630499812449  0.79968293839980309
  0.80887090467741662  0.81832789971410136  0.82854259769309935  0.84234397964917285
  0.86094633072954296  0.88388960636557801  0.91902039653325485  1.00000000000000000
   1.0823993264479378E-009  -1.0000000000000000     
 F F F F F F F F F T F F F T F F F T T F F F T F F F T T T T T T T T T T F F F F F F F F F T F F F T F F F T T F F F T F F F T T T T T T T T T T
  <DiscreteSampler_grid>
  grouped_processes
  1 # 1 for a reference and 2 for a running grid.
  10 # Attribute 'min_bin_probing_points' of the grid.
  1 # Attribute 'grid_mode' of the grid. 1=='default',2=='initialization'
  0.0000000000000000 # Attribute 'small_contrib_threshold' of the grid.
  0.5000000000000000 # Attribute 'damping_power' of the grid.
 # binID   n_entries weight   weight_sqr   abs_weight
    10   10   7.412838732328963E+003   1.399495841069990E+008   7.412838732328963E+003
    11   10   7.412838732328963E+003   1.399495841069990E+008   7.412838732328963E+003
  </DiscreteSampler_grid>
