 -0.00004425063616609  0.00071184942307691  0.00129448507234762  0.00176865645380715
  0.00221472946905953  0.00263432485691558  0.00302823122771903  0.00340506540997558
  0.00377066334672920  0.00412652637326019  0.00447254916899908  0.00483600850828655
  0.00519386606803588  0.00552368410687779  0.00585148682376273  0.00618669952357732
  0.00650946538517997  0.00682219312582040  0.00715766320052062  0.00751683321198402
  0.00785916334148461  0.00818944736971777  0.00853002161122675  0.00886541678049244
  0.00918688536932703  0.00949933510247458  0.00980696310274276  0.01013561448413181
  0.01045927025599580  0.01079556238155948  0.01114683019885036  0.01148310332327353
  0.01181984465262342  0.01219034952615929  0.01257594278903153  0.01298436179745743
  0.01340825178663529  0.01383657470270925  0.01427602344365684  0.01474405483519565
  0.01525107984277987  0.01577278102977455  0.01629943104620078  0.01689014088119732
  0.01747829207797776  0.01805940274986502  0.01866397190299773  0.01928105081030028
  0.01981064870185603  0.02024543893076204  0.02073530736496340  0.02128445041975368
  0.02182979908469341  0.02239380064680566  0.02295563935220394  0.02354922743749046
  0.02413367568121899  0.02470068452139037  0.02524961357696829  0.02580054070783424
  0.02637011218609870  0.02697006132299325  0.02759886198909117  0.02822418857282582
  0.02886370002664257  0.02960953044735087  0.03056312757065894  0.03138422736396998
  0.03199193087922290  0.03241156749510838  0.03371766922067450  0.03642563529294737
  0.03925562568937796  0.04223130073859605  0.04516774649574201  0.04805182167988394
  0.05014018092140860  0.05194686862185676  0.05390290555946260  0.05609934334431058
  0.05827639002215190  0.06069381910393610  0.06317721720249576  0.06555154940137015
  0.06867951771626783  0.07405502557367441  0.08034947399584330  0.08550996899827469
  0.09133795395205944  0.09604210416162823  0.10123672472445339  0.10685292707815233
  0.11986547717912203  0.14143413707162747  0.83638844803960022  1.00000000000000000
 -0.00207334142302477  0.00967170048162241  0.01958855671415639  0.02901402097888268
  0.03617705547353679  0.04329646627452668  0.05054740612267720  0.05834097876724555
  0.06670961163487923  0.07674298196404908  0.08735434567516392  0.09941212615322827
  0.11087636371811072  0.12250907335920359  0.13464020483269498  0.14669626075838260
  0.15874113288072286  0.17026012994781597  0.18185269611991628  0.19396771576126093
  0.20518024929283399  0.21439353187840013  0.22379725552881313  0.23365613008230154
  0.24439123499785448  0.25482644680797256  0.26366640546981329  0.27300660968596480
  0.28187765375818441  0.29089548185740566  0.29947793642646980  0.30753957821848854
  0.31662190476068508  0.32654389167781467  0.33774555587847105  0.34965611523309953
  0.36202679023553935  0.37523729699630737  0.38805441841551697  0.40033306028692012
  0.41189280018858171  0.42518817944941256  0.43947994602528984  0.45260770024648472
  0.46508902645660161  0.47694746934134147  0.48852160494152985  0.50127407684309588
  0.51485388885722450  0.52680681570562615  0.53680290696805888  0.54607568554711960
  0.55404125963394757  0.56139640554891312  0.56865561966879530  0.57630152497325837
  0.58502277347309262  0.59532242282149805  0.60619864732673401  0.61603766863181941
  0.62544536114235516  0.63384134588711794  0.64236002143933335  0.65122578625389160
  0.66006650131148170  0.66822938578458813  0.67683828481963615  0.68579081912132944
  0.69462258950605549  0.70344549599976780  0.71194992629817733  0.72236339623403745
  0.73443484138414838  0.74742978356824108  0.76031318261247227  0.77185040469063770
  0.78214438853873591  0.79188361036334975  0.80204430286933193  0.81241830742846854
  0.82300806803568938  0.83453853079510198  0.84663684321884036  0.85869843585194983
  0.87033446922798641  0.88140699508060771  0.89225479742706704  0.90305236740772987
  0.91407628353240833  0.92660117762722394  0.93961970584720023  0.95274759027622324
  0.96412405364233089  0.97494053058514774  0.98665868236654863  1.00000000000000000
 -0.00984318112704384  0.10694987167430409  0.17096750541255709  0.22076108282068624
  0.26238206532900665  0.29618279353502364  0.32273898447307919  0.34720494858696960
  0.37081152815866358  0.39234723548462619  0.41289147477389937  0.43242044521306483
  0.45106294881341874  0.46841598798126394  0.48648088145993335  0.50522144370095512
  0.52184698256615669  0.53539145134185129  0.54873183684671878  0.56185773638310577
  0.57347485438585133  0.58375238680561548  0.59343192280822865  0.60304743122006421
  0.61245934921309086  0.62226662377440101  0.63217732098761081  0.64114128056122344
  0.64931768804486778  0.65713300660741925  0.66511545311683695  0.67291661446924012
  0.68057099297073020  0.68696455114525179  0.69341232849772649  0.69951606676027689
  0.70562883998390946  0.71192713847738842  0.71778271770433455  0.72381089981729652
  0.72990103629069880  0.73600720505674200  0.74169301420589051  0.74692080300549946
  0.75151457387667020  0.75607208372105728  0.76039421011004549  0.76507876185692347
  0.76966291534855946  0.77437856451897769  0.77873687370228706  0.78293750047252642
  0.78717546455056409  0.79139397098918496  0.79629892795435997  0.80120683116940394
  0.80613908564868608  0.81136523146617634  0.81695748091155362  0.82279725991108310
  0.82798219615032442  0.83258865500441637  0.83695806493741698  0.84114476593041265
  0.84521462586199292  0.84930700357307576  0.85354857115575222  0.85776873343903126
  0.86187495723997209  0.86630595938655242  0.87058878768144421  0.87453115079363453
  0.87829222578087784  0.88204162797657382  0.88572523273555614  0.88920101802954776
  0.89277763728490711  0.89642735065275136  0.90017428214712258  0.90404083670394786
  0.90784865851151031  0.91131800630874316  0.91445173135933489  0.91772851062987215
  0.92120246470142086  0.92499699010781467  0.92958504451756463  0.93462468457042946
  0.93951685235277327  0.94435357036392054  0.94903004781529188  0.95407298480454239
  0.96011639609816313  0.96881491940609665  0.98001828974639249  1.00000000000000000
 -0.01560588864696780  0.10424673535785293  0.14645509398313264  0.17663961906971265
  0.20289906949605974  0.22210693255896277  0.23841490804110907  0.25313855647202849
  0.26609405738796049  0.27709305825805369  0.28737414232168157  0.29691688218913209
  0.30547117959467002  0.31290650182524393  0.32021194826671762  0.32754554005253672
  0.33503698270565496  0.34243771704866344  0.34946588656466415  0.35620441002450881
  0.36281275572932170  0.36914617066760080  0.37503917404841003  0.38013921573795201
  0.38503319930958652  0.38985004951727120  0.39468486973704187  0.39935042207499905
  0.40394221602293684  0.40883057320484129  0.41411940328524405  0.41950809605984002
  0.42451947434445270  0.42927490550547248  0.43398602370758521  0.43917410554419301
  0.44496787796389858  0.45083322325180680  0.45640129772723276  0.46250729633732418
  0.46875694603838541  0.47549332371656877  0.48160357250994557  0.48702056777826047
  0.49203486548778375  0.49679295573694193  0.50139941888261097  0.50598276562174571
  0.51046420565097073  0.51507055306311822  0.51982135671726126  0.52495764678450163
  0.53053872716374662  0.53643388080318222  0.54259155874198217  0.54851510022830574
  0.55461892212394315  0.56020085658911656  0.56529709521150828  0.57020531304185862
  0.57514851055081251  0.57999585320494806  0.58469589101018438  0.58926540429639218
  0.59367698098073596  0.59786551438993474  0.60234442773914920  0.60726763865217970
  0.61250260523712674  0.61828731758983102  0.62398758575587332  0.62970499046802175
  0.63569424805304808  0.64174187519271642  0.64771806519042696  0.65412603441964690
  0.66082535396645636  0.66836879499863744  0.67635772290559926  0.68455601042495628
  0.69333351971681778  0.70273292709896595  0.71222375541343075  0.72154360250206151
  0.73103229082734034  0.74151406266714615  0.75288399564272823  0.76532291490739857
  0.77890327082807265  0.79327927453912228  0.80887459925730587  0.82604997986638351
  0.84538267031458214  0.87016700416747006  0.90900933721918120  1.00000000000000000
   6.6593868191480918E-043  -1.0000000000000000     
 F F F F F F F F F T T F T T T T T T F F F F F F F F F T T T T T T T T T F F F F F F F F F T T T T T T T T T F F F F F F F F F T T T T T T T T T
  <DiscreteSampler_grid>
  grouped_processes
  1 # 1 for a reference and 2 for a running grid.
  10 # Attribute 'min_bin_probing_points' of the grid.
  1 # Attribute 'grid_mode' of the grid. 1=='default',2=='initialization'
  0.0000000000000000 # Attribute 'small_contrib_threshold' of the grid.
  0.5000000000000000 # Attribute 'damping_power' of the grid.
 # binID   n_entries weight   weight_sqr   abs_weight
    10   10   2.778074772171827E-028   7.603090965414427E-055   2.778074772171827E-028
    11   10   2.778074772171827E-028   7.603090965414427E-055   2.778074772171827E-028
  </DiscreteSampler_grid>
