 -0.00002318132817756  0.00040618572885580  0.00072228741921089  0.00101815174343320
  0.00129864286497161  0.00157191834705798  0.00184505464482227  0.00211395821818254
  0.00238988194617955  0.00266660348792733  0.00293872164107151  0.00319959317397821
  0.00344698200557768  0.00369829346294348  0.00396075682246777  0.00423658683870902
  0.00455898595760099  0.00480942024963601  0.00501609117711204  0.00523088583118256
  0.00545216208834358  0.00568970278421224  0.00594005893316066  0.00619139186096946
  0.00647776250375066  0.00677687727423395  0.00705242151476244  0.00730848338924453
  0.00756808873720165  0.00782267798351265  0.00807011788264772  0.00831710312645479
  0.00856557428794528  0.00881821835071387  0.00908132462470164  0.00936373503353971
  0.00968425146958438  0.00999998490638356  0.01028870118854279  0.01057614292093585
  0.01089803447606893  0.01126089742439088  0.01163388025035444  0.01195039422966538
  0.01227259775770394  0.01258711988732016  0.01291479809934025  0.01327510112188741
  0.01366729247397860  0.01407470233291783  0.01446635502254734  0.01488667202058456
  0.01526176546758503  0.01555294062776414  0.01589045436076070  0.01623271505592879
  0.01659164214303719  0.01698730817283555  0.01741971229951757  0.01788893861610551
  0.01844640508866162  0.01904042620561658  0.01985112920159868  0.02109921631897644
  0.02205754787707916  0.02282333851775177  0.02348626129599774  0.02415950442256145
  0.02489490935922528  0.02574383807814044  0.02658584568521080  0.02730351932933315
  0.02797058192693665  0.02863301120795161  0.02928585199706799  0.02991874238287581
  0.03069615354033133  0.03154472373931719  0.03239470912475640  0.03323393044930927
  0.03404029299962181  0.03473544585091317  0.03533474929385093  0.03616166896607227
  0.03704967337142593  0.03785747190613115  0.03864634150079722  0.03945331285606889
  0.04057480789915140  0.04183758572587645  0.04371319448423856  0.04585787758485334
  0.04904937138977100  0.05502609243230507  0.18261679151265506  1.00000000000000000
 -0.00303211277696634  0.01121951562749648  0.02337942347679691  0.03374423547778267
  0.04539738335099248  0.05653966246864719  0.06666469036169927  0.07707271238906636
  0.08858570345628511  0.10083721697546245  0.11304596225774706  0.12478650004440836
  0.13570685216758402  0.14690180268412195  0.15922705767219297  0.17276008161700765
  0.18707983734685374  0.19963169631413136  0.21041770834274215  0.21837349690825558
  0.22577817684890997  0.23396542548240792  0.24301850135092129  0.25189840969997779
  0.26119591240603185  0.27090367007594279  0.28123376472575151  0.29192532820325390
  0.30238081983222276  0.31162002265992300  0.31903176328764371  0.32720987519761974
  0.33535813932831798  0.34342394475603216  0.35235275432291313  0.36134667593798431
  0.37145999701598109  0.38300931523504606  0.39546075609235454  0.40752182616545929
  0.41887826028438940  0.42994158069324073  0.44060178569579833  0.45030723444030296
  0.46021598922705398  0.47059697230754194  0.48193572238499460  0.49304922850111116
  0.50355568582415777  0.51428822815882091  0.52452087473101883  0.53479524096405029
  0.54588184424915531  0.55831860491620666  0.57147680322446448  0.58398363997503677
  0.59809393306517622  0.61293916851243668  0.62660920054004088  0.63852879428856280
  0.64904002218176238  0.65976113379336709  0.66939762597741514  0.67920702552615142
  0.68807367046146806  0.69905336041828159  0.70932168244242766  0.71939420943152921
  0.72705035376099680  0.73469438773414542  0.74210257212046216  0.75043809438827103
  0.76166299559461137  0.77342738351172824  0.78636297756802809  0.79901294105178644
  0.81041486552523923  0.82168738882484105  0.83325387144366980  0.84660940166366794
  0.85893026607846346  0.87059666774859301  0.88025118371661004  0.88925744874877743
  0.89817408874191496  0.90697497062762034  0.91635119488052519  0.92416159735793857
  0.93190295968355108  0.94022142026671496  0.94973465301802040  0.95934752718809568
  0.96949819033181950  0.97956345285046265  0.98966579976087843  1.00000000000000000
 -0.00140632748372136  0.04624986296408101  0.08136871550251384  0.10878197590158281
  0.13357326863913555  0.15894568410462437  0.18237058865563588  0.20260497933026930
  0.22115242161780158  0.23950402126384537  0.25854973980791351  0.27726021399663264
  0.29499009044879443  0.31127634218639555  0.32623750656200112  0.34023135746183042
  0.35434253549803507  0.36813100591765141  0.38111084998301376  0.39233120087764350
  0.40360418446746771  0.41558439184179014  0.42806301172859718  0.44015305236415908
  0.45271834919418857  0.46386327053592485  0.47472974980880200  0.48496241477590718
  0.49569124001163173  0.50498674806812027  0.51379056572576021  0.52225491910413735
  0.53090987561316438  0.53897261737814983  0.54694198345386658  0.55470198968404016
  0.56344426206625375  0.57330456034403210  0.58388472496220067  0.59408960143945844
  0.60263095181344850  0.60981327499069815  0.61623066041353081  0.62223579584679789
  0.62886607678658502  0.63605632537352175  0.64338376406630848  0.64992385614027248
  0.65574952459872449  0.66135253183872567  0.66687518351399766  0.67247141822098044
  0.67830923721691738  0.68507614165764186  0.69178970998797307  0.69808855550384974
  0.70404523272331843  0.70975580357918566  0.71561294819462096  0.72112646598794028
  0.72655898818518638  0.73258370218168078  0.73948693095838880  0.74654188038463165
  0.75288092409899865  0.75844143963515587  0.76316194890744560  0.76806886984042311
  0.77327878014591844  0.77867369242391793  0.78450821913292579  0.79086457951887590
  0.79657386827465482  0.80170391408397057  0.80634547796724410  0.81077582937102477
  0.81545069544458848  0.82065829706866167  0.82690613396278756  0.83500291202382293
  0.84318198252579557  0.85179918425521450  0.85960974001417911  0.86768607064398651
  0.87526944284994024  0.88108305958930233  0.88668291434874402  0.89195131996661048
  0.89663284168619006  0.90076197579749961  0.90577599452840063  0.91459365891928224
  0.92387298948284269  0.93637038613049173  0.95217223674182772  1.00000000000000000
 -0.02304288908131522  0.13695884271646894  0.17785286031871722  0.19898496218654593
  0.21735689993943022  0.23239304894767915  0.24276614110794600  0.25134805535622134
  0.25949009987674176  0.26729512791945748  0.27475336867088557  0.28209834689829388
  0.28881117414796970  0.29527411361360767  0.30305689246895356  0.31050220468659390
  0.31762134184014662  0.32417541385961812  0.33079748561221523  0.33772704393301944
  0.34510427343777517  0.35224690406099457  0.35807580290698915  0.36335483745334335
  0.36856604379701197  0.37418106448452704  0.38074959309517692  0.38765241931723138
  0.39405501683802907  0.39990986389810096  0.40556169248069712  0.41184659338742580
  0.41738207993236948  0.42227539179708345  0.42733300904674143  0.43227367503772374
  0.43668712430599027  0.44214698363486071  0.44801681629300455  0.45371774986378238
  0.45923984806623863  0.46500643722566321  0.47109665648231192  0.47744397237544040
  0.48371359255086699  0.48952556104569955  0.49493064037696755  0.49989371897791285
  0.50447613359841703  0.50925667996072310  0.51403452023715457  0.51918124327105464
  0.52437268684540284  0.52939644320016566  0.53466793349403541  0.54013981227359398
  0.54586889427688190  0.55195411137286465  0.55769672146651017  0.56349131172878886
  0.56944318450532816  0.57526553933229019  0.58107612115344764  0.58702065008094251
  0.59303150898181223  0.59924942458334074  0.60573363694412197  0.61239574407263198
  0.61893836342849007  0.62528922242977247  0.63127226953398774  0.63689530196310318
  0.64252009319833070  0.64876647360403161  0.65594779571554207  0.66319972076662181
  0.66938049744677730  0.67485726704702476  0.68015730673553954  0.68561806106210343
  0.69194875054203075  0.69888683506175342  0.70578866012789465  0.71259330649444363
  0.71970179725502326  0.72681965844824559  0.73386538266298029  0.74206491268808916
  0.75182598217212726  0.76312366633238427  0.77580830852426863  0.78896669515173046
  0.80530314373224177  0.82736301149464242  0.86907895421243520  1.00000000000000000
   4.2807529180960209E-011  -1.0000000000000000     
 F F F F F F F F F T T T T T T T T T T T T T T T T T T T T T T T T T T T F F F F F F F F F T T T T T T T T T T T T T T T T T T T T T T T T T T T
  <DiscreteSampler_grid>
  grouped_processes
  1 # 1 for a reference and 2 for a running grid.
  10 # Attribute 'min_bin_probing_points' of the grid.
  1 # Attribute 'grid_mode' of the grid. 1=='default',2=='initialization'
  0.0000000000000000 # Attribute 'small_contrib_threshold' of the grid.
  0.5000000000000000 # Attribute 'damping_power' of the grid.
 # binID   n_entries weight   weight_sqr   abs_weight
    10   10   1.457460279922675E+004   1.134534362349260E+009   1.457460279922675E+004
    11   10   1.457460279922675E+004   1.134534362349260E+009   1.457460279922675E+004
  </DiscreteSampler_grid>
