 -0.00009045656828067  0.00077907579039838  0.00180137159390411  0.00325747746166895
  0.00522875894619234  0.00756608814996793  0.01033379251844718  0.01365591629077040
  0.01739434363990182  0.02133672605172203  0.02560769251703491  0.03016711210916903
  0.03505874062780735  0.04032370676703879  0.04585058898815870  0.05181719520394366
  0.05813465508958766  0.06472788230976385  0.07128865806973317  0.07795851981033362
  0.08491164534444469  0.09212414468997621  0.09964138438601669  0.10729116501576300
  0.11496150258006556  0.12264020617602428  0.13046006534571489  0.13861494790598022
  0.14712381867135199  0.15589065317115283  0.16456231446604919  0.17333249454574981
  0.18217801820454391  0.19132723545791935  0.20058063942026655  0.21019256033275449
  0.22048075239365222  0.23067553060280191  0.24091895368422941  0.25146359058242523
  0.26235209192701492  0.27336178316594728  0.28436068989653884  0.29557084879421747
  0.30709601973560052  0.31871483437473869  0.33042678365686229  0.34214158690309271
  0.35385792555693596  0.36566576169423648  0.37751160285469626  0.38956266113282495
  0.40174583490848570  0.41413220575354676  0.42672219982831816  0.43921292788107363
  0.45153789671993888  0.46381044108752378  0.47604172121727362  0.48825133654401681
  0.50052447833524227  0.51301084302241740  0.52561150615206020  0.53807093174595033
  0.55055994430977517  0.56296597638076595  0.57531250723849803  0.58768689492591408
  0.60006997148745278  0.61250576688547953  0.62492086971153626  0.63715012682783889
  0.64939273253759888  0.66156720413010839  0.67375016040005009  0.68617430059998230
  0.69889925442756295  0.71201756207748224  0.72564109238475627  0.73934549753427870
  0.75341264894180326  0.76757700471026669  0.78269421577393450  0.79890204960398448
  0.81437390718400593  0.82932832754751440  0.84545077866163154  0.86217815912474749
  0.87859126339541394  0.89466165510654616  0.91143607896410728  0.92879351087266138
  0.94654085363793017  0.96429920263155411  0.98211141642438493  1.00000000000000000
 -0.00234164328078651  0.01032679137271221  0.02122043203763396  0.03162249341497167
  0.04241531197845197  0.05381357046187692  0.06513363541364356  0.07579857035420849
  0.08630788519209766  0.09711181825195775  0.10805571995523497  0.11922813785628800
  0.13022964657088495  0.14109858757441113  0.15137826536095522  0.16146441012081245
  0.17160004531690720  0.18185835172688394  0.19198879193453944  0.20176755067751387
  0.21161198092037092  0.22149996760741619  0.23116485680225426  0.24075558422910878
  0.25077245193919284  0.26128788733485264  0.27161068360095353  0.28147083514313653
  0.29132188550249172  0.30187221616913201  0.31267568185118855  0.32336779679436217
  0.33319730410231579  0.34478665198228975  0.35610730043212174  0.36731271532714982
  0.37822304139489360  0.38946307668526797  0.40046423488438643  0.41164392677509637
  0.42336505077952385  0.43517599306094240  0.44681927948733086  0.45836045571130213
  0.47005410144728832  0.48169258181252828  0.49292926789711133  0.50396018517534602
  0.51453625063803421  0.52485795735111651  0.53542643138037216  0.54575424133422090
  0.55577953403135938  0.56652640801986309  0.57772520799471361  0.58863112987875166
  0.59891737579826654  0.61001812906026309  0.62204811609299759  0.63429774475574008
  0.64613421322768172  0.65726473154766962  0.66750697832770400  0.67699576380197934
  0.68654158292176481  0.69626124522311161  0.70616030760837967  0.71635911829139087
  0.72695437129778440  0.73803039661088232  0.74874616327999577  0.75855870593211827
  0.76816428034850281  0.77805405360954027  0.78871090388852982  0.79918056548268090
  0.80916795177415513  0.81897610890396300  0.82928219353038424  0.83950858456860633
  0.85001157698307805  0.86006904435770859  0.86945093048630495  0.87856863748776604
  0.88772092729492480  0.89698743231972033  0.90638043473610308  0.91621991223099208
  0.92652964454933340  0.93716473554463053  0.94679027188563025  0.95666280313669627
  0.96729096226814593  0.97840616106740408  0.98926041698543843  1.00000000000000000
 -0.00387291427518131  0.02571756334347321  0.04710983394152621  0.06479778602336284
  0.08079440189795412  0.09582179170573685  0.11015872086278333  0.12384689372128189
  0.13681772880007373  0.14950784132760803  0.16195447778750768  0.17393680942966830
  0.18555551856356534  0.19739982824484983  0.20895164607497321  0.22002240021001343
  0.23097683345828832  0.24126676688590171  0.25169458606368794  0.26190386135963750
  0.27191994900353122  0.28123858876331048  0.29071443124822077  0.30124665579845389
  0.31262300470917875  0.32407841840467977  0.33600172809590190  0.34822416864425204
  0.35979831099842191  0.37031093494074829  0.38047688112562633  0.39049642617470942
  0.40063024785183954  0.41114204530927911  0.42154425780101251  0.43178372019589939
  0.44127909031395429  0.45003556666055539  0.45849216571175760  0.46664715191990885
  0.47481839438447893  0.48325115045026634  0.49214657163506653  0.50169388232948986
  0.51181362128499541  0.52184295372343670  0.53098076614249345  0.53990217502813298
  0.54879132079956061  0.55782770573765683  0.56689382691271673  0.57603410822884860
  0.58524927073346189  0.59526792073986678  0.60503150673503225  0.61495864043329285
  0.62421423926745112  0.63291860215318718  0.64142119400311026  0.64995207807054001
  0.65868505682186107  0.66750810816911443  0.67603440680129456  0.68425959092235489
  0.69217655825969460  0.69974731213500441  0.70718818120775051  0.71457301844655963
  0.72200421090942990  0.72973934087149750  0.73774202307965331  0.74610316643064933
  0.75479122678069521  0.76354663111999510  0.77225809264023992  0.78086711746586124
  0.78952297299219365  0.79828261576159742  0.80667461781299432  0.81506788292985144
  0.82347042750470756  0.83219473548868383  0.84106739586911816  0.84975966456202812
  0.85882027054559795  0.86792345311669949  0.87687485220501127  0.88577055691570983
  0.89468084358211697  0.90542195232932376  0.91668846424249162  0.92778552945666015
  0.93981124699968721  0.95370939745964423  0.97105316959039290  1.00000000000000000
 -0.01943679751082825  0.11218708635426086  0.14565971192074786  0.16714241924839893
  0.18416707363390533  0.19855990759845973  0.21156309898622189  0.22360533033478897
  0.23469012886888974  0.24527730014823856  0.25570780366561480  0.26584665410043207
  0.27524115092861484  0.28404781125680056  0.29266020069690168  0.30058569356082870
  0.30779810802136054  0.31463627327179766  0.32109263887700717  0.32778343487422029
  0.33437873306233817  0.34136412366362501  0.34787238768116913  0.35441811645394405
  0.36081642873052866  0.36728012601473825  0.37395513645270301  0.38070481604683498
  0.38733612087472513  0.39386032629927376  0.40039150660957001  0.40692315760102049
  0.41334566323314664  0.41963889948025962  0.42603649568534407  0.43262013181859843
  0.43893500139152719  0.44498241374683239  0.45077474037462723  0.45637384489469185
  0.46186590201716782  0.46731337006435536  0.47284800066490618  0.47844482906444041
  0.48403822176901623  0.48954223324117113  0.49511563281478910  0.50047438054629978
  0.50592024226421961  0.51130454577802176  0.51665154784411016  0.52197583173366879
  0.52721710837838509  0.53244801377515871  0.53776104732627639  0.54317033470816367
  0.54880680225171607  0.55459846511766975  0.56052546848644713  0.56649331559735505
  0.57231162411601388  0.57797603887879723  0.58356443925262258  0.58916170516803101
  0.59492747096793919  0.60077937200002818  0.60657112812579628  0.61236017400504039
  0.61817088250274832  0.62395619930080159  0.62962099907000413  0.63522928485862096
  0.64122383050959630  0.64778656742625296  0.65455329591569256  0.66126085099491727
  0.66794055777655248  0.67457854586941457  0.68118848646703023  0.68815104839841679
  0.69591888847278982  0.70433945988375668  0.71294038441095664  0.72223499203398145
  0.73177451939109517  0.74164599165199996  0.75210173586821871  0.76218887339736796
  0.77392213421210276  0.78666222527456764  0.79996189081861024  0.81373426811876048
  0.83024764341035084  0.85205135796438425  0.88447461874846178  1.00000000000000000
   1.7491119966030774E-011  -1.0000000000000000     
 F F F F F F F F F T T T T T T T T T T T T T T T T T T T T T T T T T T T F F F F F F F F F T T T T T T T T T T T T T T T T T T T T T T T T T T T
  <DiscreteSampler_grid>
  grouped_processes
  1 # 1 for a reference and 2 for a running grid.
  10 # Attribute 'min_bin_probing_points' of the grid.
  1 # Attribute 'grid_mode' of the grid. 1=='default',2=='initialization'
  0.0000000000000000 # Attribute 'small_contrib_threshold' of the grid.
  0.5000000000000000 # Attribute 'damping_power' of the grid.
 # binID   n_entries weight   weight_sqr   abs_weight
    10   10   1.317596050219593E+002   2.900919777279128E+004   1.317596050219593E+002
    11   10   1.317596050219593E+002   2.900919777279128E+004   1.317596050219593E+002
  </DiscreteSampler_grid>
