 -0.00003294527515381  0.00051822497931130  0.00106228552506355  0.00157136993696845
  0.00205006627355207  0.00250799047250088  0.00297736532684838  0.00343640873190354
  0.00389625141799349  0.00436362650585195  0.00486149186865792  0.00525725516048815
  0.00557794336356437  0.00588307644581928  0.00618735262730276  0.00647611033274073
  0.00677352453655191  0.00711473244229992  0.00748344699876036  0.00784352118931525
  0.00820146457097131  0.00855068111688732  0.00894066398680866  0.00935416562903563
  0.00974313564318695  0.01008152447370979  0.01039251503542924  0.01068150076228410
  0.01097088097657509  0.01127935000626431  0.01157967329154722  0.01187505456491429
  0.01217501297505728  0.01248535729486208  0.01274782805061144  0.01321091319898870
  0.01366430239008949  0.01432867616885107  0.01535151086390506  0.01629743815999306
  0.01715679045924141  0.01777934233051459  0.01839916019611653  0.01886791181155709
  0.01921083959940368  0.01951664533067386  0.01983981452513238  0.02017068783694145
  0.02047753475707818  0.02075384230938296  0.02101528926920227  0.02134657565660758
  0.02170350642760813  0.02206121704672667  0.02240183450600215  0.02274240703957169
  0.02309645777110391  0.02346676633133876  0.02385093329303827  0.02420029367341162
  0.02446044854760525  0.02474753944571778  0.02505534386574660  0.02540229526591279
  0.02572473968610633  0.02599405357074979  0.02625031222520260  0.02649975764093829
  0.02678615008196559  0.02711118580300477  0.02739197821623580  0.02765029634150836
  0.02793075180014178  0.02817964339026335  0.02843163785453558  0.02866938729606517
  0.02891280960536981  0.02914047328044094  0.02943074531230590  0.02976821628895647
  0.03021099829210193  0.03050458383501845  0.03078634364472807  0.03105466520696012
  0.03128940592322476  0.03158747389114899  0.03190309953481285  0.03214773146140498
  0.03229752604772865  0.03244732063405231  0.03357256999444504  0.04061748005496531
  0.04766239011548557  0.05470730017600584  0.21065953400762147  1.00000000000000000
 -0.00191740826812935  0.00808691353380179  0.01620421909637555  0.02504782158083103
  0.03366844851447075  0.04198015698451332  0.05448319820691760  0.06399072214675576
  0.07275461859810498  0.08308170714980002  0.09379747518352266  0.10391446148862574
  0.11386476338311861  0.12418545179575247  0.13556564237068308  0.14710528422107583
  0.15867776893282456  0.17050841389280877  0.18245338085743987  0.19501701461325882
  0.20829789947281679  0.21906597691237442  0.23099721243361840  0.24274775209116317
  0.25590090180707492  0.26871188403144614  0.28036844880927836  0.29416554827042041
  0.31035870622548961  0.32649700348535404  0.33873019574937369  0.35014255138542283
  0.36175417196348419  0.37087818179782328  0.38351754564099044  0.39754138662728244
  0.41360923755789814  0.42475850650125557  0.43156853174288012  0.43773270932724639
  0.44109234756128884  0.44378012392987509  0.44685797170813046  0.45042193645959705
  0.45470239925422207  0.46115485094212771  0.46809801762926700  0.47454715969331190
  0.48230349742311762  0.49512024144316252  0.50774005643988684  0.52175597058405931
  0.53677195249523046  0.55074112486668791  0.56418920310838283  0.57729378942536658
  0.58980031266945854  0.60191708919628351  0.61384128652085024  0.62510118616333787
  0.63633274574252896  0.64831341887066973  0.66158163390230740  0.67677415414512299
  0.69012160180214699  0.70541085989983565  0.72145896952393740  0.73547675369760679
  0.74716999678077489  0.75976658754842907  0.77053069934103324  0.77839747545866000
  0.78644573741910007  0.79381752180850806  0.79849941882418363  0.80193958722909287
  0.80577082124972876  0.80967094178670640  0.81405928971607799  0.81953371897210059
  0.82493759282278556  0.83044899170884279  0.83974996582771400  0.85152780363926794
  0.86357389515751926  0.87754794321503327  0.89443853177481114  0.91126040646504547
  0.92452713502855932  0.93487830124282645  0.94415437677862157  0.95389663583358975
  0.96345885343363813  0.97460496825623888  0.98768344345168912  1.00000000000000000
 -0.01685609563321337  0.18573011441759210  0.31677635366542789  0.41202211634032387
  0.49494709513116664  0.56381212310377837  0.61168638993762159  0.65786926698998682
  0.69162457973180880  0.71903596880932086  0.74616059331323048  0.76900343540363392
  0.78803929479131107  0.80482411113106322  0.81918230782926804  0.83222409092849292
  0.84402261932358780  0.85592511624690315  0.86715292329898785  0.87698214041144162
  0.88510767433481929  0.89255617496838724  0.89871183929179899  0.90381182559577711
  0.90846845722858871  0.91249529885189518  0.91619612491805347  0.91955999950569600
  0.92272458629815901  0.92596629762236271  0.92906893605960816  0.93207806278104255
  0.93494655409553029  0.93751179098265702  0.93963350338950591  0.94150867308795561
  0.94347160119451878  0.94549072954500035  0.94760282809138385  0.94965225472811710
  0.95143335181772493  0.95304765178894602  0.95461275256054579  0.95611106280978997
  0.95755259447801599  0.95884441349092475  0.96005596086974820  0.96120404688975003
  0.96232288506069519  0.96340767935027327  0.96442681131738794  0.96542591520232179
  0.96636410767917413  0.96724789076683615  0.96813929253480024  0.96909661672870251
  0.97006454778786855  0.97107036777911859  0.97212078905777799  0.97330639095194516
  0.97452649645197087  0.97557550086379874  0.97635596045304485  0.97703986146547606
  0.97766985591716427  0.97826601174582284  0.97882728736785363  0.97939297745129039
  0.97992180231698822  0.98040734565491017  0.98086517011740026  0.98131965783205377
  0.98176852976054541  0.98223755942375701  0.98272382311529161  0.98321047381895799
  0.98368744983222123  0.98414448729263682  0.98462373149263671  0.98511203755084975
  0.98560071588226295  0.98622813082271510  0.98699449014894158  0.98776281916891817
  0.98849533556278157  0.98912457176431867  0.98973618149636022  0.99035636889233358
  0.99098133233449048  0.99165685758636735  0.99240548620028202  0.99336297273147223
  0.99454010777415969  0.99586006847096975  0.99748362334043805  1.00000000000000000
 -0.01887759623216704  0.14029356478512350  0.20068761668570292  0.23959558111645571
  0.26695681745664629  0.28332594948303907  0.29617717785729192  0.31133620658241629
  0.32513006758152924  0.33879611084662703  0.35237488642591852  0.36690688211061362
  0.38334874368826116  0.39697536581539700  0.40575212821900769  0.41322160363806287
  0.42084853583765908  0.42835586681105464  0.43520535861531273  0.44192865830306288
  0.44883902819907101  0.45589730198201261  0.46469680054102303  0.47438991081416759
  0.48327723676504986  0.49277697113736618  0.50092069310078546  0.51031918543925914
  0.51882786907515166  0.52511277957924762  0.53020496985832544  0.53485469700648258
  0.53933002455369727  0.54385869098990047  0.54849691791873090  0.55326848802981465
  0.55831591556795523  0.56336801034639672  0.56812532431204787  0.57219831495682349
  0.57647109757524118  0.58016257967259044  0.58415864314051291  0.58851927080656452
  0.59304639827797401  0.59634413620064852  0.59843216258202947  0.60052384088385380
  0.60261769795316433  0.60494631256795084  0.60792593807837325  0.61291907395160750
  0.61737454857176755  0.62088411279129940  0.62479386699063366  0.62980378882561128
  0.63645471303408618  0.64221303709975885  0.64803855426002965  0.65256287225376464
  0.65694953168608095  0.66124456623112082  0.66612881113396605  0.67192003620050456
  0.67947619098703604  0.68726641913682607  0.69395097661509719  0.69964810573195946
  0.70481419997572692  0.71148507899172386  0.71829230851407833  0.72520981184027167
  0.73261483906519020  0.74088665870601134  0.74943614030385819  0.75771941712021629
  0.76499744014081039  0.77071650789841173  0.77461688759673641  0.77804657399413024
  0.78338549234281141  0.78854106965548698  0.79201745146722979  0.79548307951506481
  0.79886205219308681  0.80197130790693727  0.80702050743985465  0.81391479310692916
  0.82056802648407345  0.82681393354067712  0.83446338421267408  0.84824656105815555
  0.86622736635161279  0.88678031216745001  0.91586088065769000  1.00000000000000000
   6.6393900621850810E-014  -1.0000000000000000     
 F F F F F F F F F T F F F T F F F T T F F F T F F F T T T T T T T T T T F F F F F F F F F T F F F T F F F T T F F F T F F F T T T T T T T T T T
  <DiscreteSampler_grid>
  grouped_processes
  1 # 1 for a reference and 2 for a running grid.
  10 # Attribute 'min_bin_probing_points' of the grid.
  1 # Attribute 'grid_mode' of the grid. 1=='default',2=='initialization'
  0.0000000000000000 # Attribute 'small_contrib_threshold' of the grid.
  0.5000000000000000 # Attribute 'damping_power' of the grid.
 # binID   n_entries weight   weight_sqr   abs_weight
    10   10   3.468626615288850E-003   1.054371570981558E-004   3.468626615288850E-003
    11   10   3.468626615282491E-003   1.054371570981546E-004   3.468626615282491E-003
    16   10   3.468626615288849E-003   1.054371570981557E-004   3.468626615288849E-003
    17   10   3.468626615282490E-003   1.054371570981546E-004   3.468626615282490E-003
  </DiscreteSampler_grid>
