 -0.00006407904635775  0.00104731308551687  0.00192886113205561  0.00271832073529592
  0.00347907770139689  0.00419042540274557  0.00484641430758676  0.00546073403016979
  0.00608692829576405  0.00670808253811984  0.00734787073222571  0.00800005572010790
  0.00864189450515717  0.00929803390158543  0.00992915503574911  0.01050217001195248
  0.01110407778861954  0.01171270941764241  0.01228105705832166  0.01283285791119890
  0.01340708020231153  0.01400562174554200  0.01462496845188103  0.01526754565775388
  0.01595259732558483  0.01667505482674575  0.01739339464725924  0.01809826942995534
  0.01881263825314252  0.01953440183994291  0.02025785651947476  0.02097008929488099
  0.02168320475462930  0.02241820219601179  0.02317122988544902  0.02395800526916722
  0.02475445654867700  0.02548666584399203  0.02617488587459332  0.02688364568604741
  0.02763863946544805  0.02848594156626158  0.02938994972762065  0.03019089434605443
  0.03088274981092816  0.03152307060443815  0.03214263228327528  0.03280031101597865
  0.03357332975083861  0.03446241701494247  0.03539685292347434  0.03638951770574184
  0.03743585750108767  0.03844415393408072  0.03940590110093613  0.04033053254626341
  0.04129401865332084  0.04229531862920652  0.04331580265946194  0.04432943720248105
  0.04529787788023813  0.04637560455234205  0.04754291469401136  0.04885747643391263
  0.05029210002790578  0.05178180057707651  0.05327582728690901  0.05462113101023457
  0.05555042399501013  0.05643482580922964  0.05721559860056089  0.05792434926082181
  0.05869073056112679  0.05968090973428659  0.06113287562028507  0.06288869630428021
  0.06448941358901591  0.06583886555631814  0.06716058015402565  0.06852524781763888
  0.06997330326604970  0.07150615158984419  0.07310330621122028  0.07392793586675879
  0.07741819365472748  0.08504071352676779  0.09144283985557346  0.09646303546264366
  0.10056039648086239  0.10404529431740887  0.10661986074169989  0.10903772693155955
  0.11182687247341014  0.11833920567640019  0.12221424825407444  1.00000000000000000
 -0.00279615769113427  0.01199309349849437  0.02378041777817438  0.03418147102731559
  0.04389891459738692  0.05296941761602568  0.06229190566516576  0.07257769073208425
  0.08341786055780377  0.09628039763679345  0.11023359339026438  0.12399070813744069
  0.13474118386947098  0.14438275954193061  0.15325990248742671  0.16208503788698150
  0.17042198068508202  0.17923203362775650  0.18905594663615019  0.20157957831224727
  0.21300129073613994  0.22590525940837336  0.23798993679457495  0.25030082243464064
  0.26192350878881154  0.27342006215368070  0.28550752363877008  0.29772805749493858
  0.30973714698510058  0.32182693669435553  0.33263899304401606  0.34343614861787797
  0.35436264171267878  0.36474373094971096  0.37503654472823894  0.38518726343921611
  0.39503233486218570  0.40494778834639228  0.41559356904539968  0.42570036791375954
  0.43498315670378074  0.44420692690772323  0.45377824141194684  0.46422814432956599
  0.47560964451185639  0.48628176394449918  0.49740391565923003  0.50829060096976353
  0.51966174546275667  0.53057348086250311  0.54174437869268510  0.55507064210007995
  0.56818353981487013  0.57917929536185975  0.59232694946342357  0.60596655795944632
  0.61995515015532576  0.63436071523601778  0.64839977388524839  0.66144301250567827
  0.67289284583128317  0.68266387549684171  0.69258520846432969  0.70370281907961862
  0.71282136629475068  0.72071269236561952  0.72850880978560939  0.73599541614170572
  0.74368081220469950  0.75182222528477449  0.76000792225241542  0.76789575670468324
  0.77627311089793904  0.78557157629900232  0.79504837690505381  0.80596471772817047
  0.81748179148765376  0.83154158134755618  0.84275397304646560  0.85200329241478590
  0.86015871934298793  0.86822386780160543  0.87683419541616747  0.88591772104653577
  0.89421858429676915  0.90330543914723049  0.91373313419978752  0.92353350425557734
  0.93347497861886797  0.94188039215347086  0.95052646644413652  0.95883496502747623
  0.96808586313446054  0.97805898514948064  0.98902619408868919  1.00000000000000000
 -0.01200871275212929  0.14239992672149407  0.22070503385916293  0.27298323645747963
  0.31671168081353129  0.35327425531824064  0.39038274163670317  0.41857174281578302
  0.44341833471421882  0.46873280590181238  0.49259654500737682  0.51405071733497032
  0.53279533987676275  0.55117706238351882  0.56917532913166535  0.58457936356589102
  0.59879316574156183  0.61227484908311514  0.62549742644611395  0.63828873173536982
  0.65098232325535388  0.66460526683026799  0.67881302967000179  0.69217910187353682
  0.70423976647223441  0.71418951797175401  0.72241594332906878  0.73119237696516848
  0.73942694493112271  0.74700041326821010  0.75368917408289060  0.75986190565200951
  0.76564494427469509  0.77142511137080727  0.77739484040372187  0.78337552113863940
  0.78928471329220862  0.79506163955827425  0.80053867497894504  0.80595724374380817
  0.81124340172004306  0.81596778883497911  0.82060293321633881  0.82556213554882141
  0.83051907253692470  0.83486430305539761  0.83874220814958744  0.84255989596403547
  0.84637486907790305  0.85020786741658694  0.85457525462455264  0.85881549898890042
  0.86324422096859021  0.86765646583619804  0.87189243709327624  0.87584234840152841
  0.87994784558143746  0.88388951838868934  0.88768761099247606  0.89156571480418856
  0.89539759056870516  0.89832508954122881  0.90101507378933254  0.90384209738999077
  0.90676925857495971  0.90960413577205634  0.91244357106482865  0.91525883388833473
  0.91788900026158493  0.92022055264445157  0.92253965863715126  0.92488655769633987
  0.92721919112289508  0.92952776458602615  0.93173979563094367  0.93394582098075418
  0.93616669515304696  0.93826707430674627  0.94040037978677038  0.94258065623819087
  0.94472946757325438  0.94681008837515113  0.94884312055469988  0.95081362574483552
  0.95272025691959272  0.95480950334490577  0.95699926731495011  0.95943405534007686
  0.96213910243376288  0.96495179410200427  0.96774302345676955  0.97065125815107434
  0.97407277600801045  0.97830598135118796  0.98532448508133552  1.00000000000000000
 -0.01341060588784098  0.09996695321441135  0.15233133330187892  0.18691637935130168
  0.21617141109610932  0.23653699443484366  0.25102221150893073  0.26330558682120542
  0.27497678365944234  0.28499731883451451  0.29508145713488404  0.30491778862994190
  0.31405261511062094  0.32200518551094126  0.32938208226851962  0.33628383721536675
  0.34339477256347434  0.35106442569296997  0.35711818477608581  0.36267798189218642
  0.36864452307304152  0.37541555044883040  0.38098328755860961  0.38608953854543021
  0.39121857007734517  0.39635821571965946  0.40255528916259381  0.40810747385714741
  0.41368006067202484  0.41900245978490319  0.42482668990638767  0.43139906810632017
  0.43768424700765007  0.44351250144140103  0.44903663933764243  0.45467800362556654
  0.46038720338228778  0.46648274617695268  0.47281272208911507  0.47821401540512809
  0.48294619661116567  0.48771783131876689  0.49226146734916809  0.49650603084030998
  0.50090162636896862  0.50557033122718575  0.51014551851007883  0.51468108390998457
  0.51993876201157108  0.52569619521619515  0.53200595049864174  0.53792104350943870
  0.54348078045551695  0.54888904824305673  0.55438069062786610  0.55993496602065429
  0.56543317522563152  0.57097372375035871  0.57673105459692120  0.58227977259357888
  0.58747263408351935  0.59255671596377457  0.59793392143309387  0.60351152257054075
  0.60893368550673754  0.61414979654250901  0.61899676158573214  0.62350830958250769
  0.62846553326192212  0.63377261051585587  0.63914462300758568  0.64591733147919639
  0.65373995226485193  0.66225516078588587  0.67090446274484195  0.67936733341968569
  0.68790737109010547  0.69420545948661250  0.70192414034814787  0.71017397589824138
  0.71774742146783010  0.72471938734275165  0.73181771537687701  0.73920987633129476
  0.74767303337168889  0.75711010618896635  0.76781898029246742  0.77690413269874981
  0.78660819385040304  0.79765998419825945  0.80979061804730601  0.82272084332432538
  0.83914068962792043  0.86689074284146472  0.90689431017209876  1.00000000000000000
   1.1526456089196090E-043  -1.0000000000000000     
 F F F F F F F F F T T F T T T T T T F F F F F F F F F T T T T T T T T T F F F F F F F F F T T F T T T T T T F F F F F F F F F T T T T T T T T T
  <DiscreteSampler_grid>
  grouped_processes
  1 # 1 for a reference and 2 for a running grid.
  10 # Attribute 'min_bin_probing_points' of the grid.
  1 # Attribute 'grid_mode' of the grid. 1=='default',2=='initialization'
  0.0000000000000000 # Attribute 'small_contrib_threshold' of the grid.
  0.5000000000000000 # Attribute 'damping_power' of the grid.
 # binID   n_entries weight   weight_sqr   abs_weight
    10   10   4.801078660108420E-030   1.158233195539067E-058   4.801078660108420E-030
    11   10   4.801078660108420E-030   1.158233195539067E-058   4.801078660108420E-030
  </DiscreteSampler_grid>
