 -0.00003289585065396  0.00041580781644996  0.00079742908158950  0.00119561987941330
  0.00161066243705088  0.00201538690252559  0.00245167650235020  0.00290942104397554
  0.00337606935065664  0.00380120663728503  0.00424344046880021  0.00464253300210054
  0.00500222748083756  0.00538707484438586  0.00584059870333207  0.00637115385268542
  0.00681369123386511  0.00725232839366517  0.00771892117299192  0.00818466645641331
  0.00864532803663480  0.00909778461973385  0.00958484663907932  0.01009043465410064
  0.01058877377800263  0.01099163234185073  0.01137771948228438  0.01177865646082467
  0.01220578785433336  0.01263675512339939  0.01306460983409498  0.01335705242723386
  0.01368129614915783  0.01406410773914991  0.01443779303349323  0.01481325040218695
  0.01516527090479291  0.01550549661238994  0.01584828258511208  0.01621638134243080
  0.01655199700702909  0.01689913604329722  0.01726904763032253  0.01763782548665913
  0.01809221948870962  0.01872854159076748  0.01935867520192441  0.01992171591049526
  0.02037389211234935  0.02083372256743705  0.02167741391878525  0.02274075729701155
  0.02392445700666868  0.02515226157609746  0.02631813178336783  0.02719382589863870
  0.02809395732252391  0.02906155677038208  0.02978890712915724  0.03029830688647771
  0.03058923916996278  0.03096660676385541  0.03135307801416656  0.03167383166576744
  0.03196792335202286  0.03227378992813865  0.03260055007708055  0.03296088763344282
  0.03340527297954988  0.03387771710539055  0.03451901716130449  0.03540346717564342
  0.03601038135312530  0.03645028744192470  0.03683867664787762  0.03723734610638163
  0.03766382322776703  0.03810553591690198  0.03851791042543434  0.03899498523321049
  0.03948805235037055  0.03992342147796318  0.04028666754324610  0.04176245095075930
  0.04460200091926012  0.04723717006239724  0.04987233920553437  0.05324893230530270
  0.05691826833943327  0.06021575026504596  0.06157564430890205  0.06293553835275814
  0.06417377451461943  0.06484882313047988  0.06490692171522233  1.00000000000000000
 -0.00328679503658561  0.01116692554141359  0.02498295267165028  0.03787930723051974
  0.05026588713176420  0.06290646622924108  0.07636581633036586  0.09065397141000631
  0.10501267163516537  0.11868074554405686  0.13192642625120327  0.14422522445051988
  0.15409631063106213  0.16487387452220637  0.17815145463307941  0.19136799570756499
  0.20256907294046250  0.21510905777554201  0.22841040726007861  0.24138545692244714
  0.25658179088187155  0.27195977084942036  0.28861424839674910  0.30566352753271681
  0.32093986673258318  0.33370097494365569  0.34669122527120327  0.36035567069932323
  0.37450943729496133  0.38811761691207297  0.39881782723252279  0.40856440156393015
  0.41808368023409936  0.42856386351757197  0.43847851915016145  0.44709465390667813
  0.45623684768289013  0.46459443364885239  0.47135406344516434  0.47743006366332885
  0.48351288529823311  0.48986697436586651  0.49693196307534693  0.50739527518308525
  0.52009138481522310  0.53127839786175624  0.54276311916497111  0.55410334919246629
  0.56392228513962184  0.57368509238706467  0.58425088508388656  0.59460436197695965
  0.60553502508667978  0.61820538313742801  0.63337632259856158  0.64659627289502819
  0.65877341493328567  0.67142457397830146  0.68346353293170081  0.69299764070772774
  0.70304301187849516  0.71391646328799330  0.72373744670142437  0.73337040002356702
  0.74301230841350208  0.75193651083728530  0.75964108332063662  0.76725447594727370
  0.77466651501130213  0.78410746605564430  0.79372869612303332  0.80407999184890022
  0.81456032924830513  0.82559780362292623  0.83734623710018385  0.84910792867786933
  0.85933524468501976  0.86889126823610763  0.88005730878383170  0.89081487217525113
  0.90121266947236300  0.91089292288052215  0.91890071070096546  0.92329904615696412
  0.92904029639068930  0.93569406490801610  0.94364774077282598  0.95019555242705200
  0.95525281554106223  0.96042425040684265  0.96641402253893161  0.97046294598784910
  0.97448530590929616  0.97808419534809188  0.98854064603698844  1.00000000000000000
 -0.01693841189520612  0.16885565808996938  0.28280363178263235  0.36152021606943435
  0.42552972298776670  0.48165447040150594  0.52877368727780261  0.56736880875088103
  0.60355783911346150  0.63626530226115396  0.66498370147054631  0.69071430160229785
  0.71396784114159562  0.73649637232696330  0.75561308279676043  0.77265745159436572
  0.78726575114752029  0.80119386385573133  0.81438128238406904  0.82704334170850802
  0.84084697674299991  0.85383772808492753  0.86373917379560328  0.87227384627560478
  0.87934148395618039  0.88634322838036228  0.89296797991751653  0.89851169365063621
  0.90333579737084424  0.90813318003089805  0.91304050072640419  0.91737981160061122
  0.92105650328046285  0.92427584107368721  0.92761054311488900  0.93066448040234651
  0.93362018871079033  0.93639420472969448  0.93877397120851502  0.94086227839810965
  0.94301716091651699  0.94507999456018177  0.94709788574111586  0.94926384560886412
  0.95132693426583192  0.95349037023795546  0.95518430870741988  0.95674144019160257
  0.95820933217240045  0.95943851016236148  0.96036455400390475  0.96135751195487973
  0.96236618729165602  0.96333943371343567  0.96426348250398952  0.96525615222207428
  0.96625762422189254  0.96722976313211861  0.96818831783194836  0.96916462032375961
  0.97014696175541104  0.97107899921114338  0.97199936942639509  0.97285781956135176
  0.97370204687332873  0.97457385644926231  0.97545945690938696  0.97634112886443769
  0.97720766275475324  0.97800666914799628  0.97874489593412051  0.97942112844628426
  0.98006836867258185  0.98070362380319298  0.98127437293491693  0.98183994302176425
  0.98244467947979575  0.98304968315732388  0.98375817842276114  0.98452577293001686
  0.98526834678004815  0.98596051231763249  0.98662214015713401  0.98725345742208326
  0.98788197210561113  0.98856356411323276  0.98931295358961702  0.99010130975635779
  0.99085552717165504  0.99164942057099181  0.99237440622156525  0.99307123963228272
  0.99391353786098036  0.99479308572257785  0.99655814335349180  1.00000000000000000
 -0.01685031132219048  0.09935446643123808  0.14230474541814730  0.17036548103824553
  0.18906609141011552  0.20314988882505131  0.21659080273384615  0.22929998282521125
  0.24079128653504167  0.25119473980018703  0.26109200855030967  0.27113025740988644
  0.28173992521827856  0.29338469540298329  0.30312188069407670  0.31238947919374149
  0.32135419450182529  0.33015237281066195  0.34093170462858535  0.34988372716381561
  0.35667050238582781  0.36176096308624534  0.36693694536263194  0.37237922846393851
  0.37670894094529295  0.38063068871595734  0.38455000497897301  0.38880422164498862
  0.39386384064101942  0.39999063719599509  0.40553015573092593  0.41057922537221886
  0.41529527488892443  0.41969298361730734  0.42402616335075982  0.42817483466833151
  0.43177923733014306  0.43542527866418829  0.43885168246635403  0.44409749161606188
  0.45211548904566007  0.45943730694483953  0.46583193916157822  0.47283205691676505
  0.47987359597521823  0.48720806837028396  0.49381558959656591  0.49972662911415655
  0.50548592289731353  0.51133749806284368  0.51678837844181036  0.52103455378376684
  0.52460511954132427  0.52768021672505838  0.53091499704761957  0.53389997334874428
  0.53707045985123025  0.54099731665196238  0.54511805893893717  0.54801711260194730
  0.55047810195743907  0.55281534616623751  0.55621924501981579  0.56017590433698372
  0.56426417847116306  0.56834632977676092  0.57203578219822937  0.57565655080387290
  0.57912324963655004  0.58284507829730470  0.58797341770949840  0.59460364409866440
  0.60197013636862506  0.60972441863841143  0.61833426563898219  0.62676353575808530
  0.63559176068707168  0.64411542100036057  0.65210201657961131  0.65962058933887124
  0.66693426638245645  0.67419520787429732  0.68155812535133753  0.68950111267092806
  0.69882607159039567  0.71033877873140705  0.72448672275796222  0.73748996100027231
  0.74988425171947248  0.76409244609830906  0.78047054557978124  0.80106872010494257
  0.82782692128696445  0.85902466019200652  0.90201713481355905  1.00000000000000000
   1.2237665974554913E-012  -1.0000000000000000     
 F F F F F F F F F T T T T T T T T T T T T T T T T T T T T T T T T T T T F F F F F F F F F T T T T T T T T T T T T T T T T T T T T T T T T T T T
  <DiscreteSampler_grid>
  grouped_processes
  1 # 1 for a reference and 2 for a running grid.
  10 # Attribute 'min_bin_probing_points' of the grid.
  1 # Attribute 'grid_mode' of the grid. 1=='default',2=='initialization'
  0.0000000000000000 # Attribute 'small_contrib_threshold' of the grid.
  0.5000000000000000 # Attribute 'damping_power' of the grid.
 # binID   n_entries weight   weight_sqr   abs_weight
    10   10   5.142097712843462E-002   5.246970127554239E-003   5.142097712843462E-002
    11   10   5.142097712843462E-002   5.246970127554239E-003   5.142097712843462E-002
    16   10   5.142097712843460E-002   5.246970127554236E-003   5.142097712843460E-002
    17   10   5.142097712843459E-002   5.246970127554236E-003   5.142097712843459E-002
  </DiscreteSampler_grid>
