 -0.00036031982943239  0.00207770156422272  0.00343869907629194  0.00477909525504649
  0.00620270501659650  0.00790922733638144  0.00978138085604364  0.01179007949856672
  0.01397174676117441  0.01646669910967383  0.01910372850004898  0.02177959769380035
  0.02464470535623465  0.02763849795592352  0.03087255611164522  0.03436472466264696
  0.03810588298252471  0.04179468741545107  0.04558528207059345  0.04962482314556897
  0.05375032462433622  0.05777097648916191  0.06193188157707913  0.06639307954377051
  0.07139155086710754  0.07643728195446503  0.08142411155728993  0.08656548355785237
  0.09184315693401215  0.09749149082491096  0.10331087506279203  0.10931165842756835
  0.11534019686529019  0.12133630698332781  0.12740552157422358  0.13363021021420973
  0.14000639796939723  0.14670966021971985  0.15447298659102987  0.16272466924114173
  0.17139685661197201  0.18016521834083718  0.18897603998041010  0.19809269096676876
  0.20748598483399081  0.21739268866832626  0.22824011480840650  0.23905009275049460
  0.25130202811173036  0.26385692792051568  0.27685259589756284  0.29063686545883938
  0.30564790960966820  0.32228368812115915  0.34035967617442253  0.35957195626270455
  0.38006874809826280  0.40227318921452265  0.42711719408212168  0.45437272481666396
  0.48401641833530651  0.51420462304440562  0.54429957406350704  0.57347579984815533
  0.60091787038338051  0.62616960112666031  0.64897173022389543  0.67012203625673905
  0.69032822435168184  0.70949456317441917  0.72741772874108568  0.74423600165318426
  0.75969043365892963  0.77382703323603230  0.78743445023905190  0.80069419849751644
  0.81355406062804803  0.82596124822434813  0.83765474858801559  0.84900148175023793
  0.86004509378449312  0.87085414805338068  0.88147578641858360  0.89114513871740020
  0.90073944446884391  0.91020547030594989  0.91949433161391370  0.92853974855137367
  0.93744092075916130  0.94626420350720408  0.95505369975020848  0.96385713806026541
  0.97282858385777160  0.98186216322618436  0.99092869035319864  1.00000000000000000
 -0.00177297790649888  0.01044258802916403  0.02149306092139778  0.03203118430152486
  0.04258023976067703  0.05306440330637624  0.06405802603015083  0.07538526732283454
  0.08696121152131060  0.09868343793643448  0.11025411476657497  0.12154651913757859
  0.13265582494450182  0.14382534199654004  0.15497408209496460  0.16595052657002871
  0.17697987149638772  0.18805741205296633  0.19929786465029081  0.21032423319683585
  0.22071823469552571  0.23082102285467704  0.24095079307793940  0.25090409084776699
  0.26071609295026649  0.27047392338424919  0.28086477496351364  0.29166796247298343
  0.30262810693171399  0.31321543023648812  0.32311806591028669  0.33277038202653786
  0.34265825287264118  0.35325358421029107  0.36443180351063215  0.37588418952495761
  0.38714263403257626  0.39807436754770298  0.40905039613617677  0.42038955103299175
  0.43174211080936215  0.44256638593802239  0.45347730278376613  0.46410238357432310
  0.47503683707375582  0.48616432334000997  0.49702658557618462  0.50764132978614429
  0.51831060730364986  0.52876406140891907  0.53844225699675585  0.54832590649092261
  0.55857861652853213  0.56935162214752455  0.58007083663625214  0.59115864966467979
  0.60270829976712070  0.61408396825426259  0.62581896001320514  0.63693114197023681
  0.64832484438124449  0.65957559978239932  0.67064064055755501  0.68126224756434850
  0.69138567217205882  0.70113636038637372  0.71091557698765384  0.72054092657231039
  0.73002366064998336  0.73876928351424420  0.74731991402992393  0.75638734109584682
  0.76604837841301088  0.77534346470743820  0.78417181766688981  0.79300892855175664
  0.80216032388860981  0.81120275953950538  0.82023482621346699  0.82937788089502062
  0.84003707850848064  0.85110000354992810  0.86159431483011073  0.87188313068051726
  0.88295824554581481  0.89403392456328723  0.90454508053822380  0.91527111254276239
  0.92677671844281595  0.93829135062627977  0.94910550843795283  0.95985784667791407
  0.97053023021321772  0.98104127588074497  0.99056329288919465  1.00000000000000000
  0.00039798915142693  0.02315565850000747  0.04152830093901324  0.05711498759289887
  0.07136762258795504  0.08569022575873352  0.10005358275065639  0.11377816187278189
  0.12633906836068423  0.13875810865426294  0.15116650203642559  0.16348332375009450
  0.17558693532542960  0.18781606767397138  0.20033338593099145  0.21247150329307932
  0.22425277161185322  0.23569979848404707  0.24676124056841747  0.25706737577353739
  0.26700731360679242  0.27748926674279983  0.28853069155831829  0.29946528358795488
  0.31028613929404125  0.32091471991825155  0.33161040422651911  0.34244627384986331
  0.35332331853388849  0.36429502618123061  0.37525799690005079  0.38648980421368800
  0.39725679918885304  0.40732699438273712  0.41710941650378175  0.42737137277495202
  0.43763434016553066  0.44771833870755595  0.45772144679271803  0.46747023936168386
  0.47719811135867352  0.48690914574145600  0.49657906595981077  0.50567336610865199
  0.51474545694533402  0.52397256092798905  0.53371949025971854  0.54341035483915934
  0.55253139628290837  0.56168393095900826  0.57101535821532134  0.58046219809597277
  0.58973993861799745  0.59897670811544379  0.60828030595715443  0.61711413818715433
  0.62543970544162386  0.63322134540310693  0.64095150346348284  0.64884215599569639
  0.65682769420029219  0.66480667859092757  0.67315246409753282  0.68148998221162194
  0.68931657237455890  0.69635572321797745  0.70333126047880856  0.71055035185996140
  0.71816265979698113  0.72571514548183036  0.73298107590918926  0.74029213423219964
  0.74792666543541853  0.75599508877639909  0.76401581126263485  0.77180730466672598
  0.77884972617762649  0.78589915274133382  0.79289441393748095  0.79967046826069421
  0.80648041585613295  0.81344810214612850  0.82066515031711751  0.82801637805167461
  0.83619537966341551  0.84484173193211298  0.85400736725251469  0.86352120456755233
  0.87333091625701431  0.88330609131526483  0.89418100000162293  0.90665436449279113
  0.92108546681744685  0.93769293578332225  0.96005468575678743  1.00000000000000000
 -0.02120616174576931  0.14490773197024864  0.19852388699182333  0.23188992951255008
  0.25480066425297043  0.27400455009981922  0.29106111163052834  0.30696420319617929
  0.32016226320995977  0.33151936565885282  0.34232552722478715  0.35338188364778317
  0.36337590899321481  0.37283001067128790  0.38221682770360499  0.39171758416281155
  0.40080253238269070  0.40969491869066527  0.41899870040508280  0.42711449771471299
  0.43478324989461237  0.44155392624989515  0.44800349228615965  0.45449615207344668
  0.46103399095872821  0.46748361814513345  0.47379407816375591  0.47975690329047022
  0.48514934520245223  0.49069758202635844  0.49625833895056121  0.50182933820946074
  0.50737814192136022  0.51286021431808626  0.51836116597638437  0.52392511699922306
  0.52951301422575781  0.53509466022767960  0.54049613311885625  0.54549826504340604
  0.55034871217145143  0.55534820964568188  0.56047986607165390  0.56558370110218203
  0.57064338644737544  0.57571763295087208  0.58082535358945420  0.58592735752992442
  0.59083843323458007  0.59559860102409556  0.60040268479911685  0.60526800459362606
  0.61024717567118025  0.61519926598563413  0.62014706315032009  0.62499715188438421
  0.62978990193589668  0.63461588319293660  0.63952112195328814  0.64449741156031548
  0.64945764766104097  0.65448301797008557  0.65920072879685609  0.66396167897746250
  0.66873419217573626  0.67345806426160526  0.67835127205294499  0.68335870049195391
  0.68846446743059331  0.69373627747130551  0.69893744253585965  0.70393655755995710
  0.70907392787819268  0.71459701197111780  0.72027832679524351  0.72603097338739342
  0.73179844455231247  0.73793621241742524  0.74420202163201621  0.75063315018543553
  0.75722912697316247  0.76413997761426689  0.77130630828394808  0.77856758796857661
  0.78605954602751171  0.79388834826894450  0.80179091734785179  0.80983008525659783
  0.81869381568283817  0.82870769661747024  0.84038553103035840  0.85406919669593950
  0.87009694674786420  0.88960390003872913  0.92236331446019426  1.00000000000000000
   1.4185507836264630E-017  -1.0000000000000000     
 F F F F F F F F F T F F F T F F F T T F F F T F F F T T T T T T T T T T F F F F F F F F F T F F F T F F F T T F F F T F F F T T T T T T T T T T
  <DiscreteSampler_grid>
  grouped_processes
  1 # 1 for a reference and 2 for a running grid.
  10 # Attribute 'min_bin_probing_points' of the grid.
  1 # Attribute 'grid_mode' of the grid. 1=='default',2=='initialization'
  0.0000000000000000 # Attribute 'small_contrib_threshold' of the grid.
  0.5000000000000000 # Attribute 'damping_power' of the grid.
 # binID   n_entries weight   weight_sqr   abs_weight
    10   10   1.591635845110270E-003   1.083577080766938E-005   1.591635845110270E-003
    11   10   1.591635845110270E-003   1.083577080766938E-005   1.591635845110270E-003
  </DiscreteSampler_grid>
