 -0.00007727020550242  0.00062655535920077  0.00131246735106394  0.00229079011525018
  0.00352214624019011  0.00499150453992487  0.00680967278692436  0.00887419322640031
  0.01115721348599391  0.01370826350705152  0.01641847369353127  0.01937754041177002
  0.02254991001933011  0.02594760509182198  0.02951214348459876  0.03314952934437867
  0.03683254212712454  0.04078219294944869  0.04516364732247794  0.04994682572494858
  0.05465488210387480  0.05943110421383042  0.06435964314007672  0.06952793132950935
  0.07481457116199100  0.08025736216386338  0.08605565914074904  0.09196106992803944
  0.09802476712152071  0.10442447925336937  0.11112119124499537  0.11807592140918580
  0.12506819545463344  0.13225392079261744  0.13977811843568441  0.14762026742330042
  0.15570082735064569  0.16403857822343443  0.17250163693530543  0.18076925068775090
  0.18868423846594129  0.19702781843699693  0.20577673376220013  0.21501097301146571
  0.22459848326953794  0.23479503109301428  0.24569160213379831  0.25702225754751185
  0.26867160999699918  0.28100219090352208  0.29382288234281750  0.30684357279631430
  0.32023587873267312  0.33477904885954018  0.35067330864069945  0.36784459304547618
  0.38654362805889475  0.40624204391617991  0.42624469147371485  0.44704847475685899
  0.46917630781752401  0.49356978864099760  0.52094099653993919  0.54922879756594567
  0.57698536082317586  0.60262594060266506  0.62662556475632925  0.64924145824125989
  0.67015984271662177  0.68947324706060154  0.70749634966277519  0.72421005866519172
  0.73933078637598570  0.75467407230489325  0.76943675544027079  0.78326874581321559
  0.79664880168595686  0.81002754321060721  0.82336977501807096  0.83666626530477106
  0.84877347502684675  0.86011118684746080  0.87117577767385179  0.88191792581612172
  0.89229886686732551  0.90267914243360736  0.91301439544269247  0.92324854864194161
  0.93335885904107141  0.94322874160603964  0.95292614113346941  0.96247188860899235
  0.97186218247734568  0.98124483791068962  0.99062359594248928  1.00000000000000000
 -0.00295264969233642  0.01115730792369047  0.02205776863832708  0.03283829118441044
  0.04311654710494962  0.05355059016999045  0.06358383739610182  0.07303191655985612
  0.08262290478180716  0.09265312680355595  0.10280418440532048  0.11225962268842136
  0.12142986516398911  0.13153347625873779  0.14219186108467319  0.15229617144376764
  0.16202923481942955  0.17205447455431974  0.18242748160810104  0.19275443549874977
  0.20262019359175718  0.21304437418046657  0.22420270022649641  0.23729736019436576
  0.25008732479989082  0.26042384736471624  0.27073694424514771  0.28083164291094176
  0.29050642644227287  0.29987936988174158  0.30913192753637520  0.31959334951016183
  0.33110145485203157  0.34235794505060724  0.35316205677294449  0.36332891157931096
  0.37307174959803696  0.38341442341398752  0.39379749769644629  0.40448548211029456
  0.41516330466243678  0.42612934225451199  0.43773253587009081  0.44962788302502710
  0.46163476927635055  0.47407338646384478  0.48488866397250985  0.49573550433147068
  0.50663260887159800  0.51780450085160512  0.52904769549086916  0.54020754412495753
  0.55166424682045723  0.56310246582219659  0.57449426493403621  0.58590355749926570
  0.59702405544082982  0.60799895543429860  0.61905763591086305  0.62975285132306402
  0.64018611653095248  0.65084404400386486  0.66164106514212040  0.67203444364151321
  0.68219444986298172  0.69240584121209214  0.70303922674329522  0.71352806893386012
  0.72349222050386397  0.73315838289568935  0.74236235350308322  0.75198753077690372
  0.76224332951720608  0.77272947124584168  0.78346213422421396  0.79382178770763190
  0.80351581671332928  0.81319356422418643  0.82317112704958217  0.83364542250587692
  0.84368789325153271  0.85312091380355870  0.86272657547787057  0.87290837815782696
  0.88344286868243072  0.89395123349043937  0.90456381647874928  0.91494392053175222
  0.92505407501537085  0.93501034748304324  0.94584312507815793  0.95695001175328265
  0.96688105119833978  0.97707882043505967  0.98813463207225760  1.00000000000000000
 -0.00366046702295051  0.01870333508192701  0.03538870550526277  0.04951965246850386
  0.06296834036326561  0.07495654060856632  0.08691172879587571  0.09847902969601713
  0.10943975085867094  0.12020121179395618  0.13092476221196242  0.14098068680164638
  0.15059836805737600  0.15990765263898088  0.16957644927369794  0.17948838957772906
  0.18937742440538899  0.19955828092181810  0.20982260608906209  0.22007573675265354
  0.23027098646618560  0.24055762911714063  0.25069253937239311  0.26065114751481949
  0.27083709673470024  0.28140135416281920  0.29215072228804523  0.30315814177691003
  0.31455287516353836  0.32642641155915753  0.33866465353693331  0.35094586862897553
  0.36308369554979131  0.37513828306819430  0.38722421451699462  0.39894303887942778
  0.41020870442566620  0.42135308785126591  0.43238168567562940  0.44357406550721284
  0.45451709459680267  0.46549104433307675  0.47675594928975212  0.48812912119690943
  0.49889804712599628  0.50940575320814663  0.51982050978570038  0.53012061075933037
  0.54081298306212333  0.55213885224686676  0.56354630147785234  0.57423658870274297
  0.58446147677474869  0.59489876456112201  0.60572100521658601  0.61671662028733587
  0.62730804932847950  0.63695081141270771  0.64683894315699797  0.65705606886451728
  0.66732574715503501  0.67710765111160764  0.68661211365001995  0.69656461455737406
  0.70636753915424788  0.71634275178369866  0.72625424822196039  0.73577094144916910
  0.74503657200576834  0.75437289427820053  0.76360888438196350  0.77274035618991299
  0.78174836450985108  0.79080963692458839  0.80084436545008852  0.81135707454674155
  0.82157596902605157  0.83243679148514949  0.84217575503225783  0.85202638910640704
  0.86062307566994456  0.86874170575247622  0.87684822486501446  0.88503429688203861
  0.89344174559017198  0.90230261035925696  0.91133222044060491  0.92027263269649839
  0.92938608593663874  0.93860817804673091  0.94747972026197180  0.95607369884104720
  0.96462070333595995  0.97369320386319502  0.98469387278292397  1.00000000000000000
 -0.02123367571568222  0.14029249428018600  0.19373511890242900  0.22954906314578197
  0.25759064102393125  0.28229503945398410  0.30475945025381018  0.32483975305227286
  0.34284587994560883  0.35904310147232532  0.37384541196540139  0.38742914500272918
  0.39982337270884821  0.41131773292920604  0.42227264735277531  0.43267444966344143
  0.44241720363314069  0.45208319797087898  0.46152811385355930  0.47076074821896369
  0.47950274204487348  0.48757733171149331  0.49538189610304445  0.50306989513141154
  0.51061306274633445  0.51814475632251245  0.52559540041192954  0.53272026645676784
  0.53963570895918478  0.54649155684190709  0.55340537265066136  0.56031562637204491
  0.56709163938225005  0.57399005896903266  0.58099778511976874  0.58750440324986020
  0.59373141940244489  0.59974637248939511  0.60571836537945478  0.61175343541961180
  0.61782862609636835  0.62389205127346126  0.62984986960079137  0.63550008766751565
  0.64099655267691846  0.64634541203761198  0.65158167396828037  0.65693700302830749
  0.66232127919067729  0.66769414620684242  0.67272080252098854  0.67751615364644613
  0.68220293097120688  0.68681515611955046  0.69149461466230322  0.69631141441094613
  0.70108150045305173  0.70587591127177818  0.71073173177705817  0.71555237414702666
  0.72039233672526448  0.72520690178891123  0.73014954965245438  0.73531431230043065
  0.74047334121732633  0.74592412896945426  0.75121231711085479  0.75613054047465345
  0.76103793368205841  0.76581007962764513  0.77058037366438548  0.77540448528448558
  0.78033544967899116  0.78549685273794045  0.79084390585815423  0.79624052696950487
  0.80157008985795608  0.80671962830461585  0.81184408715653922  0.81708166263807758
  0.82244209006373770  0.82787550736977200  0.83347080528579176  0.83939597711626990
  0.84574489891424909  0.85214787895109589  0.85864209826159332  0.86522943357302329
  0.87216642863029292  0.88005203764187656  0.88863169624784455  0.89820482275728097
  0.90966913420322126  0.92444204583563150  0.94668156135295345  1.00000000000000000
   9.2722334122692375E-016  -1.0000000000000000     
 F F F F F F F F F T F F F T F F F T T F F F T F F F T T T T T T T T T T F F F F F F F F F T F F F T F F F T T F F F T F F F T T T T T T T T T T
  <DiscreteSampler_grid>
  grouped_processes
  1 # 1 for a reference and 2 for a running grid.
  10 # Attribute 'min_bin_probing_points' of the grid.
  1 # Attribute 'grid_mode' of the grid. 1=='default',2=='initialization'
  0.0000000000000000 # Attribute 'small_contrib_threshold' of the grid.
  0.5000000000000000 # Attribute 'damping_power' of the grid.
 # binID   n_entries weight   weight_sqr   abs_weight
    10   10   1.966587734630195E-004   4.298903892907271E-008   1.966587734630195E-004
    11   10   1.966587734630195E-004   4.298903892907271E-008   1.966587734630195E-004
  </DiscreteSampler_grid>
