 -0.00002202451881976  0.00042067143472570  0.00076920474004057  0.00109500832928332
  0.00141436012450683  0.00173052344744343  0.00204816777103145  0.00235587301056979
  0.00264986032909945  0.00295686394522976  0.00327462757096058  0.00359340185159082
  0.00390758012277873  0.00422593852130140  0.00455425426494491  0.00488004436408098
  0.00520367008128565  0.00552752213217721  0.00583766478214344  0.00612967737252245
  0.00640489512592416  0.00665678070726984  0.00690439847719037  0.00714404831017968
  0.00737629551863207  0.00760381830065220  0.00786251385800299  0.00815057976037544
  0.00843146456775243  0.00871511401512869  0.00903403127816326  0.00934080564068502
  0.00964744833252473  0.00996264185948017  0.01026677073167548  0.01057597851941548
  0.01090558054057512  0.01126402126797702  0.01164871268250807  0.01202672677928793
  0.01236886900376487  0.01271513079857748  0.01304896960549332  0.01338323802968351
  0.01371782172832225  0.01405091842791797  0.01440640696594936  0.01482923030534468
  0.01528306483530208  0.01572581354812633  0.01616560373068378  0.01661762118592061
  0.01705743399857747  0.01749630399000539  0.01805398641404283  0.01845046290891977
  0.01880754545088871  0.01914802385733565  0.01948745393006610  0.01984159563067988
  0.02017587717201062  0.02052130918799865  0.02094950043821432  0.02134290765420893
  0.02175685367988545  0.02221690046689502  0.02274863119225082  0.02331034099666086
  0.02392110887288606  0.02472489461883390  0.02543885757978483  0.02606167954402681
  0.02694024182347681  0.02785377437899095  0.02877802523097352  0.02965616009078216
  0.03053272045647976  0.03140928082217737  0.03368418174940754  0.03643284677464449
  0.03918151179988143  0.04178240270427698  0.04422051065652197  0.04665861860876697
  0.04910538231770591  0.05166534376480274  0.05427034440564506  0.05733863660424782
  0.06502882271126116  0.07790422836340108  0.08159032878199284  0.10332631775439803
  0.12349748494229126  0.13848050529874140  0.27660120925500281  1.00000000000000000
 -0.00237978664619598  0.01107199726753904  0.02139497535313390  0.03152444487329999
  0.04053993127566489  0.04929406802855457  0.05802775737802299  0.06696763803534264
  0.07563485756461111  0.08530952896829540  0.09558429080212341  0.10764663102728748
  0.11814632751504540  0.12830616090952660  0.13815110807750675  0.14851537754478764
  0.16093204374292738  0.17262017309636637  0.18250778828768910  0.19181489527577222
  0.20164302707162762  0.21233401643738214  0.22288689487185503  0.23257157417314323
  0.24249364278558386  0.25353145357671375  0.26604812161914204  0.27886848778823015
  0.29131183927913407  0.30163794359542595  0.31111771741077959  0.31980733725980631
  0.32906142609155664  0.33939702150337225  0.35040605887550280  0.36220140326068107
  0.37361921980417889  0.38449318581013925  0.39579462289836259  0.40714489574996876
  0.42013058518280499  0.43404716635269613  0.44490714294991196  0.45475143583472760
  0.46469284780933656  0.47404882509457691  0.48322890520704570  0.49051396433367817
  0.49833086969056173  0.50819469580267940  0.51944709215385565  0.53071857607209172
  0.54189502608635676  0.55472246346507759  0.56828819328617852  0.58119915413759760
  0.59465712191964371  0.60652657454124281  0.61846637925919568  0.63066561842440727
  0.64354218907117045  0.65636569442185877  0.66761820792437443  0.67859834482470094
  0.68930407133989402  0.69891531856376765  0.70828919004618784  0.71825720092641765
  0.72989429858159105  0.74108253820983427  0.75164874075665733  0.76243350286281353
  0.77385796413434627  0.78676924300460394  0.79880085825249902  0.81032041436782809
  0.82232076529465914  0.83019509206896569  0.83817419866152110  0.84626665511949195
  0.85432747478421101  0.86348047086667024  0.87524957608030740  0.88635236207871626
  0.89636830019636993  0.90480518466361182  0.91269369618544871  0.92049946087063783
  0.92906976105060635  0.93882168383305631  0.94770306814796101  0.95596637505326743
  0.96495417175110465  0.97551383616054410  0.98752589277078895  1.00000000000000000
 -0.00308535310709498  0.05122265014896162  0.08993138466255049  0.12075211705436899
  0.14978559171013009  0.17666487888948723  0.20002999768562371  0.22224766793107323
  0.24369923435154273  0.26270620531590322  0.27983534361461843  0.29596772590223641
  0.31166027237014893  0.32856239645973295  0.34455230008406240  0.35862892563840926
  0.37205181424318179  0.38495691327319381  0.39745924532528454  0.41066930252412404
  0.42436821070624520  0.43608026719568199  0.44790789795791652  0.46014773223747246
  0.47417114015956652  0.48728395512925637  0.49896849728055376  0.51013013918111594
  0.52125299734615760  0.53239761386040896  0.54312604559073296  0.55329233399870259
  0.56273022172353449  0.57178034438143277  0.58064585307728966  0.58887541070877580
  0.59640712799164664  0.60351109306894757  0.61022260378547244  0.61661607360199167
  0.62300925858916623  0.62931274411828697  0.63609599037280529  0.64297060938410311
  0.64919748478060146  0.65534280376968945  0.66090221226201440  0.66664554684666488
  0.67258853201220326  0.67877446381363915  0.68558119892862879  0.69241301468392902
  0.69914003249009926  0.70524121898538727  0.71108879426090621  0.71693932327082111
  0.72253981606775808  0.72838300812462609  0.73457450515948619  0.74085017527943509
  0.74734889413043193  0.75432509540978865  0.76160454358478202  0.76856666715062094
  0.77374555119178667  0.77878013427703485  0.78404602083363972  0.78985770429384472
  0.79548336988989032  0.80094636615548087  0.80617741561318912  0.81138776870279727
  0.81638339512745350  0.82123080656339165  0.82659127635291951  0.83073211505023858
  0.83566841066695630  0.84137500682531774  0.84671076311812754  0.85250202791952601
  0.85869846336559086  0.86495762326180892  0.87102168080809561  0.87782249787158528
  0.88432396478304165  0.88993498097842272  0.89453040677603357  0.89891369290230605
  0.90321620025034832  0.90820278577357649  0.91519960934243394  0.92592162703461645
  0.93815063814838739  0.95072628139296822  0.96736875918967391  1.00000000000000000
 -0.01586007135559260  0.10294332232848333  0.13684072981953779  0.15811474493895020
  0.17618883379489844  0.19117504901349627  0.20377690604311288  0.21475782634928170
  0.22478213324263455  0.23396699699515061  0.24244960238443874  0.25211795813173776
  0.26241371761264842  0.27249114082458237  0.28290421507054270  0.29298648920773013
  0.30183645221292149  0.30943114636880159  0.31665226696010695  0.32439786480850102
  0.33094322038226442  0.33739189986637730  0.34368032177684288  0.35021126088997129
  0.35754086159059845  0.36507690145532112  0.37250642762413416  0.38052443970386918
  0.38970626528678493  0.39635548642872359  0.40238772445298376  0.40799438337852889
  0.41350086126081387  0.41929290600369973  0.42661316376532721  0.43379072716534189
  0.44027548540450434  0.44603740457392266  0.45116821548062003  0.45592669110526512
  0.46069834329307208  0.46572226686827639  0.47116197980350089  0.47770538170881532
  0.48295430543298384  0.48825804476139462  0.49346522597867065  0.49901497291113217
  0.50515060550907886  0.51073974067392702  0.51699822828075637  0.52246677725128365
  0.52872124380762286  0.53420639500307632  0.53978238486973562  0.54572712348979824
  0.55219524557666444  0.55896552376294806  0.56602065934523582  0.57319711002746199
  0.58007442594082848  0.58674009617214851  0.59348803172615516  0.60052761727547999
  0.60740282292396552  0.61356909918520219  0.61993502318251870  0.62622978052984701
  0.63245790082656050  0.63882755089732679  0.64512880534821992  0.65056448899023922
  0.65570152145695693  0.66100911000607110  0.66659197715102902  0.67288395455965366
  0.67950110730934787  0.68646897309662569  0.69467550400422762  0.70262185006473055
  0.71017063284231863  0.71769522197329949  0.72523111285053621  0.73280460923757129
  0.74034572621814621  0.74868982293957909  0.75905714353858755  0.77103168337546246
  0.78291576651269812  0.79488636346292518  0.80886700524064448  0.82466029528447859
  0.84565940184584287  0.87345180274001966  0.90679764004555707  1.00000000000000000
   5.5641842050620563E-011  -1.0000000000000000     
 F F F F F F F F F T T T T T T T T T T T T T T T T T T T T T T T T T T T F F F F F F F F F T T T T T T T T T T T T T T T T T T T T T T T T T T T
  <DiscreteSampler_grid>
  grouped_processes
  1 # 1 for a reference and 2 for a running grid.
  10 # Attribute 'min_bin_probing_points' of the grid.
  1 # Attribute 'grid_mode' of the grid. 1=='default',2=='initialization'
  0.0000000000000000 # Attribute 'small_contrib_threshold' of the grid.
  0.5000000000000000 # Attribute 'damping_power' of the grid.
 # binID   n_entries weight   weight_sqr   abs_weight
    10   10   7.637364051697266E+003   1.586100158112160E+008   7.637364051697266E+003
    11   10   7.637364051697266E+003   1.586100158112160E+008   7.637364051697266E+003
  </DiscreteSampler_grid>
