 -0.00005977555341062  0.00113384785125099  0.00210729804599972  0.00290206044245519
  0.00364392300912023  0.00432654753490403  0.00502658831231062  0.00574012253715972
  0.00641507352928091  0.00701228292437436  0.00763725204977709  0.00825058704102733
  0.00883694875636955  0.00943066933066239  0.01003389644616785  0.01061760174925137
  0.01120016454968831  0.01179540439969883  0.01243599211991246  0.01307572714842220
  0.01374424574235792  0.01440946635990728  0.01508982350140172  0.01579695501332537
  0.01662487877821558  0.01746142775445681  0.01809696339444977  0.01861070407915090
  0.01912424793734873  0.01968333475077598  0.02027251470272719  0.02085102072040594
  0.02141852268187939  0.02201530558069301  0.02268048722128906  0.02332050888220994
  0.02391646197560460  0.02451117217935448  0.02511528370722935  0.02573946216965311
  0.02639646996368172  0.02709729314239318  0.02779221392245967  0.02846554663048214
  0.02907546591189059  0.02969111598634100  0.03031396994699280  0.03096131326377907
  0.03162133943652408  0.03237856588265658  0.03326218923626179  0.03424559073429571
  0.03526273410935376  0.03616979024292160  0.03706686802391609  0.03800146952437659
  0.03902261813985313  0.04020288952294037  0.04166508341453520  0.04324997108714768
  0.04474842914676811  0.04601618031815885  0.04701644324500688  0.04828828204555990
  0.04954787856683600  0.05057164328915488  0.05186341539024635  0.05301103214374880
  0.05413605136562603  0.05530132257712660  0.05650662646474294  0.05787709337350985
  0.05943367985593397  0.06125631625913502  0.06499760251487542  0.06878972509980509
  0.07321098455725902  0.07839107075031659  0.08289264575951663  0.08719048189818332
  0.09125072040454592  0.09582121908484079  0.10070967913532780  0.10415663152513226
  0.10722468987838581  0.11014604767547127  0.11385933013045289  0.11797128347698935
  0.12249041277182737  0.12891433683878237  0.13422139126278160  0.14139839420890021
  0.27027269416265864  0.52783899835785852  0.65562741615443920  1.00000000000000000
 -0.00199249710369880  0.00784652824387059  0.01767843178287801  0.02713164159680196
  0.03715853684229939  0.04679891782372078  0.05555264287844826  0.06465244408696368
  0.07321646137055565  0.08205063980183779  0.09152029564940231  0.10194540056978470
  0.11338386514041558  0.12434619604220008  0.13418814343264654  0.14411697792518466
  0.15445327511652199  0.16541344386933654  0.17739040631478070  0.18998894627300489
  0.20201764006625803  0.21301069282484697  0.22513540330882589  0.23776985894601979
  0.25072618410894870  0.26389792376171917  0.27667437072264445  0.28752881026537130
  0.29878785078552478  0.31105054892810841  0.32481163775914579  0.34051573045669409
  0.35519735425209875  0.36496530835297919  0.37414917146582505  0.38361266259321980
  0.39334982969514787  0.40349552220132601  0.41355156099079837  0.42201940098861784
  0.42944340098342954  0.43657414395069793  0.44438463984251203  0.45251140288761982
  0.46079774817623820  0.46896749529330939  0.47728122863568018  0.48723281995006790
  0.49828289953298804  0.50993407862472584  0.52097572417763283  0.53242427573849860
  0.54489530703880484  0.55649618522043609  0.56532992350892641  0.57248826155776089
  0.57984536940592457  0.58780157160664004  0.59570123685612208  0.60389061784129916
  0.61306960616428885  0.62152067594403448  0.63225611478936405  0.64388279949981531
  0.65531826112665903  0.66723647009133358  0.67940094389236616  0.69024917237190675
  0.69968370262703283  0.70883348074418939  0.71838398776102352  0.72856440681518353
  0.73903719782098920  0.74954062141589417  0.76138587972814975  0.77421344706019557
  0.78743221969037502  0.79888679883166736  0.80762726162847021  0.81663727759529814
  0.82578396592793279  0.83622854707970873  0.84477779506725126  0.85279458292508692
  0.86381520650459764  0.87752262750638554  0.89261203250689813  0.90804978837588657
  0.92192627990472142  0.93467504103592247  0.94703358962905682  0.95937329564855167
  0.96951602241838897  0.97973989207524903  0.99002066561232949  1.00000000000000000
 -0.01173056321197084  0.14664055204578419  0.22971502733444055  0.27928390197318359
  0.31911514571726118  0.35678676475689181  0.39001527962207055  0.42175383197568639
  0.44872155994904916  0.47040744017000380  0.49089850810381763  0.51056205381071285
  0.52832153118710945  0.54546553379483420  0.56102747521741392  0.57605649317354746
  0.59172860289262463  0.60705808681089601  0.62109033976157113  0.63370254756768440
  0.64540423481129450  0.65660893454775338  0.66738681256170729  0.67799108874790959
  0.68771078802647423  0.69626126426619628  0.70415517104846981  0.71170045477359445
  0.71860459425674261  0.72570649435575740  0.73232622418427484  0.73877459123039380
  0.74517448414945875  0.75162074524679690  0.75755058990065105  0.76358536533733357
  0.76946602942681708  0.77516765438990531  0.78057168541086719  0.78597784352711764
  0.79127656997902052  0.79636208656034568  0.80138897402669473  0.80645338144301792
  0.81155532424662169  0.81643981782777675  0.82108865195677661  0.82556343695734502
  0.82987216431948174  0.83411509485434021  0.83814798435045923  0.84223681390180616
  0.84642307990407217  0.85075592927766708  0.85509877785830124  0.85868192073222716
  0.86220679258810939  0.86577918522845887  0.86924842933058644  0.87258091480030908
  0.87581580203378850  0.87897618700661162  0.88220911665869650  0.88550551024917334
  0.88868313900542872  0.89176240213330948  0.89482035184261022  0.89782626010423494
  0.90059758911666299  0.90316087903335029  0.90600395911920517  0.90880086698295881
  0.91143978677228343  0.91412018016401142  0.91703617219852906  0.92006173555130177
  0.92323969107146153  0.92648224886665087  0.92972082000819467  0.93274782775661746
  0.93569552257828181  0.93857045977226716  0.94129945995513742  0.94421795891306248
  0.94730628545505546  0.95050764628601181  0.95423579069505815  0.95801021288738353
  0.96173723748237794  0.96547103658814326  0.96913465006650035  0.97290958773014624
  0.97681133119812436  0.98142267086148194  0.98873899999608639  1.00000000000000000
 -0.01326059705857004  0.09567618008684764  0.14781642170433429  0.18212785882332891
  0.20233810481075995  0.21781202385455040  0.23161521532592402  0.24494201429947368
  0.25723993279491364  0.26882017432372390  0.28005901202452410  0.29199544747163753
  0.30323341540664134  0.31406960286118518  0.32421111707490846  0.33348726171351417
  0.34223828245027860  0.35057376631453030  0.35822414707979855  0.36658585778410047
  0.37548914010644313  0.38423272380941637  0.39189556685792148  0.39834067291270481
  0.40393335356758880  0.40939205676610280  0.41544497298765326  0.42134301108563932
  0.42664026013387468  0.43145908399170291  0.43596004026370716  0.44020167426332063
  0.44402027572078145  0.44790252130724900  0.45233126622717723  0.45733668131394839
  0.46240453923110875  0.46688914625304556  0.47119520861225950  0.47518292304126414
  0.47928824666919950  0.48351993893293488  0.48784524799968088  0.49212412791906629
  0.49610073601574028  0.49997090829855279  0.50424958247866558  0.50893325503007847
  0.51412548910653777  0.51917100875624878  0.52441214402624770  0.52987068413428917
  0.53519199493211478  0.54049539187075080  0.54572255017327154  0.55039438159578102
  0.55493265655709734  0.55958373847334153  0.56478357656980094  0.57032005397222618
  0.57584053948048852  0.58137860426810750  0.58693429566212818  0.59257971587666303
  0.59809065408730322  0.60376225463051469  0.61011390897044016  0.61703478333209838
  0.62420575443073989  0.63093991903363922  0.63771372562284223  0.64425452492325908
  0.65058640322441053  0.65695442595212372  0.66404698234312987  0.67029590884672341
  0.67629572338634325  0.68199687078204529  0.68806406261239816  0.69456058347421201
  0.70163704163970764  0.70895445401439550  0.71644771701160259  0.72474425289753563
  0.73413629162377969  0.74415504105302799  0.75414363750391800  0.76473769527215441
  0.77777571154858960  0.79301484911528242  0.81057274898672449  0.83420349134180360
  0.86026495909572909  0.88332914377608251  0.91333471383151743  1.00000000000000000
   1.2203896705370112E-043  -1.0000000000000000     
 F F F F F F F F F T T T T T T F T F F F F F F F F F F T T T T T T T T T F F F F F F F F F T T T T T T T T T F F F F F F F F F T T T T T T T T T
  <DiscreteSampler_grid>
  grouped_processes
  1 # 1 for a reference and 2 for a running grid.
  10 # Attribute 'min_bin_probing_points' of the grid.
  1 # Attribute 'grid_mode' of the grid. 1=='default',2=='initialization'
  0.0000000000000000 # Attribute 'small_contrib_threshold' of the grid.
  0.5000000000000000 # Attribute 'damping_power' of the grid.
 # binID   n_entries weight   weight_sqr   abs_weight
    10   10   1.495582260650235E-030   9.169725422966258E-060   1.495582260650235E-030
    11   10   1.495582260650235E-030   9.169725422966258E-060   1.495582260650235E-030
  </DiscreteSampler_grid>
