 -0.00004160957066669  0.00057372605601163  0.00111282249030824  0.00162606210930688
  0.00214144886596470  0.00266816766828642  0.00317980882977560  0.00366946439962450
  0.00418404101165990  0.00465953426799389  0.00508360725467520  0.00552985295946166
  0.00594772415953747  0.00635028855821588  0.00678215806502089  0.00722197913948636
  0.00769245790633988  0.00822951080115687  0.00873298292158992  0.00913486075206775
  0.00953433657236026  0.00995260460962800  0.01037254194931278  0.01080359639309460
  0.01124878886571790  0.01167101342614461  0.01211923588614457  0.01258494768954645
  0.01305393871421959  0.01349378613887394  0.01389896746018225  0.01427812216868125
  0.01465695527342617  0.01502883193753404  0.01538408818509835  0.01573188269811444
  0.01608160448189492  0.01651181592932007  0.01695765686424114  0.01737687340315086
  0.01777175265364244  0.01821614025692139  0.01865814029799483  0.01906807250020796
  0.01945370952761225  0.01985548412351794  0.02031384343625040  0.02078734462555946
  0.02127090008624899  0.02178077651893258  0.02230036217589970  0.02286053348753796
  0.02344493733689465  0.02405922899409144  0.02463987899994246  0.02512699792911042
  0.02557178551625806  0.02601796653134501  0.02647402873822096  0.02694345025054086
  0.02739750994837511  0.02787842036972802  0.02842053515584277  0.02895268165903555
  0.02955515387934109  0.03041293449204898  0.03138403160589351  0.03288677101353452
  0.03655905081472492  0.04023133061591531  0.04279382407792594  0.04531607921030152
  0.04725535022012282  0.04853962734446520  0.04982390446880758  0.05110818159314996
  0.05198731672007516  0.05286534414927251  0.05374337157846985  0.05462139900766721
  0.05582095528444064  0.05737010589991149  0.05891925651538234  0.06046840713085318
  0.06202669223105323  0.06402561528695538  0.06602453834285754  0.06802346139875970
  0.07113915984473050  0.07552162211038689  0.08082179537115280  0.08683085501443995
  0.09214771036217594  0.10442014171428288  0.28332073987348200  1.00000000000000000
 -0.00233418357042184  0.01015428073596521  0.02045155715489880  0.02856036678956082
  0.03497897690057338  0.04154745153266528  0.04867890204364116  0.05672397916847084
  0.06537262254221550  0.07465866026820145  0.08442881270692779  0.09677499756692509
  0.11064293271741410  0.12316241570544810  0.13315178734938293  0.14237829359698190
  0.15290297815373491  0.16399181190055892  0.17429671010930647  0.18451289211121805
  0.19555103504807989  0.20684302836310370  0.21688941771756493  0.22771392090828951
  0.23919038732485506  0.25350159806992906  0.27105627378827196  0.28808933098486805
  0.30415812445937762  0.31944392213114747  0.33519954462428664  0.35044407514617992
  0.36281010328011110  0.37274547177309031  0.38252627918679299  0.39199511723199204
  0.40206400490848387  0.41218286410646526  0.42292326177894440  0.43353923626672830
  0.44249443884814732  0.45101958058301356  0.45935625860062612  0.46823162141783148
  0.47779475725523618  0.48845970715173326  0.50058133620926770  0.51230889593185980
  0.52429526190713238  0.53635623144961331  0.54860671784322512  0.56081890234410503
  0.57437964002055841  0.58631363482693599  0.59703511920826047  0.60761024673120367
  0.61808559713663769  0.62730993860555717  0.63609431716805465  0.64422854927754669
  0.65632782753125207  0.66910601881764442  0.67867592842527724  0.68674087486134261
  0.69402270793208742  0.70051281678548094  0.70741641636033148  0.71558448816269593
  0.72532351777253601  0.73571747495279649  0.74649953144833125  0.75653663902548762
  0.76486716483368322  0.77192783973567847  0.77865281863818248  0.78574347774619624
  0.79527636548283509  0.80487499624932601  0.81489193555373340  0.82520793694887307
  0.83714456905766754  0.84975013046385039  0.86213887828522606  0.87409967800991295
  0.88537204947594594  0.90006215546543000  0.91341133692578325  0.92409661824366363
  0.93364903489807016  0.94366628343944714  0.95431067000417336  0.96406306916508344
  0.97325926023565101  0.98171153677854439  0.99105814043921914  1.00000000000000000
 -0.00544427324226365  0.07313849655319020  0.12505465270459160  0.16563431853785446
  0.20369539500371708  0.23747823125227585  0.26774282788911907  0.29772395471428331
  0.32456515724460122  0.35005892115117432  0.37587403153393417  0.39691692642808368
  0.41408442661856537  0.42960413394705044  0.44499350930110482  0.46120248656076007
  0.47894382233847727  0.49556740717136166  0.51022856787188375  0.52403716306408676
  0.53754316210599618  0.55021823353250376  0.56214726804501280  0.57410946839349064
  0.58450211771687732  0.59416300419864065  0.60391191348401152  0.61389259303345289
  0.62371533716694938  0.63292125213780803  0.64302157077204480  0.65301261647381026
  0.66250899668027752  0.67051473955842511  0.67862636060576165  0.68684071901646992
  0.69449472763305942  0.70122596730438091  0.70781682041588256  0.71310597110924001
  0.71925990473883106  0.72626779309660727  0.73200313684439067  0.73667884384149529
  0.74084865900217001  0.74476348829970784  0.74886434900715970  0.75322809580283778
  0.75797243235551726  0.76261991614581537  0.76734763582620225  0.77218678717649347
  0.77670105490588204  0.78082425127491883  0.78493711757042339  0.78891193877192889
  0.79343237663769151  0.79848035805460704  0.80363702018253158  0.80898083786060138
  0.81426071229250918  0.81923053709929738  0.82409937559642887  0.82901841859469105
  0.83376704489283404  0.83822393409369156  0.84232693065841491  0.84606017079376494
  0.84958607512461515  0.85296727362104907  0.85637389715619527  0.85996835076729805
  0.86373817798187069  0.86775969649641260  0.87175460832020868  0.87553068803137279
  0.87924437548149814  0.88296873136271148  0.88673255089237002  0.89075421519849363
  0.89476169662254701  0.89887484281511232  0.90333211427808180  0.90850876991408069
  0.91417391004487136  0.91912175378810912  0.92418177521779132  0.92928873441772097
  0.93367088166204204  0.93799835290302136  0.94366511163604672  0.94987766989149169
  0.95545515346579923  0.96121016627935341  0.97235217185546263  1.00000000000000000
 -0.02392276149998602  0.14136444561791900  0.17533363119024062  0.19577863937400319
  0.21090550941297725  0.22600759715048110  0.24109044358195381  0.25716548197085831
  0.27060568919449451  0.27960460084661942  0.28664354132109976  0.29364025404301414
  0.30142008851762264  0.31113495075518288  0.31858902699863711  0.32422911608126315
  0.32981693742092755  0.33560529577413412  0.34177649169115126  0.34724166600915857
  0.35239843332202936  0.35747592630708153  0.36342086097301413  0.36968132643651463
  0.37656042011837976  0.38444399763571380  0.39239687472756341  0.39965575831565775
  0.40671200362730675  0.41330947616971619  0.41816310848179700  0.42296154043651468
  0.42780086001959433  0.43292938728608032  0.43872782072805971  0.44381746827132573
  0.44854238806533880  0.45339277528828947  0.45844819732028030  0.46359015451966051
  0.46829550606400866  0.47274396804661745  0.47706799030785862  0.48159423330886370
  0.48585084515933147  0.48982442355647032  0.49391481023768363  0.49774471148062982
  0.50299808587931716  0.50841619139445293  0.51240997694355517  0.51610264227374303
  0.51996745155586821  0.52369383693363269  0.52804904942871667  0.53384669078879576
  0.53920490958409018  0.54465854056312568  0.55025731045260295  0.55409703776550923
  0.55809291093776059  0.56204688300956640  0.56600795835298467  0.57041201040952427
  0.57520239006196539  0.57984291637099461  0.58468928145275911  0.59010146252271956
  0.59562269400373824  0.60080294117748079  0.60606458647492123  0.61177915760879098
  0.61768677867120192  0.62348476618784843  0.62953063313202406  0.63561425196243126
  0.64133683992327395  0.64676322398306940  0.65262232176532620  0.65933200587305762
  0.66646990809409201  0.67368043124455168  0.68065550055143575  0.68856895557836029
  0.69720619512814130  0.70662734362517232  0.71716742685734503  0.72820093965019561
  0.73958365443787177  0.75042823582966467  0.76269661963317359  0.77673713122939292
  0.79519351438909447  0.82289501434350598  0.86383161718433010  1.00000000000000000
   9.2462896080439105E-012  -1.0000000000000000     
 F F F F F F F F F T T T T T T T T T T T T T T T T T T T T T T T T T T T F F F F F F F F F T T T T T T T T T T T T T T T T T T T T T T T T T T T
  <DiscreteSampler_grid>
  grouped_processes
  1 # 1 for a reference and 2 for a running grid.
  10 # Attribute 'min_bin_probing_points' of the grid.
  1 # Attribute 'grid_mode' of the grid. 1=='default',2=='initialization'
  0.0000000000000000 # Attribute 'small_contrib_threshold' of the grid.
  0.5000000000000000 # Attribute 'damping_power' of the grid.
 # binID   n_entries weight   weight_sqr   abs_weight
    10   10   9.485716926792452E+004   8.747599808405658E+010   9.485716926792452E+004
    11   10   9.485716926792452E+004   8.747599808405658E+010   9.485716926792452E+004
  </DiscreteSampler_grid>
