 -0.00009425934005444  0.00091232942322790  0.00158437670416618  0.00221008810424717
  0.00275482475790092  0.00323629132840591  0.00369068302163475  0.00417990249268147
  0.00470666520912165  0.00519468833783987  0.00563459973607084  0.00604608807584744
  0.00645075875801903  0.00684629706640571  0.00722180147011938  0.00756729137324506
  0.00786867867185659  0.00817204342230037  0.00851020153177805  0.00882379228295987
  0.00911168492434669  0.00939734082137455  0.00971947479319933  0.01004130146881495
  0.01033630509997635  0.01069945724832679  0.01119160396710784  0.01164283013322057
  0.01226180946238506  0.01287229418799820  0.01349753100520806  0.01410065622152274
  0.01453644935070800  0.01487581978326183  0.01520321303373128  0.01551715408391049
  0.01583489197249697  0.01619672219726091  0.01658006041385112  0.01696656962660391
  0.01736337792935539  0.01775908120477905  0.01812593674919848  0.01847288607665641
  0.01883231215977966  0.01911915962370512  0.01931224911733123  0.01958263584836935
  0.02022471700839379  0.02125913801773490  0.02239763784977025  0.02343133139089876
  0.02438395254376749  0.02528566689407154  0.02619686845603055  0.02714182391704654
  0.02813363075379047  0.02914592484281640  0.02997061939236900  0.03040318234236479
  0.03087666399905160  0.03135748508262356  0.03179045928482793  0.03235177060567328
  0.03305659763627063  0.03372089464459943  0.03440329472957358  0.03517799341815162
  0.03605292410511430  0.03686459688885365  0.03753013628142007  0.03828769521797853
  0.03912599729191055  0.04026953426700068  0.04206234141414055  0.04487669879869095
  0.04709038134270610  0.04917651866248542  0.05249825802954506  0.05619827580472764
  0.05973046470157749  0.06309219841077093  0.06645393211996438  0.06979118667837861
  0.07312490151117075  0.07703432327900818  0.08288013694537724  0.08872595061174632
  0.09463116559169726  0.10068910832295978  0.10674705105422232  0.11796014166423019
  0.14566113248409987  0.17336212330396955  0.20490067079436960  1.00000000000000000
 -0.00289875064357595  0.00898579290354183  0.01948948032952836  0.02967197937090663
  0.04005269307524990  0.04877597462921067  0.05733700795868118  0.06580921718228885
  0.07412659398870547  0.08272445696007176  0.09172713733300605  0.09990211114065209
  0.10800935818452503  0.11697021634648469  0.12664073279989213  0.13635716699630643
  0.14450339703929899  0.15412506920525035  0.16622831753677880  0.17608314902601771
  0.18345529567489896  0.19189519693681206  0.19962861988322342  0.20501147851025334
  0.21275212990806058  0.22122765205964573  0.23172572779695350  0.24466999242005291
  0.25983399684065323  0.27443644368128572  0.28672529255745366  0.29914653980157851
  0.30841572335637069  0.31651977857192853  0.32310159731715082  0.33071114851579642
  0.33880506702774460  0.34856010120067998  0.35871983966829429  0.36758674986794349
  0.37690089905911384  0.38903679581669981  0.40212887496830169  0.41441839258576757
  0.42516056644612948  0.43572441134879142  0.44645896233976007  0.45610214638529223
  0.46546309563363147  0.47316663756612604  0.48219915554937826  0.49305427516711781
  0.50478346827126075  0.51647801513992808  0.52867702458022026  0.54153590920432271
  0.55433200153355933  0.56632060700316944  0.57960641913475563  0.59482712858355102
  0.61142543944254457  0.62520314714224812  0.63898293375147752  0.65315408457834312
  0.66765078637310693  0.68137811125820047  0.69349811429230834  0.70426029159934256
  0.71507881317768962  0.72595958012455275  0.73520941844878329  0.74284564536633557
  0.75009983994978613  0.75767524561149990  0.76627567017502674  0.77593304199549651
  0.78546158539851529  0.79728555872571272  0.81256907232789244  0.82568809914819674
  0.83587831797927103  0.84479941963484273  0.85458961044057191  0.86573413870010174
  0.87723201857769906  0.88820920095539613  0.89922750265662832  0.91180210794068561
  0.92420072169114842  0.93501731963442669  0.94390610120911900  0.95387602576543662
  0.96288702904708778  0.97255927042437718  0.98550947624914342  1.00000000000000000
 -0.04448833122816222  0.35867515265833450  0.50996419442779395  0.59973243959303701
  0.66706647652607598  0.71464489896413752  0.75228516086457242  0.78268803774896634
  0.80712029714243161  0.82807954871097622  0.84551638332439172  0.85969551358337037
  0.87125610197461034  0.88182809222939451  0.89118232999085767  0.89918124450329673
  0.90639631351461547  0.91235117844925573  0.91760026501906711  0.92179067861820629
  0.92584702546911724  0.92966161089434374  0.93322082714100818  0.93626850348048563
  0.93885781294841164  0.94128054694532237  0.94376600021319246  0.94611527406783213
  0.94826694621632812  0.95021621527737299  0.95204237640814326  0.95388351902361923
  0.95544938394602730  0.95680016339512786  0.95815313379627931  0.95948879999522052
  0.96082003121421389  0.96223303789866632  0.96356120498895570  0.96472670870762689
  0.96580207928182216  0.96680424964729272  0.96784812672464093  0.96898512855876984
  0.97013783664595710  0.97137294421175058  0.97256077095051141  0.97363655155232798
  0.97460092804349230  0.97547790215097085  0.97631918125890704  0.97717035774141114
  0.97791184553087529  0.97854616804629690  0.97913085833044611  0.97970987225600215
  0.98025997567169210  0.98081096014918401  0.98140891117587359  0.98201474548026624
  0.98255306780217155  0.98302534170564626  0.98347304979618022  0.98393010272811376
  0.98442066614847235  0.98490884152506974  0.98537680231157254  0.98583224302415784
  0.98626350223022241  0.98667558568872904  0.98707151290183204  0.98743074050626223
  0.98774678031047491  0.98805941078850801  0.98841378663804602  0.98878619110896082
  0.98919276253159671  0.98961520196199892  0.99000465325966303  0.99036711265190858
  0.99071473979692781  0.99108496780225663  0.99147847533179134  0.99188548153614986
  0.99231834111574801  0.99273440054418405  0.99313557724442392  0.99351897310022441
  0.99397685957041793  0.99445339018413037  0.99495284397483852  0.99551064159067038
  0.99612806830569189  0.99697972383221123  0.99827170447854896  1.00000000000000000
 -0.02779654904409894  0.13293256542652021  0.18377301009473357  0.21066796431676288
  0.22980447758613021  0.24517366714223807  0.26071311576164891  0.27660176837181977
  0.29104520926716776  0.30232679249772226  0.31254868503686434  0.32209588698129549
  0.33142232707922581  0.34106108883375880  0.34941794304946633  0.35754595533462152
  0.36476136774064466  0.37173018908694822  0.37751393115214238  0.38226550389168296
  0.38643657687507615  0.39035164892409535  0.39430423664884412  0.39873475540834746
  0.40328174568577896  0.40781850575980333  0.41264716039483440  0.41655152878200608
  0.41982642688599170  0.42296570448672810  0.42691336266661617  0.43180017957505468
  0.43671082243222475  0.44206578282903192  0.44806105257850998  0.45441583715168193
  0.46114747983613347  0.46846957464563532  0.47546749198673610  0.48195776568760462
  0.48798571306921257  0.49363057323760051  0.49844627318005080  0.50151785083094780
  0.50512767216350629  0.50860327139691541  0.51186735902081970  0.51474009250621688
  0.51831297039953461  0.52382796836750600  0.52979415350681158  0.53609476079799201
  0.54254369457423879  0.54845884039470727  0.55436520245233212  0.55966352953860343
  0.56530489378429527  0.57040425997966326  0.57474116712191281  0.57868698391546480
  0.58392573255382119  0.58899309426290936  0.59380512172278643  0.59862587855355953
  0.60492527919165096  0.61256361683335869  0.62192650157532992  0.63155059057527696
  0.63976705431868375  0.64764776808015467  0.65581520378448277  0.66372803469858044
  0.67090515526034289  0.67630021009188879  0.68109967409784278  0.68563864594100177
  0.69055314835048975  0.69639448557602501  0.70336149214209320  0.71069241032963293
  0.71886570883873302  0.72490365245538091  0.72927761546372227  0.73428460922732464
  0.74089788036112081  0.75012566678474346  0.76428539897560754  0.77765008362161880
  0.78999925496019896  0.80091976802735054  0.81192927254720915  0.82338492344588454
  0.84101101420693347  0.86331202149989050  0.89429293514937569  1.00000000000000000
   3.0082974386806989E-045  -1.0000000000000000     
 F F F F F F F F F T T T T T T T T T F F F F F F F F F T T T T T T T T T F F F F F F F F F T T T T T T T T T F F F F F F F F F T T T T T T T T T
  <DiscreteSampler_grid>
  grouped_processes
  1 # 1 for a reference and 2 for a running grid.
  10 # Attribute 'min_bin_probing_points' of the grid.
  1 # Attribute 'grid_mode' of the grid. 1=='default',2=='initialization'
  0.0000000000000000 # Attribute 'small_contrib_threshold' of the grid.
  0.5000000000000000 # Attribute 'damping_power' of the grid.
 # binID   n_entries weight   weight_sqr   abs_weight
    10   10   1.456510227386895E-034   8.715824924794754E-068   1.456510227386895E-034
    11   10   1.456510227386895E-034   8.715824924794754E-068   1.456510227386895E-034
    16   10   1.748788712412859E-034   1.267301088746208E-067   1.748788712412859E-034
    17   10   1.748788712412859E-034   1.267301088746208E-067   1.748788712412859E-034
  </DiscreteSampler_grid>
