 -0.00008616206697862  0.00078016800036467  0.00169189116049627  0.00301287996082689
  0.00473703700297873  0.00677389922979893  0.00918726789316941  0.01193296470836148
  0.01513731658029242  0.01860924132095034  0.02244982784120453  0.02655805795350511
  0.03094002842637913  0.03556150511034230  0.04037422426244717  0.04555993082433843
  0.05100215210743388  0.05662306562120639  0.06249233360639007  0.06859952756996503
  0.07488995769443441  0.08151852968418680  0.08854577341492036  0.09601108514120711
  0.10367057006205301  0.11137589532724829  0.11908847584357236  0.12694443068556110
  0.13506337893053136  0.14346559298400322  0.15210571171925061  0.16087173735360003
  0.16975967528368216  0.17871648482880634  0.18785974333110464  0.19721417539990491
  0.20687832823313421  0.21696183837278094  0.22726484869405938  0.23783937746768502
  0.24878952884925296  0.25986592352805266  0.27071644361725378  0.28157092965056940
  0.29314621479895409  0.30481344644126690  0.31646033543288554  0.32823198813411736
  0.34033451358150912  0.35294814254381884  0.36607257605566523  0.37955356469392176
  0.39312735064020438  0.40666363644923764  0.42020684659590729  0.43378616764028366
  0.44749905504217602  0.46142538442825937  0.47536416748632920  0.48926028936182081
  0.50337656113797169  0.51794915338069236  0.53296441931278704  0.54811233906436119
  0.56303827956890595  0.57783116076388974  0.59244484040743828  0.60722169252786307
  0.62224857786949572  0.63726680463768892  0.65229913285485819  0.66708274787556465
  0.68178819472492169  0.69645553663837700  0.71112916596140552  0.72584344989362848
  0.74047773554940932  0.75495907458395450  0.76908831449761339  0.78293929327659850
  0.79663643567194764  0.81028818920059276  0.82376581545664140  0.83733088225797270
  0.85088455185637946  0.86448033158671489  0.87819768459288905  0.89168208391432457
  0.90496946809715995  0.91841487151303447  0.93204226580630634  0.94568830235922141
  0.95941389689146961  0.97302282375859073  0.98653676266881452  1.00000000000000000
 -0.00246918024339304  0.00962977431157580  0.02072688912962103  0.03114176811475782
  0.04189831479054805  0.05231382772503988  0.06275758343139230  0.07312577403495754
  0.08337785579462835  0.09413145411615050  0.10514059920618860  0.11598174999161062
  0.12652438386207537  0.13693495134136960  0.14754390302603804  0.15891320254356522
  0.17035899172232596  0.18163467719256240  0.19262486471669069  0.20347869561251697
  0.21438430942466102  0.22574398494196860  0.23714508277627630  0.24823632792236050
  0.25907159570184479  0.26972384077680328  0.28049092004564868  0.29118218275329477
  0.30186210978216849  0.31244920808561050  0.32302448713924314  0.33378243090189158
  0.34449493850054214  0.35556032028816309  0.36655529331486009  0.37778125381771838
  0.38886189394368315  0.39975488636510548  0.41030124155105896  0.42093366733261489
  0.43200854995838844  0.44303138313455542  0.45401314480219263  0.46441731440226786
  0.47468919985193936  0.48480222144658303  0.49487700750841213  0.50479489666931754
  0.51452393086598847  0.52447234700150525  0.53415543300883028  0.54386284109734451
  0.55376251238529628  0.56410267524033408  0.57473660256902093  0.58540881685135837
  0.59615385605820459  0.60666610061557502  0.61731212826654047  0.62769296874633651
  0.63759019293621089  0.64754596805315978  0.65758333567587146  0.66785047673172149
  0.67778330268993914  0.68729931139500766  0.69778586763835981  0.70826135795931822
  0.71917672749985173  0.73017346479319567  0.74162591327784111  0.75273375801596509
  0.76357588660286091  0.77431782073402144  0.78538953684540846  0.79603781851931443
  0.80612152353966871  0.81624832435876837  0.82679476581140654  0.83778019743499588
  0.84873296522364361  0.85960236751371599  0.87034135573985039  0.88051317494764914
  0.89049995649103786  0.90048968096669113  0.91060460224495732  0.92032948818391869
  0.92988448460311945  0.93988364179416917  0.95040187229126494  0.96049577970198019
  0.97008370029369639  0.97967616514895983  0.98993047102680687  1.00000000000000000
 -0.00304690177798398  0.01784715204863343  0.03329590739183618  0.04657388765336053
  0.05816236443490694  0.06919408170109749  0.07964354136270402  0.09005468028322301
  0.10026910285488462  0.11049569649231440  0.12060401855994840  0.13019641207334443
  0.13903146786189577  0.14802336845137490  0.15692191116797372  0.16623858959557572
  0.17529423659283050  0.18425864953060958  0.19291147760323468  0.20158723212209262
  0.21004455156750440  0.21826367628674173  0.22619142637263592  0.23389005115879274
  0.24159181112821773  0.24943263029959833  0.25729022771077892  0.26501240574642621
  0.27257180236980472  0.28012804257223894  0.28781346643434719  0.29552771257079941
  0.30331522454085297  0.31108678737634071  0.31891770225301452  0.32682471074272479
  0.33482646813029593  0.34290795297423488  0.35108408399583757  0.35934158451016607
  0.36766311396106577  0.37600674083278340  0.38425427564050041  0.39252336816722544
  0.40048317831541125  0.40840006566850617  0.41636223901281116  0.42423299397272685
  0.43215843881230043  0.43983134449376504  0.44711575621370708  0.45433770007526597
  0.46184240686295530  0.46961425194140011  0.47758555245133300  0.48566442961840006
  0.49374233587624583  0.50183636072525462  0.51018239525708120  0.51861990907010447
  0.52691087353745780  0.53531492475900133  0.54404674598458658  0.55281363338524325
  0.56169601081103238  0.57076895386815341  0.57984335923588415  0.58910082773520622
  0.59853721575649199  0.60816749283794125  0.61805915716055360  0.62805432708173625
  0.63809964356043991  0.64794785720144188  0.65762490601852142  0.66750663342507377
  0.67766907583767100  0.68792120907863175  0.69790884719629454  0.70799724110265605
  0.71945853104433810  0.73155523246063592  0.74407037965601364  0.75629047224714718
  0.76837434306466723  0.78071259522009318  0.79358733588646835  0.80795335198404761
  0.82336231132072890  0.83984916389273379  0.85673086343298943  0.87406091936612473
  0.89308883090121727  0.91531713409178928  0.94585263725397462  1.00000000000000000
 -0.01995283987951241  0.13113436010710561  0.17764844805484201  0.20814015825132248
  0.23399854243240761  0.25555606171751644  0.27438574889113004  0.29050862140375183
  0.30558876334625512  0.31962615227285690  0.33299955299853207  0.34598335200448355
  0.35807345445399824  0.36933076817345817  0.38014733635889725  0.39066891999225845
  0.40114389288017210  0.41139154469137706  0.42144038026407082  0.43105684216962137
  0.44028325788893879  0.44897442238512075  0.45778030848917972  0.46642171703037705
  0.47517297829199834  0.48347881385394437  0.49137014055037048  0.49897416052516336
  0.50621348560251545  0.51308053212980365  0.51991950787965480  0.52661878592116917
  0.53329356050431365  0.53991866591403070  0.54686163869856119  0.55368746793916923
  0.56036155492877004  0.56715162930909224  0.57401080873903310  0.58079282394557918
  0.58730230986861931  0.59352654888558043  0.59979341088245952  0.60592944739905341
  0.61185648528965153  0.61770560455960766  0.62355707087856305  0.62921876848346181
  0.63481494356233970  0.64043387926312689  0.64601120762746789  0.65149811094214050
  0.65690506048299491  0.66226193308087133  0.66763333689374493  0.67305942187670165
  0.67843010815919691  0.68373227065745212  0.68890078463013316  0.69391607643630004
  0.69895157557802756  0.70391864115546665  0.70885417921190164  0.71384213673630792
  0.71887229586672929  0.72386196975592465  0.72879628559542420  0.73374104641472060
  0.73868964503093948  0.74382589587198933  0.74891994400467787  0.75425019901988322
  0.75963931435657983  0.76496950552285359  0.77030989277762463  0.77583480417171369
  0.78154901706934343  0.78731842108771422  0.79318108129897891  0.79911518698481288
  0.80511645169491353  0.81126318125788754  0.81741435020270836  0.82392851485705110
  0.83039263724263146  0.83728762976560389  0.84451134791214200  0.85227681246820031
  0.86075334321357788  0.86971966961810676  0.87955528981409370  0.89046502045552800
  0.90285150981764295  0.91854649661997889  0.94252215481460633  1.00000000000000000
   4.1668822454828726E-004  -1.0000000000000000     
 T T T T F F F F F F F F T T T T T T T T F F F F F F F F T T T T
  <DiscreteSampler_grid>
  grouped_processes
  1 # 1 for a reference and 2 for a running grid.
  10 # Attribute 'min_bin_probing_points' of the grid.
  1 # Attribute 'grid_mode' of the grid. 1=='default',2=='initialization'
  0.0000000000000000 # Attribute 'small_contrib_threshold' of the grid.
  0.5000000000000000 # Attribute 'damping_power' of the grid.
 # binID   n_entries weight   weight_sqr   abs_weight
    10   10   3.542267611208471E+008   1.259294567579919E+017   3.542267611208471E+008
    11   10   3.542267611208471E+008   1.259294567579919E+017   3.542267611208471E+008
  </DiscreteSampler_grid>
