 -0.00003608393120548  0.00075670742141523  0.00135309177481977  0.00187338704794160
  0.00237603042662395  0.00285521907884967  0.00329978313969542  0.00372133235524628
  0.00413146707064918  0.00455929806319628  0.00498241538289574  0.00540790651831784
  0.00583077540184652  0.00627411117455807  0.00670456695691368  0.00712675045967932
  0.00753717486687192  0.00792504136050591  0.00830604616530043  0.00873014751696531
  0.00920198577658646  0.00966120971959879  0.01009543697880672  0.01053497967515418
  0.01098924428380616  0.01143368476733836  0.01186057860944459  0.01227023510073317
  0.01267803867795323  0.01308798047409598  0.01351980990870526  0.01396054310000104
  0.01439633275232361  0.01484091248775340  0.01529679213430804  0.01574694747837974
  0.01630440907759482  0.01698155928539744  0.01767917152257789  0.01839994616955876
  0.01913980675421815  0.01977491858271508  0.02041321401375819  0.02105163301013825
  0.02168662607968084  0.02230924534114755  0.02285404963178251  0.02345096977349714
  0.02403715681108164  0.02459154133070309  0.02511236556359716  0.02562183539709451
  0.02615504236537295  0.02673909877011531  0.02738162232361408  0.02805885092398414
  0.02872466431702863  0.02937856712082893  0.03005452947915626  0.03080138673462292
  0.03162143408427676  0.03252545024625578  0.03375981699596142  0.03504570839329049
  0.03619701061831300  0.03727037674617904  0.03833624673444474  0.03934400203385358
  0.04046991069095711  0.04174477795888327  0.04328741991862486  0.04505002153600395
  0.04645923458885497  0.04788971553299182  0.04907073030808402  0.05030324632928632
  0.05175223298241959  0.05351433968313535  0.05549768403743703  0.05840811061014553
  0.06103359665556733  0.06346058336033712  0.06576150356599736  0.06847521744718298
  0.07202497755069237  0.07552480581421740  0.07897416043619118  0.08226866701418384
  0.08648989140814145  0.09130552918159122  0.09785346433582487  0.10496367647546717
  0.13075484862292078  0.22784564258279802  0.40276749736118572  1.00000000000000000
 -0.00211390731319011  0.01211373598845402  0.02339068814616996  0.03262337265271181
  0.04314473933028871  0.05494701865245123  0.06563668674710126  0.07543525421970014
  0.08511085554187707  0.09722330998400275  0.10992221411492556  0.12258381311633564
  0.13344180731950231  0.14412299466441258  0.15510785886259640  0.16648007575642765
  0.17761133970217011  0.18862764410231614  0.20010947895286593  0.21179236464512541
  0.22322824036425862  0.23484364636349908  0.24512711741332507  0.25697356320867626
  0.26827103758978427  0.27938067634082303  0.28963596199084485  0.29912109081042920
  0.30770168511141088  0.31603826396282814  0.32363797813292661  0.33230535687770013
  0.34140789434490298  0.35029859341831360  0.35885069089521721  0.36694852112564313
  0.37463421561490218  0.38342673102596314  0.39252506826016043  0.40219884275647738
  0.41222098160264425  0.42202093359989418  0.43243048816455404  0.44420980834232043
  0.45694658764583296  0.46993510692307472  0.48290397172201888  0.49638720945013004
  0.50896403667555679  0.52156662406171461  0.53431167312401662  0.54657204406563331
  0.55750183183939328  0.56712838600972226  0.57610260988103534  0.58488589961500148
  0.59332440471338455  0.60161811388655217  0.60987485678855413  0.61845017056860929
  0.62784070960155336  0.63884728399283452  0.65028046664843531  0.66221210925733098
  0.67282763707809246  0.68301858959662498  0.69325379189968450  0.70368862257315257
  0.71471258579161079  0.72556301819936397  0.73571616768381720  0.74667416530052688
  0.75785173416813068  0.76739324382367302  0.77660824583219179  0.78650893340171701
  0.79914408022580208  0.81448169014920280  0.82844110872895804  0.84309601340553386
  0.85570572502420406  0.86633049032167553  0.87607215531143134  0.88511406860484865
  0.89418499270722196  0.90345231183522479  0.91205581359311672  0.92174686083883295
  0.93166328244808760  0.94222082263918538  0.95210261742860969  0.96172016503226210
  0.97083253956753568  0.98018242914964071  0.98984194343923360  1.00000000000000000
 -0.01095395188722977  0.11319870823024862  0.17848666740172198  0.22482112246284308
  0.26144108682444162  0.29301171700936451  0.32137707380118247  0.34849375368565960
  0.37572645808162836  0.40336460852627332  0.42812941925090880  0.44840347959290128
  0.46609867616910783  0.48220344877577220  0.49741785422033180  0.51228181536338935
  0.52702202580727353  0.54270767190743641  0.55749430934411004  0.57157200636781280
  0.58398778854006761  0.59513629370923637  0.60507532916192930  0.61415848696078634
  0.62275967938239041  0.63143845877023741  0.64038434065690220  0.65007778782405679
  0.65913983824417732  0.66724743921361318  0.67493307555135940  0.68274698179082016
  0.69070282934559335  0.69852927164977818  0.70599938995029443  0.71264300794366597
  0.71897098741399146  0.72552497967957019  0.73174918759164975  0.73770908527484691
  0.74349583219500814  0.74926815400447966  0.75447143863352706  0.75932550749776517
  0.76393379928404492  0.76844128729244421  0.77296735172882347  0.77743984771163821
  0.78209052153915282  0.78672583817799036  0.79153203393757976  0.79623397393335471
  0.80055199456868742  0.80512300080911603  0.80968222598923123  0.81424451696644107
  0.81932270452655109  0.82423117972426341  0.82915127980091263  0.83411273419026688
  0.83913573466427127  0.84445754690914265  0.84920473280285946  0.85361470200596701
  0.85770217923020553  0.86159793617498281  0.86539376112156541  0.86911290158775867
  0.87275188043457652  0.87629506674293789  0.87978869436866369  0.88335941809780394
  0.88687751953399141  0.89017491736947529  0.89334342256635657  0.89645224755186093
  0.89939948313574647  0.90249998411182764  0.90570886146561147  0.90894099629160519
  0.91224917816438744  0.91570190821772779  0.91941906491038605  0.92323027184598994
  0.92730355412106225  0.93163318948705076  0.93610062196717481  0.94062216942272325
  0.94506826610551031  0.94949095324419408  0.95383441235274924  0.95908688658719021
  0.96525661525131545  0.97251370132512405  0.98268885129123895  1.00000000000000000
 -0.01416219687462774  0.09742543716224422  0.14972758433005179  0.18535530811894638
  0.21092261291101172  0.23227499764786427  0.24762987450296042  0.25975898634631794
  0.27023343416221224  0.27988368504774291  0.28908017132605457  0.29805621367500718
  0.30646712286399941  0.31480038113339193  0.32276950107327185  0.33007232981579293
  0.33645256044465160  0.34281816961432704  0.34938290496171287  0.35615279078904388
  0.36299062769255902  0.36963056490920382  0.37596348971412241  0.38200443535096290
  0.38779368942734788  0.39358419841152303  0.39998782990149312  0.40691843341975348
  0.41372648072008089  0.42028026382027506  0.42652737149263464  0.43275823238248284
  0.43866794124899333  0.44392077194565210  0.44885674730013014  0.45385354389574828
  0.45862718461633134  0.46326325070809660  0.46777954512855802  0.47218919639358764
  0.47661476354202464  0.48161924045564791  0.48746723047795193  0.49348651644014474
  0.49909470391047350  0.50441740107579047  0.50958438443468101  0.51467740265660600
  0.51991642581320108  0.52465929723231719  0.52937383651713199  0.53391336358555819
  0.53849580587116985  0.54308580955116736  0.54771836683453556  0.55250953452625040
  0.55726168824219491  0.56234427468495896  0.56764784822215608  0.57314787921896404
  0.57857912512256660  0.58368111993361593  0.58866588458268243  0.59369370916966113
  0.59885661197903051  0.60400257979230854  0.60901139306003182  0.61401360750910927
  0.61901735010134140  0.62495157352540354  0.63175363220476033  0.63878390919171313
  0.64577409094507021  0.65325438619284648  0.66111654499165562  0.66823041544958350
  0.67486384043855085  0.68133349657625220  0.68795394016232903  0.69487552360392346
  0.70179936031043189  0.70854918947618262  0.71557749434806606  0.72318798968441012
  0.73260770196782066  0.74305833194523985  0.75435876505706501  0.76559642217163726
  0.77761924470516752  0.79157866665417054  0.80827822345469502  0.82635180774338812
  0.84698388378518397  0.87182355027500746  0.90672507428451332  1.00000000000000000
   6.6200989311370513E-043  -1.0000000000000000     
 F F F F F F F F F T T T T T T T T T F F F F F F F F F T T T T T T T T T F F F F F F F F F T T T T T T T T T F F F F F F F F F T T T T T T T T T
  <DiscreteSampler_grid>
  grouped_processes
  1 # 1 for a reference and 2 for a running grid.
  10 # Attribute 'min_bin_probing_points' of the grid.
  1 # Attribute 'grid_mode' of the grid. 1=='default',2=='initialization'
  0.0000000000000000 # Attribute 'small_contrib_threshold' of the grid.
  0.5000000000000000 # Attribute 'damping_power' of the grid.
 # binID   n_entries weight   weight_sqr   abs_weight
    10   10   1.323432225516023E-025   1.744808032185615E-049   1.323432225516023E-025
    11   10   1.323432225516023E-025   1.744808032185615E-049   1.323432225516023E-025
  </DiscreteSampler_grid>
