 -0.00002559330706085  0.00044886440469892  0.00082728097917938  0.00118271245635139
  0.00153888408986319  0.00188543437924315  0.00222255575813285  0.00256684159704994
  0.00290355698160505  0.00321483643185976  0.00353477084691131  0.00388345414563263
  0.00420157872975518  0.00448892356369176  0.00476611603651708  0.00504860164002292
  0.00534076414569975  0.00565674805123698  0.00599384386342642  0.00634175545320198
  0.00664332087463466  0.00692999547134675  0.00720507418647107  0.00748121002904919
  0.00776502901238404  0.00806397923166905  0.00837562617397260  0.00869488110645598
  0.00901516130268340  0.00931995435849677  0.00961623779578974  0.00998991967904271
  0.01033989855430446  0.01068519069365033  0.01104686179975462  0.01139077402409287
  0.01175472854387822  0.01226879801734487  0.01282440488537789  0.01337169361766728
  0.01386731507375409  0.01431044501878298  0.01468622670369005  0.01497353788240785
  0.01527260179723017  0.01561919450597633  0.01602031687334829  0.01657502966953320
  0.01708311120026687  0.01752477604504531  0.01791612662771146  0.01828530423895378
  0.01865332599006167  0.01901964194951496  0.01934237097481213  0.01977169303616910
  0.02032622493251978  0.02113106407191068  0.02176521227504606  0.02236192497285079
  0.02291892242643767  0.02342921844586458  0.02390883444935159  0.02440820513912578
  0.02500038973811688  0.02562407966995781  0.02622742525046839  0.02683103672622871
  0.02746953248570088  0.02824228687763414  0.02920427971465534  0.03009628322543285
  0.03092848033169411  0.03156881157324884  0.03247063813941310  0.03346018055266350
  0.03447533319276460  0.03640970882121734  0.03845373772775915  0.04006772680351215
  0.04147414329660347  0.04275097903144155  0.04388498965261955  0.04502107792921528
  0.04615190359115288  0.04741269747875695  0.04910200457558185  0.05193425815333388
  0.06646192206979561  0.07811654107523325  0.08595389880052244  0.08830423518743354
  0.09048468000399439  0.09250015400543332  0.15850231903074891  1.00000000000000000
 -0.00237019547437107  0.01184986459520129  0.02231897074887620  0.03166424280039540
  0.04046311861725281  0.04948433266747893  0.05830503628174277  0.06712552362663021
  0.07638829632573355  0.08596569156232667  0.09762090677977403  0.10979304457521068
  0.12121593438749366  0.13292101860303193  0.14558541921995810  0.15866160240534577
  0.17185767252164025  0.18411855878887221  0.19507882816878439  0.20672387336927264
  0.21832930008609217  0.23132331102436113  0.24415693271941366  0.25729366206249854
  0.26820702919721146  0.27890987109089105  0.28921237159818824  0.29734616670654074
  0.30666793435158679  0.31554227136601604  0.32290897968608873  0.33020899049553837
  0.33806589746957200  0.34649277343570900  0.35560367212882055  0.36554071141144590
  0.37538539520818520  0.38419470232087516  0.39227796188601299  0.40016098792406757
  0.40866271599419396  0.41824722960126715  0.43065611514220370  0.44160165478623675
  0.45089965205423405  0.45996312654837629  0.46962978558456470  0.48012639952347574
  0.49055717451854070  0.50076584107794697  0.51218021003113345  0.52329372226306470
  0.53279396595071404  0.54209476848047089  0.55164183023285007  0.56132122418082264
  0.57144184604614212  0.58206347246175993  0.59456471379570563  0.60788915325051540
  0.62158513966618478  0.63544520905853419  0.64972364256741144  0.66495253510664321
  0.68006098879896026  0.69320039805882716  0.70389618291606137  0.71405881218399569
  0.72456454559064765  0.73437537858882274  0.74299983713239137  0.75104745825075514
  0.75992683096648272  0.76971441335426860  0.77896737674009986  0.78741911415003096
  0.79598356791701874  0.80551176284543524  0.81576591506529572  0.82673454376168032
  0.83829005066051587  0.84993762671886797  0.86080298293879220  0.87073908598079142
  0.88064349320833524  0.89155409560535204  0.90291023134927040  0.91536288605483962
  0.92821214076852010  0.94044403598606596  0.95082140435320961  0.96144901026134577
  0.97195577420523127  0.98169210407543839  0.99105532868461366  1.00000000000000000
 -0.00351409657118220  0.05219623200530436  0.09160089129065062  0.12580495918689852
  0.15635297255167335  0.18612232834562045  0.21241047704646532  0.23341116438764192
  0.25290696620663683  0.27239986788064163  0.29154997398849158  0.30882519795052532
  0.32607500645368348  0.34302638358049647  0.35960804679511693  0.37450001194108484
  0.38760062889351282  0.40028054257906043  0.41283949759403560  0.42437734498874008
  0.43578071335686608  0.44810535517230643  0.45998492156690785  0.47033629199895621
  0.48077913043120052  0.49021620244226788  0.49915149176988588  0.50739060159124727
  0.51556322852537806  0.52435518633449718  0.53370399913099387  0.54296034967055196
  0.55277155347771567  0.56275684230830281  0.57269627978827664  0.58233606740294885
  0.59127116648421973  0.59973033238352935  0.60781832288226478  0.61559577377031371
  0.62346795372310582  0.62955733960512894  0.63513948365730977  0.64057098520860190
  0.64583594646377429  0.65132073011644320  0.65712650266924511  0.66392423819108526
  0.67100291488635333  0.67743382111803963  0.68339254016103501  0.68906318964906732
  0.69714842901300633  0.70345569603709746  0.70981870046364126  0.71549834139190960
  0.72049387356677852  0.72662471863306377  0.73216096411718112  0.73759198494408695
  0.74290954095685779  0.74800653765663350  0.75361505717883881  0.75965989690904268
  0.76550416970936408  0.77158530502055733  0.77824782987574093  0.78475943649000601
  0.79098889238551928  0.79761214995266605  0.80471201625586541  0.81194583685297994
  0.81828314361832910  0.82354100676899977  0.82843568006329216  0.83330512574934701
  0.83846710773087751  0.84432743700544044  0.85045567790278676  0.85645299602383163
  0.86202569565498133  0.86703372052980743  0.87208309228983294  0.87743339793697372
  0.88305157559702274  0.88940892806410576  0.89580021495149886  0.90181358688494040
  0.90807151062991520  0.91486676803368339  0.92201146341580253  0.92974178363579618
  0.93879439444822321  0.95166688124521992  0.97245248668971096  1.00000000000000000
 -0.01595484821473711  0.09459227639060436  0.13347020455269296  0.16168770213542788
  0.17977820090100877  0.19467067400697818  0.20966226250713690  0.22393044553600291
  0.23856105812483208  0.25030360409203306  0.26039270184400098  0.26919458096440457
  0.27729880597990553  0.28499066906624704  0.29208086586965659  0.29982803379228440
  0.30786900630727959  0.31483391760346735  0.32164057519975259  0.32777616736463938
  0.33409192944491256  0.34111113042471614  0.34721599013231863  0.35438933926624211
  0.36295685858500543  0.37200608556828096  0.37966606279961757  0.38731245953089205
  0.39463254173493451  0.40089622081721937  0.40649306207946012  0.41213779078991164
  0.41755104847159885  0.42235866077123269  0.42852282755839283  0.43540473282099906
  0.44373684294590132  0.45205702477880688  0.45925361365794454  0.46520281922197937
  0.47087300877148508  0.47639497501924094  0.48156300415952014  0.48662395781067375
  0.49243742767291693  0.49742790377597296  0.50186107128606883  0.50583773289293221
  0.51004032334743443  0.51485462880949184  0.52005795806728528  0.52554974706318369
  0.53103400315600668  0.53614706663076972  0.54089244424324068  0.54554558533391051
  0.55001379329346767  0.55481292288024642  0.55981406803711553  0.56517860950154897
  0.57054884029735964  0.57555293821427045  0.58029969935366588  0.58474914474471396
  0.58911888631241294  0.59397120283577054  0.59913684517777388  0.60470637179428388
  0.61070136981159406  0.61659093074846061  0.62233961984121855  0.62831164053190414
  0.63429358753665788  0.64046623942880876  0.64652826253751550  0.65320429052630324
  0.66040864038639824  0.66773780614231615  0.67595656131026005  0.68465515643869723
  0.69327779555223823  0.70164592012179461  0.70988409416333731  0.71853705045487304
  0.72812384165207211  0.73800679314086404  0.74862841189330576  0.76099188536383056
  0.77423777595189791  0.78827233751416781  0.80231109343316709  0.81732703906918291
  0.83503658751646215  0.85997562286163309  0.90278971420756182  1.00000000000000000
   4.8573377667671185E-011  -1.0000000000000000     
 F F F F F F F F F T T T T T T T T T T T T T T T T T T T T T T T T T T T F F F F F F F F F T T T T T T T T T T T T T T T T T T T T T T T T T T T
  <DiscreteSampler_grid>
  grouped_processes
  1 # 1 for a reference and 2 for a running grid.
  10 # Attribute 'min_bin_probing_points' of the grid.
  1 # Attribute 'grid_mode' of the grid. 1=='default',2=='initialization'
  0.0000000000000000 # Attribute 'small_contrib_threshold' of the grid.
  0.5000000000000000 # Attribute 'damping_power' of the grid.
 # binID   n_entries weight   weight_sqr   abs_weight
    10   10   2.262848579914109E+003   1.720837515733092E+007   2.262848579914109E+003
    11   10   2.262848579914109E+003   1.720837515733092E+007   2.262848579914109E+003
  </DiscreteSampler_grid>
