 -0.00003154276541008  0.00041337923043954  0.00080115305072846  0.00120193571553747
  0.00162062315069858  0.00202140482511524  0.00242540133354087  0.00281929123270976
  0.00319728163637611  0.00358593199766365  0.00398806484689365  0.00439306727325168
  0.00481724858036449  0.00526385062512688  0.00570661603937252  0.00614385025198422
  0.00657757134238609  0.00698890588297199  0.00730653852824552  0.00758178126980454
  0.00784695932984700  0.00814956850902138  0.00845194094124608  0.00874578805933437
  0.00903565322743784  0.00931724143751870  0.00962368134171062  0.01006733716468077
  0.01050915682509271  0.01083001450719622  0.01109808025648556  0.01135181668205827
  0.01161222771610075  0.01189397475875161  0.01221504996432570  0.01258319451271122
  0.01294531095268143  0.01326718535082688  0.01356212548483039  0.01383966654919502
  0.01411657141741345  0.01439373309587905  0.01473847476463138  0.01521191908225433
  0.01565701398524475  0.01612262809361949  0.01660454712629501  0.01709747002674164
  0.01757182063554094  0.01799394367489723  0.01842586835869180  0.01882602254687803
  0.01921439557806419  0.01990582709603948  0.02139908329466956  0.02269476288064803
  0.02391532827094596  0.02502197225225018  0.02575128139260841  0.02636179863286792
  0.02702190566330359  0.02832613854182985  0.02942418859840177  0.03019788737498031
  0.03086335196227911  0.03161159409789459  0.03235983623351006  0.03365597302890321
  0.03573001159882297  0.03780405016874273  0.03987808873866248  0.04207320417437564
  0.04427914332904177  0.04648508248370789  0.04848511267451577  0.05036505074648553
  0.05253227492121278  0.05515739288215219  0.05723880736347484  0.05896364760140203
  0.05968769084600494  0.06052984094225611  0.06154905416415791  0.06290136063848752
  0.06418948690528811  0.06605768459443531  0.07565686750329581  0.08892288510917425
  0.09418617326803988  0.09850868855363985  0.10021720255551764  0.10191918176883180
  0.10413415012695816  0.12306220019312111  0.38347360092151311  1.00000000000000000
 -0.00231455871126218  0.00978827712200574  0.02101340229082200  0.03461784129382760
  0.04839190067416563  0.06399851752192388  0.08132188493348820  0.10071640103737436
  0.12202002455411827  0.13520718604411247  0.14750489492540206  0.15888191691835249
  0.16961086369499800  0.17875218596932754  0.18742603877756997  0.19698463166021107
  0.20638425319656648  0.21404349222537847  0.22085557411854440  0.23104998718080283
  0.24975052448247051  0.26388260800641189  0.27494837522096888  0.28657327649809949
  0.29933724040733994  0.31102455980486277  0.31893282402082851  0.32643165757420423
  0.33434794494228431  0.34035961460285324  0.34671613129375395  0.35661499928929413
  0.36586811845682904  0.37599343111676270  0.38838433819812862  0.40507492206063855
  0.42364002957768726  0.43843526980009184  0.44906293356100396  0.45878048536245991
  0.46864110363014050  0.47961876180270735  0.48955876932634823  0.50074817883551914
  0.51405160259058957  0.52418245443710798  0.53270982140654788  0.54099520083424879
  0.54972452660152082  0.55758889796074607  0.56568423467613860  0.57448241473781814
  0.58347466480297960  0.59420967761410071  0.60600920704437800  0.61589043935841081
  0.62608536454969210  0.63494484169479604  0.64348325527341033  0.65080664860532678
  0.65621803125261147  0.66196309883012627  0.66906202809041315  0.67726615720744077
  0.68754419044409032  0.69668752192747885  0.70331578165501896  0.71035302699056024
  0.71765035249220210  0.72425790812705937  0.73129713187672107  0.73738379882176086
  0.74321911225704518  0.75136934635172126  0.76204683097410786  0.77493839256439645
  0.78937195774014801  0.80590126210101387  0.81981588939905148  0.82925660426170666
  0.83851136456913267  0.84626385615347377  0.85419023456488929  0.86156614042121782
  0.86972589355644525  0.87675936827901879  0.88624445807364949  0.89655143356024380
  0.90399425061653815  0.91399373865421374  0.92462395562382693  0.93571472314515680
  0.94943242730048283  0.96324005530022994  0.98149826467421353  1.00000000000000000
 -0.01677196627993685  0.16786141250671702  0.27374182104269562  0.35291203133558458
  0.41770515117731871  0.47249556049091490  0.51909341434325973  0.55785228744939175
  0.59296945677797530  0.62518110317375997  0.65338518690194314  0.67952296010247171
  0.70323844103604771  0.72464054206261508  0.74238520405837893  0.75820035283293830
  0.77235940235444944  0.78485209492179542  0.79718566239720756  0.80906188702629889
  0.81986355490132445  0.82996618836237257  0.83876848156168204  0.84728632630605771
  0.85534746679232865  0.86274046764082934  0.86994112227001574  0.87686521064051370
  0.88386071903961294  0.89012144728417242  0.89617103476142745  0.90247746805869611
  0.90869626624253219  0.91448950143139385  0.91893008397390075  0.92227975586292144
  0.92506782662458698  0.92774225988509640  0.93035627483676286  0.93302034109132426
  0.93564947407741639  0.93806494032402143  0.94033908678797651  0.94250737372774551
  0.94451191963649284  0.94633192908628061  0.94801105228030502  0.94958306361483302
  0.95111519905737174  0.95266613916126530  0.95434422184716627  0.95611068158442991
  0.95791820562189312  0.95941085949262161  0.96076365629749327  0.96205125078695330
  0.96330339519220265  0.96447348780903963  0.96555479898938212  0.96661328759282028
  0.96764619703701882  0.96880583345957816  0.96989878556556786  0.97100808885188794
  0.97207446207585568  0.97303564326109104  0.97400459421998609  0.97495775529911499
  0.97579784219656174  0.97677964507126158  0.97777177411581884  0.97885384771998496
  0.98020656603449774  0.98095090262039819  0.98173611693200113  0.98253064938944767
  0.98327406795417227  0.98403146871785929  0.98476342136338302  0.98546801731631695
  0.98609329489872843  0.98672703345057644  0.98742970183402590  0.98810837322954381
  0.98865173477922885  0.98919564523434078  0.98980153568075169  0.99040678881743582
  0.99100794998965813  0.99165588467393717  0.99238607139722157  0.99327247900097093
  0.99429167224387360  0.99548906718530339  0.99730777648297975  1.00000000000000000
 -0.01628771436272997  0.08893260209607559  0.13703048473310117  0.16726962918249397
  0.18791590226627061  0.20351858805359110  0.21655340795615824  0.22611142114196461
  0.23532658748846083  0.24492633819775592  0.25657701232326335  0.27150013257746491
  0.28466530548669122  0.29653367432733885  0.30737045858647066  0.31711752520368347
  0.32441968589822961  0.33101843045685320  0.33742942486765931  0.34347922895830107
  0.34951078666821989  0.35556404245959949  0.36071984340936786  0.36665263443735702
  0.37259951018881976  0.37791444763240051  0.38292117127261566  0.38846146235176432
  0.39473760911898931  0.40109514538248298  0.40642196224357263  0.41117990470305388
  0.41629301404609187  0.42279434774832725  0.42889241168975412  0.43505147216708256
  0.44128489545875638  0.44848651996946431  0.45641436480039604  0.46354268206234372
  0.47003160547136741  0.47629429027305353  0.48241472507261868  0.48862551661840098
  0.49515617897488606  0.50169703684391831  0.50764935891934448  0.51362089729327065
  0.51958088426486093  0.52698208629572363  0.53462299933902602  0.54142689835423530
  0.54786440848038931  0.55469210513901868  0.56183434075162553  0.56745546413145465
  0.57371944011275466  0.57963770151498972  0.58519547154095919  0.59069537763900481
  0.59628938811067633  0.60059788588713714  0.60485737424885855  0.60904113646124258
  0.61351514363274251  0.61872382953258676  0.62437269069852741  0.63258997437022790
  0.64280965155154912  0.65232323590012309  0.65871629002218823  0.66484509922247570
  0.67083014973552524  0.67708070275311827  0.68379056600618759  0.69125414472509761
  0.69849995662288999  0.70544398973177147  0.71158753082763249  0.71707452051171383
  0.72477061956292044  0.73193163496254798  0.74032020634344908  0.75027078251916202
  0.75746733590753479  0.76358503681538481  0.76973398090853096  0.78054514561425725
  0.79331538152559722  0.80272278283984633  0.81128741441430496  0.82080242222171595
  0.83439104872273395  0.85265397593839831  0.89215464217813234  1.00000000000000000
   1.3183601853411504E-012  -1.0000000000000000     
 F F F F F F F F F T T T T T T T T T T T T T T T T T T T T T T T T T T T F F F F F F F F F T T T T T T T T T T T T T T T T T T T T T T T T T T T
  <DiscreteSampler_grid>
  grouped_processes
  1 # 1 for a reference and 2 for a running grid.
  10 # Attribute 'min_bin_probing_points' of the grid.
  1 # Attribute 'grid_mode' of the grid. 1=='default',2=='initialization'
  0.0000000000000000 # Attribute 'small_contrib_threshold' of the grid.
  0.5000000000000000 # Attribute 'damping_power' of the grid.
 # binID   n_entries weight   weight_sqr   abs_weight
    10   10   8.566873995681620E-002   2.232983006560530E-002   8.566873995681620E-002
    11   10   8.566873995681622E-002   2.232983006560530E-002   8.566873995681622E-002
    16   10   8.566873995681619E-002   2.232983006560529E-002   8.566873995681619E-002
    17   10   8.566873995681620E-002   2.232983006560529E-002   8.566873995681620E-002
  </DiscreteSampler_grid>
