 -0.00007654856557115  0.00061745236054461  0.00128786387477455  0.00224053317961881
  0.00343758716699559  0.00485861297123626  0.00660425235315828  0.00861298296434956
  0.01081477412547084  0.01329220960083776  0.01592033452831518  0.01877889199504496
  0.02185751620956361  0.02515560055400979  0.02863081352521811  0.03220301576654185
  0.03580711241566072  0.03963921508846265  0.04379083990970153  0.04852108523206659
  0.05313059500100100  0.05781026667512952  0.06263921958888835  0.06769537744500691
  0.07288705446382604  0.07816664430080229  0.08382546932251141  0.08971596278008132
  0.09567268001845859  0.10197748446805475  0.10861793366427927  0.11550605535691832
  0.12249096500272900  0.12965564375825961  0.13710861064580768  0.14487094517335608
  0.15293769987090322  0.16127705197301878  0.16971775524431715  0.17811264809544913
  0.18607754648199964  0.19439825816471562  0.20317192592594296  0.21246509906918118
  0.22207930144503715  0.23216653849551119  0.24340290639976322  0.25487248497191922
  0.26648791712755276  0.27904185678508969  0.29208901585942193  0.30532485852714825
  0.31896063725888529  0.33362624003112457  0.34956688948960074  0.36691646826339880
  0.38575857210720293  0.40528711459139943  0.42499232021912942  0.44543149341791216
  0.46704249315336771  0.49072653492601792  0.51734035847360194  0.54526636332544298
  0.57248656857906088  0.59792266002154293  0.62194214454054897  0.64473160025598319
  0.66587351653177507  0.68568349477091450  0.70429818637249009  0.72146918337125709
  0.73696411802915363  0.75272345280540043  0.76787712666290009  0.78211249750302714
  0.79588484312205521  0.80950562611996635  0.82303360671288084  0.83644748219666532
  0.84856772196277896  0.86002833002616197  0.87119916713119305  0.88205810570731313
  0.89245186724592918  0.90283197381419611  0.91314053568017317  0.92334808343558794
  0.93345671204543113  0.94334492950165982  0.95305819786469825  0.96261320412640639
  0.97200789434553614  0.98135085005800859  0.99067742322792651  1.00000000000000000
 -0.00292927365492033  0.01105870821833438  0.02198792939577654  0.03283082790965104
  0.04315587759825640  0.05360218580169118  0.06361744282278767  0.07305147676287421
  0.08261712134210604  0.09251861068242173  0.10249402080924475  0.11191262770599676
  0.12114956918100470  0.13124751020835093  0.14211161901994482  0.15235118520359858
  0.16216238787681475  0.17227059114170146  0.18264215604671741  0.19306044119985186
  0.20293483307383586  0.21356327180383544  0.22472573984459371  0.23803657383475238
  0.25067957746798886  0.26096107154532427  0.27115275147343643  0.28122534798790372
  0.29080931137030380  0.30017895711601550  0.30934689920296410  0.31989990749155367
  0.33142336642616704  0.34259427292845246  0.35336617760139555  0.36343429597163185
  0.37314885214514143  0.38343844357584667  0.39385654090868927  0.40464167975972570
  0.41545192225669753  0.42645202223327466  0.43811645787121678  0.45006817998401133
  0.46216720197342387  0.47456635795522206  0.48534581824235895  0.49621902313366589
  0.50714241764339574  0.51830960829956085  0.52954501216387295  0.54071850224726414
  0.55213232865324480  0.56350723256922219  0.57489798846000717  0.58629223584501133
  0.59737415351714274  0.60831442995151674  0.61933306378700037  0.63004572778321388
  0.64057363998386674  0.65140659041047744  0.66239134688775347  0.67295519187934849
  0.68322139793110637  0.69345875360628628  0.70403156807915523  0.71442906019126973
  0.72429932165524069  0.73394547077950467  0.74317680388657714  0.75282487293850220
  0.76307194183998805  0.77358462240790704  0.78443425359434826  0.79480327120751992
  0.80434866122196469  0.81394135346333973  0.82379533580247899  0.83414726758984747
  0.84407923021195153  0.85344900730456386  0.86302400631226472  0.87315576538892081
  0.88363068133285616  0.89406371442104426  0.90457687106196394  0.91488521065900230
  0.92500304444022874  0.93501061916423611  0.94585493653096386  0.95694321056350085
  0.96684011526141045  0.97710937112044882  0.98813454932616895  1.00000000000000000
 -0.00359476104875728  0.01824375975136851  0.03458071619420969  0.04837553187437246
  0.06150080379105634  0.07326090612546070  0.08489283857638300  0.09612168404257561
  0.10704882130581797  0.11748512926237190  0.12808045923499387  0.13785896509106990
  0.14732265322887830  0.15632180681642996  0.16566744561622929  0.17523469154312674
  0.18479497094459843  0.19461037020032770  0.20459823532413915  0.21460896944853028
  0.22445775760530054  0.23429862802870208  0.24414526896839786  0.25386270629212987
  0.26362071680765925  0.27364119309478563  0.28394077164065840  0.29448277157076147
  0.30538247430387316  0.31692831728839221  0.32877792615289791  0.34071501743993093
  0.35265963501066300  0.36445371607555049  0.37616620462972045  0.38798416088371868
  0.39916519515163745  0.41032198168995049  0.42112822931488669  0.43218099239084740
  0.44287556637583964  0.45353687204439158  0.46434754645028870  0.47556065212859405
  0.48660080223004026  0.49666086713005064  0.50675428344554929  0.51712227265500477
  0.52767675208521614  0.53838108429792497  0.54952324108503126  0.56071723794441586
  0.57107197440350754  0.58091808230572406  0.59126524190087304  0.60202822944735845
  0.61278863923828097  0.62312963941676780  0.63297098978579336  0.64307059586966353
  0.65325929252401049  0.66346857486585120  0.67303690002289607  0.68227741299471045
  0.69161387334564672  0.70116337251578253  0.71085872706437103  0.72088984911271892
  0.73069600925668399  0.74013259851075175  0.74950976361930888  0.75866396977263661
  0.76771491625292088  0.77675903878058217  0.78553600876653951  0.79481891834435880
  0.80571332511441074  0.81672610714813532  0.82778027681297750  0.83809562499121815
  0.84769477338822885  0.85668660479618730  0.86506915604878187  0.87331868920779221
  0.88190659759663070  0.89090088800071410  0.90027301603377974  0.90994239786891518
  0.91981118579462950  0.92979511532389991  0.93964251073169447  0.94929189257764157
  0.95928818975601760  0.96956237418944025  0.98211503883499607  1.00000000000000000
 -0.02122499146973243  0.14014185425057840  0.19345062946381247  0.22917942094536137
  0.25704917173967912  0.28162107910116263  0.30408023812364071  0.32422176662982782
  0.34228901014846114  0.35855516839018753  0.37353896301141870  0.38720601220556627
  0.39966508452902433  0.41137167729857954  0.42253162068213029  0.43306510886958138
  0.44289541206256761  0.45264434691718969  0.46213465205502974  0.47137313766797179
  0.48016582925294810  0.48833949202012089  0.49633659427446575  0.50417188715892014
  0.51178586697565687  0.51940365916180076  0.52691927944262140  0.53410959293551252
  0.54106639375190091  0.54792848110520032  0.55478454388322440  0.56169482692307449
  0.56855218847306310  0.57545675032886090  0.58243856582374998  0.58900768220932676
  0.59528786470643413  0.60135726718307903  0.60733958567064306  0.61335671215510923
  0.61942599260207498  0.62544588485661501  0.63129734834564377  0.63694141899171952
  0.64241909657524343  0.64773329199778573  0.65291643857843673  0.65829245436030093
  0.66374478689519023  0.66906234732851666  0.67408348381766015  0.67888185609855156
  0.68355154289743791  0.68814162694799863  0.69279074710695354  0.69763867055575046
  0.70243717231439406  0.70729739103730038  0.71220075078069167  0.71704976754450978
  0.72189173537424844  0.72665210455562723  0.73158281753398191  0.73688493251182297
  0.74205326306978792  0.74735435731316568  0.75257727557733212  0.75747923298765696
  0.76236710585306178  0.76714738412452133  0.77190839260178812  0.77671842658257528
  0.78161803632576399  0.78672524187894854  0.79202394044417601  0.79736505554232340
  0.80266480008392482  0.80779395932757403  0.81289129627867873  0.81813297922589978
  0.82347524537856442  0.82888213216350282  0.83443646039736630  0.84029126977490420
  0.84660478131333894  0.85297453909041898  0.85943233591348500  0.86597345212981269
  0.87280612816279213  0.88069881681062734  0.88915117951783496  0.89870977770977900
  0.91009072784971501  0.92478382472798915  0.94686600002483379  1.00000000000000000
   8.9413551277448316E-016  -1.0000000000000000     
 F F F F F F F F F T F F F T F F F T T F F F T F F F T T T T T T T T T T F F F F F F F F F T F F F T F F F T T F F F T F F F T T T T T T T T T T
  <DiscreteSampler_grid>
  grouped_processes
  1 # 1 for a reference and 2 for a running grid.
  10 # Attribute 'min_bin_probing_points' of the grid.
  1 # Attribute 'grid_mode' of the grid. 1=='default',2=='initialization'
  0.0000000000000000 # Attribute 'small_contrib_threshold' of the grid.
  0.5000000000000000 # Attribute 'damping_power' of the grid.
 # binID   n_entries weight   weight_sqr   abs_weight
    10   10   1.966687714822333E-004   4.305353875395557E-008   1.966687714822333E-004
    11   10   1.966687714822333E-004   4.305353875395557E-008   1.966687714822333E-004
  </DiscreteSampler_grid>
