 -0.00002519770830257  0.00023718647508848  0.00041947067835402  0.00059899414716792
  0.00078137817773802  0.00096004442580153  0.00112234522100370  0.00129089690269302
  0.00146228414066158  0.00161930000245902  0.00177147263235148  0.00191030177576793
  0.00204391196136701  0.00218981337478799  0.00232958091764927  0.00246302939825881
  0.00260129330895137  0.00273924165370923  0.00287490384522465  0.00301450119346084
  0.00316572674354072  0.00333539829526643  0.00349530561889665  0.00364224098728704
  0.00379242431832689  0.00394764910037899  0.00407269433184955  0.00420473172215867
  0.00433801250581399  0.00446554128146081  0.00458397951435378  0.00473997905098879
  0.00487371755781556  0.00500307979461225  0.00515099497442406  0.00533669774969135
  0.00552166248328301  0.00568676578694494  0.00584564260267031  0.00600145871483368
  0.00616198192854811  0.00633610399602914  0.00651563009728903  0.00671318450946569
  0.00691940163439238  0.00712242613867455  0.00732982377295631  0.00754389007546480
  0.00779060727668596  0.00807056863133925  0.00838262400553254  0.00870644660092584
  0.00898252714644199  0.00924617691271381  0.00951465798160215  0.00981825956180346
  0.01012855364140406  0.01044278812550958  0.01075947400257920  0.01102354339608450
  0.01125794819307140  0.01150031508227645  0.01172579897424484  0.01191888500626024
  0.01208888384739391  0.01228263848431189  0.01247871994287877  0.01266767428450107
  0.01287091044209187  0.01308683107031254  0.01331475227394306  0.01353030932645725
  0.01375352953614070  0.01402932764734306  0.01438210593191837  0.01471070902670681
  0.01503620455104793  0.01530523827189128  0.01555240150240271  0.01582272579709896
  0.01611291184669070  0.01651142670967446  0.01696979281782879  0.01745920931168641
  0.01796357436318433  0.01836185379101237  0.01901739525452445  0.02109955474418673
  0.02670251453678961  0.02935297327740865  0.03077472145533182  0.03193987917953831
  0.03303831979412215  0.03454041647385854  0.07915873868331186  1.00000000000000000
 -0.00428007885250488  0.01252332968861161  0.02501468218924839  0.03568717878652500
  0.04631153015579994  0.05630158100074335  0.06795270779244791  0.07893344940400943
  0.08941680368586476  0.09974184844575995  0.11199945414565378  0.12474960740036857
  0.13746758509558757  0.14859943923238203  0.15946526873996855  0.16875946326432448
  0.17807733242219922  0.18751870631553594  0.19746326107552720  0.20794048692253889
  0.21846943406349204  0.22968369630483532  0.24092940846843827  0.25139403889933010
  0.25971804204266385  0.26883444687159080  0.27952685652661263  0.29024328247282227
  0.29954269224468461  0.30980404964749453  0.32395112115833763  0.34032806132956800
  0.35633293958538909  0.37167518480056883  0.38611213106496434  0.39793571397293004
  0.40708110494403665  0.41607453103386177  0.42503876496405329  0.43337366644300945
  0.44233922313388774  0.45152337443494478  0.46236334704070881  0.47612697992476061
  0.48575608727895048  0.49463699073397643  0.50268702900749862  0.51044926520989808
  0.51778931514156334  0.52435306956886440  0.53106537760652783  0.53857028627010461
  0.54660546869822768  0.55402069600050141  0.56237145986451653  0.57363004654121064
  0.58858662444790033  0.60636026529255094  0.62233714463418777  0.63531500630706994
  0.64710830367126304  0.66030144332221019  0.67309043644162836  0.68436919574284583
  0.69413246343437507  0.70413088990330686  0.71559980880966789  0.72749635263616519
  0.73918789446327293  0.75064446476428892  0.76317044602062489  0.77697390986464687
  0.78962707904532303  0.79885667511290748  0.80676095930790104  0.81514127792219471
  0.82245862449943996  0.82950350006546314  0.83660986780937385  0.84403950720322729
  0.85153282190926627  0.86074393644906755  0.87004327976837426  0.87878080909903866
  0.88764593292754224  0.89688349668561351  0.90654223672898704  0.91618043167538388
  0.92593386858270221  0.93560554823793363  0.94525214105336941  0.95456228237594554
  0.96396934014718627  0.97424995350612120  0.98617125059471045  1.00000000000000000
 -0.01060862339230303  0.09006838604043796  0.16023725167203579  0.21359445192395154
  0.25869116571988721  0.30109440636944251  0.34029017680545603  0.37487632107018015
  0.40604603197627209  0.43401639248410490  0.46047157181175463  0.48833990951039363
  0.51379656220350389  0.53690489404455066  0.55952973187546662  0.58089592067954032
  0.59963680514126927  0.61644166441222714  0.63151622103372829  0.64414453352440315
  0.65673423340983328  0.66941101104961964  0.68326365980239279  0.69687057459864399
  0.71004454721073151  0.72282192588335215  0.73382290949533291  0.74231615935405648
  0.75024283764948152  0.75710046098585604  0.76372258798366910  0.77030264401143766
  0.77684578733368925  0.78361367296931195  0.79005139651760470  0.79641256793183746
  0.80230950930614997  0.80783591799096943  0.81340513199507469  0.81892588962528134
  0.82433407651041579  0.82951704113327818  0.83435272245495962  0.83884722972474945
  0.84309794683884198  0.84729283106637121  0.85155643842802409  0.85597863265640195
  0.86039747595342297  0.86453074474889402  0.86870748831182054  0.87250776545492981
  0.87607354468900533  0.87945434260196598  0.88258823818322518  0.88549944935595948
  0.88837038898867149  0.89134396484956391  0.89433028898689104  0.89723053436761491
  0.90013547263165139  0.90310858277360651  0.90653121683630178  0.90961584200364998
  0.91254521532409127  0.91542688103405434  0.91806646536447190  0.92078268068003577
  0.92341608924500440  0.92596461115711348  0.92845461491293702  0.93088550909029488
  0.93376333063827621  0.93675073969559830  0.93934936974554017  0.94189778244547850
  0.94411519554706824  0.94605034906059782  0.94785733709794684  0.94973074503925881
  0.95143756162819393  0.95292629210136537  0.95440275861415025  0.95598956776109389
  0.95788479449503483  0.95971279473508198  0.96156803360682030  0.96369628524495743
  0.96605144130148735  0.96865632257970169  0.97171304042897910  0.97583855428627697
  0.98145796631647686  0.98748159809201497  0.99308386315579844  1.00000000000000000
 -0.02017974392507271  0.12768889982444637  0.17150947318361784  0.20198389659501761
  0.22535029743925908  0.24574064389821121  0.26528857250058313  0.28397701747816839
  0.30510682319349963  0.32391748373472767  0.34335433741736493  0.35861436245758077
  0.37176827508699017  0.38351178117021539  0.39492619037032367  0.40660534766300238
  0.41597145751501174  0.42251030114070465  0.42859127432448868  0.43535942648446335
  0.44169734421514073  0.44779749068349362  0.45353776570624516  0.45945119722156619
  0.46561257485136387  0.47274635270473842  0.48004805617889140  0.48766054835732370
  0.49445051831241543  0.50103582484096154  0.50788171304844509  0.51427772051556475
  0.51962884455027003  0.52452861830245534  0.52978509753984315  0.53516685504641825
  0.54119191264064881  0.54751092798937906  0.55347814205045109  0.55981228182123821
  0.56571187524287381  0.57085002401437035  0.57573273664596281  0.58078682160514039
  0.58668495322039704  0.59273085696031580  0.59814883005549124  0.60307182822232952
  0.60823452375696763  0.61410674238587848  0.61972755806511515  0.62508294331777670
  0.63037996943587027  0.63608971502510958  0.64210903118312079  0.64803400346691509
  0.65368874145601952  0.65908381411421368  0.66448923012053773  0.66990138546342282
  0.67469781343143842  0.67987958950076632  0.68427920669421149  0.68889969132061912
  0.69375278122441253  0.69836182873696606  0.70341781630083511  0.70870067866391173
  0.71432590958083586  0.72050572493509346  0.72645182220224858  0.73281935812925914
  0.73890974307291546  0.74467208320630252  0.75047247038929388  0.75681331794091533
  0.76270021020100809  0.76911206391155762  0.77556385525069971  0.78130893452473682
  0.78696317754545630  0.79261220567044133  0.79847942299179764  0.80529118258894783
  0.81228832581765342  0.81940878228198089  0.82705022787472782  0.83473538085747312
  0.84278250291001966  0.85116654716456386  0.86178407963875892  0.87500195140605119
  0.88875823497063744  0.90466640124290743  0.93054246286332343  1.00000000000000000
   1.4421367069123068E-028  -1.0000000000000000     
 F F F F F F F F F F F F F T F F F F T T T T T T T T T T T T T T T T T T F F F F F F F F F F F F F T F F F F T T T T T T T T T T T T T T T T T T
  <DiscreteSampler_grid>
  grouped_processes
  1 # 1 for a reference and 2 for a running grid.
  10 # Attribute 'min_bin_probing_points' of the grid.
  1 # Attribute 'grid_mode' of the grid. 1=='default',2=='initialization'
  0.0000000000000000 # Attribute 'small_contrib_threshold' of the grid.
  0.5000000000000000 # Attribute 'damping_power' of the grid.
 # binID   n_entries weight   weight_sqr   abs_weight
    10   10   1.915841349789041E-016   3.046990351494969E-031   1.915841349789041E-016
    11   10   1.915841349789041E-016   3.046990351494969E-031   1.915841349789041E-016
    16   10   1.915841372608754E-016   3.046990430313935E-031   1.915841372608754E-016
    17   10   1.915841372608754E-016   3.046990430313935E-031   1.915841372608754E-016
  </DiscreteSampler_grid>
