 -0.00003993731624620  0.00087655650114128  0.00159200146392096  0.00220926003201667
  0.00278603967881832  0.00329895457858176  0.00380265808661260  0.00431520101210941
  0.00480400024151084  0.00528433136237422  0.00574388690665080  0.00621780128254019
  0.00672633268595357  0.00724467157962223  0.00775733031960085  0.00829576918918364
  0.00878462462186529  0.00919914998908609  0.00962445449764707  0.01007596059539484
  0.01055899611765975  0.01102465688953931  0.01146793584614448  0.01189702772934107
  0.01234594350912978  0.01283147264610437  0.01331487506314395  0.01377146577056418
  0.01421268062964682  0.01468073564514887  0.01516367805230173  0.01562033770044711
  0.01605736590328652  0.01648583579603768  0.01691509136867422  0.01734451450942521
  0.01782392301101450  0.01837598646165976  0.01896307071855787  0.01954628620950678
  0.02018732900442067  0.02083714184436496  0.02144141932987146  0.02202356094941918
  0.02269633807079883  0.02336102557392321  0.02399003369942009  0.02463596329330637
  0.02530859419511881  0.02596452784413284  0.02665017099693598  0.02754026026935829
  0.02863324356792674  0.02964246228603745  0.03054922127170898  0.03144478211248872
  0.03240185155192268  0.03340400368157690  0.03450370453724742  0.03568032171408766
  0.03683515039020351  0.03807785350565564  0.03932621391302437  0.04045244813752864
  0.04149763643857846  0.04257900466084031  0.04408859863726745  0.04677776747549543
  0.05010592050163453  0.05342033105676406  0.05620357822041809  0.05824817638135703
  0.05943964043289968  0.06038344637781935  0.06206394020239914  0.06402813295483201
  0.06578671638008354  0.06752708397386042  0.06949782580467802  0.07164375532793642
  0.07421500607635183  0.07705503321157846  0.07959860953405376  0.08179826724999338
  0.08412915547384164  0.08635159435774076  0.08838743711682316  0.09061361139194442
  0.09307987817028804  0.09589062397900294  0.10319193813355883  0.12641022963324655
  0.18468303104486861  0.28159626529695392  0.46008699130509539  1.00000000000000000
 -0.00176424393073957  0.00706070762653569  0.01505282128776262  0.02344011968598180
  0.03260284917757093  0.04172045020717451  0.05126161490036359  0.06068643988645487
  0.07080428533690118  0.08215708053427345  0.09345572323386984  0.10468075793061432
  0.11565668515442043  0.12568676808060880  0.13626442033474029  0.14663820803292119
  0.15524406227876003  0.16558142943793969  0.17445145896225875  0.18583763149690732
  0.19762387864554939  0.20806477069010437  0.21698799666130097  0.22603854182662636
  0.23539377372052936  0.24391667316042887  0.25223193409577049  0.26144330095515550
  0.26983696260753531  0.27796354755472696  0.28551762320381291  0.29363085978758030
  0.30363852112349221  0.31608379390127550  0.33036073584336723  0.34321320148335077
  0.35386371062200783  0.36472742681135600  0.37575050637666263  0.38559202323253960
  0.39594864189473716  0.40718152095596954  0.41756413962345096  0.42715982478176368
  0.43635625459666894  0.44556589056667600  0.45456785860787291  0.46477030410876846
  0.47632775548167378  0.48861844157019296  0.50163422107099542  0.51352260760050050
  0.52566030100626560  0.53781185319653002  0.54824809011211761  0.55844980452269022
  0.56872722778765283  0.57953316581125325  0.59028814674002605  0.60136903535213015
  0.61319571556378361  0.62484871315763912  0.63679206362179230  0.64819395274522063
  0.65915692312132668  0.67036590160391807  0.68102906796926943  0.69124385151823864
  0.70209155210510843  0.71539144473792948  0.72951878721966601  0.74265371365442956
  0.75531102789755711  0.76830772922039170  0.78178926773753821  0.79523155998330475
  0.80787320185435807  0.82023238870783854  0.83253639690882786  0.84389697520337592
  0.85476442823938381  0.86556275220125656  0.87652794982484616  0.88810050803484097
  0.89997945537612478  0.91137755371107598  0.92186888545657120  0.93194328460738385
  0.94210747566293673  0.95201066948073587  0.96208672314918253  0.97116644371598571
  0.97991630101449390  0.98712965594690139  0.99391268084809437  1.00000000000000000
 -0.01230144728804046  0.13410320884286109  0.20557679432399245  0.25695451060690494
  0.30386095259233425  0.34257163662678680  0.37197197763601175  0.39739417206694827
  0.42241781319751331  0.44522670377093604  0.46648927103216575  0.48507151293937628
  0.50250143597681773  0.52050220657609858  0.53689037770725656  0.55190268737151615
  0.56604632293783441  0.57993670592268964  0.59469640646520328  0.60945191678042310
  0.62306566191569446  0.63533008061058338  0.64639086648386668  0.65643363939209010
  0.66557928463209592  0.67453400289201115  0.68380948326888080  0.69336402475958370
  0.70314088670028241  0.71179623134753844  0.72048325088181997  0.72883731209669567
  0.73459237415524503  0.74067861196172458  0.74669047023683999  0.75215908008069565
  0.75739666756992607  0.76242969906196001  0.76750307258370076  0.77217127675456221
  0.77688291388793795  0.78148988371211003  0.78618749319819503  0.79106012252500102
  0.79605067740532875  0.80153795110529547  0.80693914843247816  0.81201387389965962
  0.81697201899141259  0.82174151740147350  0.82646779388438019  0.83099564380331925
  0.83505725849676993  0.83866446324106458  0.84230197239293847  0.84609376838326067
  0.84989845457120561  0.85382287831806192  0.85773203491597549  0.86148737208565551
  0.86517295752748846  0.86875299385998672  0.87224517450097816  0.87565151139553987
  0.87898305637504326  0.88238438768731686  0.88564119893112903  0.88904355899328069
  0.89249463341294999  0.89590198045234892  0.89977718608342538  0.90415507188983890
  0.90823840503922160  0.91195637606035185  0.91515729621474107  0.91816012600662766
  0.92111686464009446  0.92413173389432790  0.92722583378421175  0.93029725045932865
  0.93320062996281961  0.93603676492803523  0.93897197723587589  0.94202791578075940
  0.94504181008222077  0.94810653755416086  0.95133549907667980  0.95471706620168684
  0.95817764758567747  0.96159432346701301  0.96512137499561623  0.96919825277643512
  0.97382200577877032  0.97910996932050531  0.98645939822680184  1.00000000000000000
 -0.01965121764582503  0.13348665836557516  0.18095970588345456  0.21132219818101386
  0.23378817124660473  0.25514117695372390  0.27514464768449803  0.29043342353158119
  0.30297578935265135  0.31447547202686849  0.32532467474165339  0.33564416148768939
  0.34657282292375496  0.35675511692073014  0.36690171384857034  0.37625091454903009
  0.38512119029818281  0.39410792271664463  0.40332526447747713  0.41217377590695548
  0.42043735720197273  0.42775482420990008  0.43469123736757498  0.44162254953964708
  0.44868436823157470  0.45609085521376153  0.46390132883356783  0.47134054204131781
  0.47793730365264242  0.48372378167270064  0.48922246414771092  0.49489734824687442
  0.49987570525033098  0.50418275575627214  0.50845311876860599  0.51273590582491824
  0.51655164031272105  0.52031480997400525  0.52420620737093659  0.52836658990673691
  0.53299499196001532  0.53766577806543803  0.54247517415094759  0.54731330347484719
  0.55203668973437581  0.55677799877543377  0.56165629107325354  0.56674049272898708
  0.57218581989859363  0.57771195564387678  0.58346086358646609  0.58821964325124110
  0.59313153964716170  0.59820590499283777  0.60351547451442877  0.60887159962002968
  0.61412145846924659  0.61933918490655204  0.62449428631016324  0.62971205957383003
  0.63499626534262221  0.64013168157401690  0.64508186210454088  0.64978286321427692
  0.65370769823349573  0.65765344329069064  0.66151658019037929  0.66563797766556398
  0.67084067526628066  0.67632056748775338  0.68178992942089789  0.68691955090214485
  0.69227510923737812  0.69795802351205083  0.70355459356557770  0.70968653263683124
  0.71658346130865824  0.72385419294251574  0.73100441061898436  0.73800797754064873
  0.74533181327512366  0.75289381458161464  0.76052796398174982  0.76846870365098530
  0.77649280181850500  0.78445908515042828  0.79286258836509282  0.80115677465465807
  0.81027407282338593  0.82036082121407328  0.83219570683176669  0.84547156834648818
  0.86156524045552962  0.88289487512711684  0.91652630086859688  1.00000000000000000
   4.6135124125279661E-042  -1.0000000000000000     
 F F F F F F F F F F F F F F F F F F T T F T T T F T T T T T T T T T T T F F F F F F F F F F F F F F F F F F T T T T T T T T T T T T T T T T T T
  <DiscreteSampler_grid>
  grouped_processes
  1 # 1 for a reference and 2 for a running grid.
  10 # Attribute 'min_bin_probing_points' of the grid.
  1 # Attribute 'grid_mode' of the grid. 1=='default',2=='initialization'
  0.0000000000000000 # Attribute 'small_contrib_threshold' of the grid.
  0.5000000000000000 # Attribute 'damping_power' of the grid.
 # binID   n_entries weight   weight_sqr   abs_weight
    10   10   1.123613210674656E-029   6.703430328437821E-058   1.123613210674656E-029
    11   10   1.123613210674656E-029   6.703430328437821E-058   1.123613210674656E-029
  </DiscreteSampler_grid>
