 -0.00003448201979295  0.00042261923798351  0.00076221374625739  0.00108819632921835
  0.00141424861752772  0.00173596310105834  0.00203960895783896  0.00233083003566880
  0.00261978314414126  0.00291313508201604  0.00320708128641358  0.00349826140545635
  0.00380103361861401  0.00411291772177223  0.00445197231647019  0.00482823038735304
  0.00521185633629871  0.00552816162990966  0.00582211725859643  0.00610547281338589
  0.00638230407180836  0.00664887556765830  0.00691838907391264  0.00721995984753399
  0.00753516736393462  0.00785590298456558  0.00818646610231919  0.00851077759192351
  0.00882988721849158  0.00916070784277842  0.00949868804638298  0.00984007798943693
  0.01019126010906001  0.01054180533137023  0.01089819239752505  0.01127459124649141
  0.01166238881012818  0.01206754633355174  0.01243343852907197  0.01276404419871720
  0.01312192291737551  0.01354599323249403  0.01396067372484950  0.01441945038674137
  0.01494397143299888  0.01537747257354518  0.01587120407902553  0.01647260873409429
  0.01731470638083273  0.01801803476685048  0.01858262856832603  0.01915816753414994
  0.01980773032915869  0.02054916152273021  0.02129048336321697  0.02198849330405872
  0.02269262922021995  0.02344477573010261  0.02420449356841914  0.02496537420675153
  0.02557302311060795  0.02616382359555923  0.02677863891843673  0.02743303149536653
  0.02819108518480430  0.02914271887026079  0.03017613632783278  0.03118450469355207
  0.03213312717952830  0.03315699220890768  0.03414704181708839  0.03510395198705132
  0.03630657274222154  0.03771053679569884  0.03993743666358914  0.04267052845367177
  0.04535737269264723  0.04661170921604840  0.04766023315097857  0.04876041580861477
  0.05061553560809137  0.05220803819004627  0.05313117818808467  0.05497378631557389
  0.05815558749919211  0.05897541689879025  0.06013570011688102  0.06351036815838415
  0.06773041972832480  0.07258805258913174  0.07618882451815491  0.07983691432471195
  0.08377672472532130  0.08838675572783711  0.09423304511742436  1.00000000000000000
 -0.00277230535839715  0.01079444100083330  0.02187865907973973  0.03312892960719643
  0.04376032322254178  0.05072108716756653  0.05703930075405270  0.06290302506709776
  0.06971672066959805  0.07851855845564135  0.08758186224929920  0.09569323159250936
  0.10336539041570164  0.11395233044590279  0.12757180254714809  0.14051661970506193
  0.15121380174684165  0.16102824828168691  0.16998720286330579  0.17916402502685153
  0.18864547996977254  0.20010677953434777  0.21218787761614719  0.22352766773764907
  0.23440869231431755  0.24560038486458377  0.25756063884014174  0.27202217738518342
  0.28510753494447089  0.29900028329929496  0.31208060351822259  0.32553894259432409
  0.33854732046777297  0.35253434314104226  0.36660422513619062  0.38027237536650565
  0.39326749696995544  0.40593083975176547  0.41873322323330986  0.43139985455993124
  0.44248023285050025  0.45209864228887131  0.46140680877418394  0.47068138111166880
  0.48011082949222456  0.48999740588758167  0.50078965767511463  0.51328541296675556
  0.52558528249334846  0.53680186832667987  0.54756770526116549  0.55833074432750374
  0.56964581433981232  0.58032047889285243  0.58997274380389142  0.59883199734626247
  0.60780456070944766  0.61686577685278654  0.62691528464872048  0.63734119053164695
  0.64753149943922006  0.65872682117342218  0.67064828793888653  0.68242649067779237
  0.69219991458555186  0.70228777047087121  0.71062143246318854  0.71661740327117895
  0.72229813344925009  0.72865313294327883  0.73687832709338985  0.74648617737552958
  0.75600392765376567  0.76632918107866088  0.77911326098993305  0.79184896770980950
  0.80287260358544565  0.81320913440084952  0.82351309792497340  0.83461867461320127
  0.84724894823084840  0.85777321487839353  0.86717808841084443  0.87642746528389415
  0.88598439297053311  0.89622611113166217  0.90766415959387636  0.91803313013709098
  0.92720457734960138  0.93580169621480347  0.94401301757919709  0.95278743343469130
  0.96174437043961059  0.97364222496023756  0.98629220773245585  1.00000000000000000
 -0.00226723192247439  0.05100182451215084  0.09018339555374931  0.12261697420253019
  0.15245670757412369  0.17984238655559748  0.20532090012016416  0.22840526766174585
  0.24823635369085068  0.26708195191756107  0.28488601440804934  0.30084752687866601
  0.31616264832931484  0.33107286670572367  0.34700459493345098  0.36259874047579332
  0.37661421881758012  0.38928475222970665  0.40129016092620612  0.41261046899155585
  0.42494794476738051  0.43696236003238814  0.45006295227254084  0.46176632309253507
  0.47340062333880512  0.48494403505017586  0.49665339237119455  0.50965619480423541
  0.52201431855162339  0.53120885547942254  0.53998194692426293  0.54837355034133506
  0.55595124702227416  0.56349148342348887  0.57088680427790750  0.57871400593352040
  0.58742178135040413  0.59791299312205881  0.60733494590447457  0.61453162686756346
  0.62188543021288034  0.62865484127099658  0.63507301881793454  0.64170928181205633
  0.64856442061384645  0.65584311498701553  0.66319986312929657  0.67033665612610605
  0.67722194640879996  0.68373774398657694  0.69002205953277607  0.69622763732885284
  0.70240866742825403  0.70846909346216913  0.71439489614217155  0.72026377823158561
  0.72634217174350990  0.73258991516343031  0.73890444136637434  0.74481024145082275
  0.75111602087508778  0.75772342088428746  0.76392654126494119  0.76981421461712407
  0.77541745601711876  0.78070600146072000  0.78611868818699537  0.79197821192415752
  0.79862402812196664  0.80566665016227323  0.81068401194633510  0.81557115821387638
  0.82058326642832324  0.82591640702274960  0.83149635494334118  0.83829212224307914
  0.84546261592412664  0.85219331173743640  0.85813895985595345  0.86360251113017694
  0.86908512705556318  0.87464259335185279  0.88026752953963594  0.88599159482437517
  0.89232502186821350  0.89866750730954770  0.90337241929392531  0.90867338940455300
  0.91561254467450071  0.92367860088865239  0.93200473742917889  0.93950735841467925
  0.94616200832023900  0.95282256563409362  0.96438580848291955  1.00000000000000000
 -0.01526795035446035  0.10028639855969355  0.13708693578583234  0.16076318499116557
  0.17854164718219864  0.19601760647799210  0.21442762289144379  0.23153830633146055
  0.24275275890999057  0.25115654249195879  0.25894907132466394  0.26623678760827707
  0.27567255976784716  0.28402492209071434  0.29221240283136413  0.30013286023127278
  0.30663534000452325  0.31399330065987041  0.32198404467638608  0.32913213249553613
  0.33572002700983927  0.34260280274243610  0.34941203271161725  0.35575662929357565
  0.36220676045289196  0.36894076806962978  0.37534593172471692  0.38180452916786367
  0.38789966920759067  0.39387747994190869  0.39979920393681573  0.40594939397153190
  0.41164568755084641  0.41675248644807456  0.42169660775339962  0.42632390735129627
  0.43111513284799974  0.43657316804506863  0.44166849960483873  0.44658469080252644
  0.45175938994820308  0.45747510031014144  0.46308487186352854  0.46850503556987544
  0.47371901974624059  0.47867885498510371  0.48347469630297296  0.48826245498525950
  0.49303172211075358  0.49834789634101528  0.50458042081235088  0.51180596496466890
  0.51989678738884693  0.52793056603181587  0.53603605279479538  0.54387203874580459
  0.54982758241524232  0.55590756725301249  0.56178613933371657  0.56738191316664444
  0.57304431857642457  0.57894703215776389  0.58461775198232335  0.59016541497630948
  0.59566248882207085  0.60086334873521863  0.60677280667708555  0.61400523849442135
  0.62165478237917493  0.62878833910219267  0.63553249697467318  0.64208159094001072
  0.64829215149732000  0.65416604029217162  0.66009264961683800  0.66683333590803595
  0.67402919500115832  0.68113222987434452  0.68804889864283680  0.69502444434482546
  0.70216727687772451  0.70924657052121232  0.71713122528911821  0.72539614825198984
  0.73438932790283551  0.74306861935081026  0.75463000442124828  0.76943186616655213
  0.78400146260506265  0.79866407908408510  0.81365175091781250  0.82802851454624160
  0.84544216425929519  0.86795487015049144  0.90659307442627268  1.00000000000000000
   1.5960163624510065E-013  -1.0000000000000000     
 F F F F F F F F F T T T T T T T T T T T T T T T T T T T T T T T T T T T F F F F F F F F F T T T T T T T T T T T T T T T T T T T T T T T T T T T
  <DiscreteSampler_grid>
  grouped_processes
  1 # 1 for a reference and 2 for a running grid.
  10 # Attribute 'min_bin_probing_points' of the grid.
  1 # Attribute 'grid_mode' of the grid. 1=='default',2=='initialization'
  0.0000000000000000 # Attribute 'small_contrib_threshold' of the grid.
  0.5000000000000000 # Attribute 'damping_power' of the grid.
 # binID   n_entries weight   weight_sqr   abs_weight
    10   10   6.795728009491157E+001   3.655995618994157E+004   6.795728009491157E+001
    11   10   6.795728009491157E+001   3.655995618994157E+004   6.795728009491157E+001
  </DiscreteSampler_grid>
