 -0.00006705976257421  0.00061069250133505  0.00102377011765079  0.00137155435884002
  0.00167649884024527  0.00196056677547669  0.00223123474452165  0.00247957187482731
  0.00271228320749922  0.00294473511605928  0.00316633774811942  0.00337742476728673
  0.00360264152676138  0.00383097453420962  0.00406504869799756  0.00428944439389741
  0.00450709176327231  0.00472557902355998  0.00495311464755921  0.00516980853643851
  0.00536926134455251  0.00557474189900225  0.00579797226783676  0.00602438334370055
  0.00623818284431612  0.00644005190255726  0.00663779577926962  0.00684319160100150
  0.00706008283096135  0.00726479065176554  0.00746775973414171  0.00769735229694796
  0.00794520698233218  0.00816271818408862  0.00836629006132446  0.00857729030057487
  0.00884214634486699  0.00914166202044507  0.00940609512200162  0.00969197405977387
  0.01006427077020351  0.01045412243177005  0.01084812697824991  0.01124780524300381
  0.01169225496917279  0.01219642247785779  0.01270930737132179  0.01324747498194426
  0.01375357212602575  0.01435122127344740  0.01498044271321330  0.01557527505254972
  0.01613585642881901  0.01665621808481300  0.01709683689929400  0.01743111777462783
  0.01781219380463702  0.01822689554604128  0.01868929635160739  0.01915710535123662
  0.01964276203458716  0.02002269968038122  0.02052847491583380  0.02119579820744076
  0.02209349473037611  0.02317072605533159  0.02447996258584531  0.02604229211157396
  0.02770424210615108  0.02949726868172082  0.03114238898095848  0.03272925348409549
  0.03445820670013933  0.03602492118166457  0.03727937052310745  0.03862600466963111
  0.04001263057659692  0.04137505459827692  0.04267370142033289  0.04389928475512714
  0.04498988643993086  0.04698273834378409  0.04982023157357714  0.05284529416396920
  0.05595379970048024  0.05950380638054634  0.06261649745104940  0.06476205429560958
  0.06690761114016976  0.07887475538593100  0.09452993972481766  0.11554068731707706
  0.15407685813883543  0.19261302896059376  0.68583145902273057  1.00000000000000000
 -0.00286967771019115  0.00917353702087578  0.02032097799420639  0.03256693983989652
  0.04681589803532504  0.06258616436052043  0.07781223979972775  0.09111935259967756
  0.10346115085008040  0.11459622793506435  0.12703736135877403  0.13865854943239941
  0.15063643286474807  0.16186678814055991  0.17204554850624024  0.18099619179921755
  0.19028447848696523  0.20053395145536992  0.21142457831352482  0.22249726016299332
  0.23425034076059567  0.24704421170043209  0.26021803446672642  0.27283828726955672
  0.28572159804038505  0.29837146244620411  0.30763633490997033  0.31547186875143052
  0.32230528889781823  0.33072036106806851  0.34047728116473608  0.35056601399839427
  0.36108329529093608  0.37294913803650881  0.38482813693248752  0.39545774308910425
  0.40468697790605235  0.41353586751140742  0.42257813487821078  0.43225276213087999
  0.44207410505244443  0.45326794526444658  0.46421976358026412  0.47539567787903542
  0.48632660104778441  0.49799744750441172  0.51136547945215138  0.52333267433412600
  0.53419327066364808  0.54395931908581274  0.55346659704928403  0.56364759179413149
  0.57278082629986649  0.58126281703002269  0.58975018666261381  0.60027480798744959
  0.61191631948476544  0.62292642423876698  0.63375149898620675  0.64521882952853826
  0.65821154451986363  0.66997163635372992  0.67742214111997590  0.68421391355336625
  0.69177105868232325  0.70002096985461348  0.70981860477462688  0.72043568703122940
  0.73271606199292294  0.74567499973569340  0.75672049275779685  0.76604078084179372
  0.77503260915340255  0.78450258757383073  0.79516329170248534  0.80579940395631500
  0.81752732209759071  0.83080238265784090  0.84267016131205008  0.85296203069127929
  0.86300927494146984  0.87292122708631537  0.88409467580539913  0.89749642006506081
  0.90940446764660587  0.92018645441759006  0.92903814373317473  0.93820015846654048
  0.94804484368664521  0.95859803327258986  0.96772361982554034  0.97454119654786919
  0.98113946690074028  0.98771227795115313  0.99388929412031657  1.00000000000000000
 -0.03551189286290709  0.26082499889082417  0.38663150271994623  0.46942477253358367
  0.53258990195064015  0.58444172325021859  0.62561548175607373  0.65756146145012007
  0.68280582126066769  0.70514371240789342  0.72506205387931699  0.74302476810260210
  0.75906252150729203  0.77335307773186057  0.78618169082310163  0.79669706793524442
  0.80643294624952144  0.81560691059401091  0.82390543812258055  0.83152767465181621
  0.83813348003146593  0.84417301727086391  0.85005136398641712  0.85577544799003447
  0.86135597298424960  0.86662894142135949  0.87164717911220180  0.87642391866284297
  0.88103777979401021  0.88533469227469352  0.88944636284600032  0.89341214591264873
  0.89721287333722977  0.90069406479321312  0.90394107240916566  0.90702534313022543
  0.91006962514562539  0.91312671037316184  0.91608150636886654  0.91889278886171122
  0.92156464985782716  0.92403949252864692  0.92636348042623873  0.92863195619303063
  0.93078091124198514  0.93280871217198358  0.93477648326650642  0.93670064922560692
  0.93853875590777214  0.94035136083272353  0.94216456055789677  0.94397985877787527
  0.94577313664809171  0.94749660786252066  0.94911508079579121  0.95064410213273542
  0.95205956312967754  0.95345379584031476  0.95481695618982498  0.95611262735099578
  0.95740522673003736  0.95872443902168769  0.96005952845930798  0.96142493651546213
  0.96281278503147671  0.96419356658269972  0.96554437945753069  0.96700718733983138
  0.96844247826304553  0.96976610553478737  0.97100839619461266  0.97221077602152384
  0.97340493773399916  0.97446948648850762  0.97559276770250514  0.97672509279088204
  0.97775888874047134  0.97885206297300520  0.97999112455135762  0.98115749062685920
  0.98229423660177384  0.98337299702877501  0.98440339712522540  0.98543137828881588
  0.98632423186720197  0.98707614729756810  0.98776302731854115  0.98843910541797808
  0.98923141151055194  0.99003043254043699  0.99085379183296296  0.99172376322655542
  0.99266288747863074  0.99372473965080321  0.99549599086406415  1.00000000000000000
 -0.02922702907619706  0.14305206161283679  0.17840925024612853  0.20122410095464272
  0.21869363278738138  0.23212750424002845  0.24376160299371957  0.25400664485171948
  0.26359035391353913  0.27253531781100782  0.28120422780025556  0.28958618005024850
  0.29795032904257729  0.30645430071791574  0.31511060864495255  0.32365077332482450
  0.33129267307410765  0.33842727974309217  0.34497804262102072  0.35161926926140508
  0.35805527644317797  0.36429106447243981  0.37083391045198183  0.37746631050191437
  0.38416795523805564  0.39125689902579647  0.39835265907173983  0.40546222073645410
  0.41245179047807867  0.41890463692964525  0.42455002835524486  0.42935191844534554
  0.43454553667025886  0.43927773740199860  0.44428371655151011  0.44940589753774907
  0.45462215088598418  0.46006500302090125  0.46530364100788435  0.47031399020767989
  0.47514881325735481  0.47965103497883232  0.48355821010014288  0.48720240282858435
  0.49040669616362392  0.49366470205988083  0.49774896824611836  0.50289900655095054
  0.50893066444974167  0.51440543000303651  0.52048744198290109  0.52628773384310423
  0.53187877149227125  0.53700060602407840  0.54177988336236083  0.54671209670086607
  0.55188017322919780  0.55659425819411146  0.56069300349014894  0.56472674823212932
  0.56881815343359010  0.57304819000046470  0.57827061716181516  0.58406990768804423
  0.59046979489363671  0.59664071599599011  0.60044145095448742  0.60381759807783575
  0.60746348619958723  0.61123461264494561  0.61494978416417634  0.61891093475354542
  0.62540931006762168  0.63146914014453270  0.63706603085015201  0.64275082459817945
  0.64811929459251250  0.65361274820642035  0.66110944208258904  0.66855649842664877
  0.67637867672945617  0.68451330370391161  0.69265857290878219  0.70115392345760696
  0.71048175275580483  0.71937570779154425  0.72726263175431405  0.73493665298761168
  0.74391448060132226  0.75463754510167425  0.76636338234896273  0.77901468580424704
  0.79496751945989830  0.81805350399920074  0.85303145742702380  1.00000000000000000
   1.0308333004841071E-012  -1.0000000000000000     
 F F F F F F F F F T T T T T T T T T T T T T T T T T T T T T T T T T T T F F F F F F F F F T T T T T T T T T T T T T T T T T T T T T T T T T T T
  <DiscreteSampler_grid>
  grouped_processes
  1 # 1 for a reference and 2 for a running grid.
  10 # Attribute 'min_bin_probing_points' of the grid.
  1 # Attribute 'grid_mode' of the grid. 1=='default',2=='initialization'
  0.0000000000000000 # Attribute 'small_contrib_threshold' of the grid.
  0.5000000000000000 # Attribute 'damping_power' of the grid.
 # binID   n_entries weight   weight_sqr   abs_weight
    10   10   3.058745429943517E+001   5.213492274588289E+003   3.058745429943517E+001
    11   10   3.058745429943517E+001   5.213492274588289E+003   3.058745429943517E+001
    16   10   3.058745429943497E+001   5.213492274588290E+003   3.058745429943497E+001
    17   10   3.058745429943518E+001   5.213492274588290E+003   3.058745429943518E+001
  </DiscreteSampler_grid>
