 -0.00003353560257221  0.00046866462056431  0.00089216903472404  0.00130079198395967
  0.00169517189767061  0.00209522966447728  0.00248724441083461  0.00286471995846932
  0.00323967437525543  0.00359092964401165  0.00394628085506663  0.00430981415855507
  0.00466447540751781  0.00501617836078857  0.00536525983430913  0.00571432948740228
  0.00606781864361734  0.00640512087885889  0.00671996834740757  0.00704016328399344
  0.00740209530159589  0.00775497643609518  0.00810851304116007  0.00839930221640164
  0.00869897141629098  0.00919629774394565  0.00971316545872069  0.01024704069576326
  0.01080848415225421  0.01138971642303258  0.01189354840623948  0.01229595979522376
  0.01268341180212169  0.01309152971241360  0.01350011034125091  0.01394765061340192
  0.01443608277217449  0.01493573314161423  0.01549668423592577  0.01595522605442665
  0.01637826258779753  0.01682384628716634  0.01726097871102518  0.01767256984878247
  0.01804419379220775  0.01838878511644617  0.01873562481787976  0.01908220278510402
  0.01945777732329737  0.01984493184873327  0.02016373459324321  0.02046865344372104
  0.02079940616885744  0.02115301212664588  0.02151889882843702  0.02187522672530209
  0.02224128885856300  0.02261995102326737  0.02299487232506264  0.02333140369353389
  0.02365223590446975  0.02394756874441644  0.02428138664285145  0.02470417760873061
  0.02511476983481186  0.02556126301728579  0.02598392151860803  0.02635548505794494
  0.02672546395595265  0.02715684173714766  0.02766280369400287  0.02818081761866526
  0.02883010551785490  0.02953715915523645  0.03018877078160962  0.03121949775148397
  0.03221155518176579  0.03301369831691846  0.03381584145207113  0.03511466895437591
  0.03659836501258946  0.03785263147627526  0.03846549832463203  0.03911367553899985
  0.04008154638052627  0.04095302789070245  0.04178476288767113  0.04263311637853989
  0.04349004343673187  0.04442557293865829  0.04535550419229133  0.04626191719514085
  0.04759628959796031  0.04930052041052677  0.22686649111605750  1.00000000000000000
 -0.00232742501075545  0.01086366922535175  0.02143652385276992  0.03130267931132195
  0.04121399442138495  0.05188678736487995  0.06273606132652908  0.07430466538642030
  0.08544762778566127  0.09447199128078401  0.10331447046594973  0.11167929122322814
  0.11990563002689093  0.12924480582875203  0.13991527723128575  0.15089260159762821
  0.16459733205084889  0.17802257407462346  0.19155048246133333  0.20295176820811828
  0.21364926607214935  0.22295503154575103  0.23175453294334308  0.24067690046612938
  0.25101237844663998  0.26309647372040151  0.27671737513719480  0.29148284556963683
  0.30169342795070597  0.31183041685273066  0.32194819717525192  0.33229676875721603
  0.34242726287266190  0.35242377613462855  0.36456147042569170  0.37767934070644171
  0.39089478821321405  0.40348029627402282  0.41616277597069007  0.42784661285161646
  0.43995715499428478  0.45301153504962888  0.46539378558647521  0.47768222100554758
  0.49020677587364991  0.50210181632520257  0.51336448264481993  0.52370899288947803
  0.53318053033366120  0.54374737246032878  0.55478511963940413  0.56603110029052039
  0.57806379381184925  0.59065954176266533  0.60273300869172008  0.61295323837821125
  0.62225896690723037  0.63201091816351984  0.64271892881984194  0.65349252500970934
  0.66503947280991837  0.67722333601029350  0.68861335031615911  0.69855431506980015
  0.70824158967961892  0.71864732861545055  0.72818908568916274  0.73625619337317871
  0.74383914871564993  0.75082169223883899  0.75816400187359201  0.76527153676098325
  0.77302613346617266  0.78217921392080814  0.78932457797991729  0.79897957363205963
  0.80777668246551915  0.81702547073273568  0.82690314892442029  0.83660871502193446
  0.84663771082781292  0.85612542472898090  0.86591028197431441  0.87676251922281079
  0.88836147484575712  0.90080849217479075  0.91261301209692458  0.92433594704858790
  0.93440651310568279  0.94387574763374116  0.95303646812818121  0.96144045242369691
  0.96992238587436308  0.98061401852397367  0.99086523213306321  1.00000000000000000
 -0.00206538663186233  0.06129464562954388  0.10869702314780490  0.14346545868863572
  0.17481566110643412  0.20436193842143183  0.23323044930995956  0.26156773819886303
  0.28590570371719376  0.30628111809909087  0.32545972598340051  0.34441065850276709
  0.36495059870034607  0.38366420377386729  0.39845693759385015  0.41199686403297514
  0.42500083367545582  0.43791547722063734  0.45167979911272355  0.46616682833477519
  0.47912173603555214  0.49106753890608995  0.50240303041276868  0.51315856346316302
  0.52306042673079856  0.53280568163414843  0.54297078933775467  0.55267849264213098
  0.56143890679742059  0.56984039279391896  0.57850532646170472  0.58782161250697529
  0.59725385034610634  0.60628969395582022  0.61341613836640363  0.62018840255450791
  0.62680727052995289  0.63416256727519993  0.64205622275181262  0.64976898247667558
  0.65707285158814965  0.66453098338236716  0.67282411843160106  0.68134183309341634
  0.68942570269813130  0.69690219414802168  0.70382221664117928  0.71045054625762516
  0.71680270004604296  0.72309371864446392  0.72909787794990277  0.73592948663597046
  0.74363256297773228  0.75167305075943969  0.75964985516727890  0.76710820896079512
  0.77350348566112614  0.77912185380470556  0.78461554864071925  0.79029037902833454
  0.79627889723971024  0.80236625477836321  0.80795806260726200  0.81277927971940489
  0.81675999818453948  0.82009472876930856  0.82332913195569957  0.82651936016221228
  0.82972494249429152  0.83289820370725842  0.83651173031344739  0.84061427836663760
  0.84451291467854650  0.84823080947556773  0.85182214943838541  0.85530081837642769
  0.85917782508423191  0.86307079116230101  0.86697298316483162  0.87053208049029041
  0.87379516289201309  0.87674239995968617  0.88028891426686040  0.88403567860315968
  0.88850007081494686  0.89225700703167610  0.89645639378446595  0.90107967467664130
  0.90636413849078945  0.91181011214742469  0.91859325501154432  0.92565971752874943
  0.93348838268666279  0.94361624339848171  0.95976800373445426  1.00000000000000000
 -0.01713529545557440  0.13491070526698221  0.18923093101894845  0.23370563528148544
  0.26004037099284522  0.27995162962111586  0.29576050849384405  0.31025953726218697
  0.32483148216664748  0.33845624898942445  0.35106664785878566  0.36264370188167555
  0.37402452191502106  0.38547145337933880  0.39588118645815790  0.40286071730669964
  0.40989265013884923  0.41691787337854352  0.42284802149266348  0.42871307564012595
  0.43490521604402876  0.44169370587766532  0.44821185694258397  0.45420650952863428
  0.46041026656035161  0.46806539426728344  0.47614482655774132  0.48400711869176594
  0.49185945532466618  0.49962878571876956  0.50683003359886358  0.51280971331228520
  0.51739616982287728  0.52195808590521675  0.52641422869216437  0.53130733809479991
  0.53721757809214177  0.54374196714186041  0.55005204955835807  0.55546815733094079
  0.56046195491396511  0.56521087475036436  0.56988252212497525  0.57499335514588845
  0.58018762059363782  0.58534796394417687  0.59075167433935105  0.59644569767453814
  0.60201922538281638  0.60659656324497679  0.61084677215952676  0.61468923241351137
  0.61867847734857917  0.62296628624679096  0.62697776439108222  0.63155586618962489
  0.63583589479417280  0.64055865530520073  0.64495662731172931  0.64902967333841000
  0.65290752260887797  0.65632624643993653  0.66005268993928357  0.66381948980183769
  0.66830463608613067  0.67294487002562664  0.67769177875731701  0.68246017201631703
  0.68707725112711415  0.69132700533202962  0.69597215106920640  0.70076051779300863
  0.70565219811203483  0.70999299723822407  0.71434002936667085  0.71886802785565496
  0.72354687690448072  0.72826550294164560  0.73314802613870689  0.73841048131837828
  0.74357909514676346  0.74887940069513415  0.75527641910290744  0.76158477383398426
  0.76839935207142118  0.77795271987622661  0.79044170440150696  0.80050100359939502
  0.80947004291607927  0.81850693927419937  0.82976992832468999  0.84259554510125911
  0.85782839585422155  0.88046315388360874  0.91570637786944353  1.00000000000000000
   2.7623597409315085E-012  -1.0000000000000000     
 F F F F F F F F F T F F F T F F F T T F F F T F F F T T T T T T T T T T F F F F F F F F F T F F F T F F F T T F F F T F F F T T T T T T T T T T
  <DiscreteSampler_grid>
  grouped_processes
  1 # 1 for a reference and 2 for a running grid.
  10 # Attribute 'min_bin_probing_points' of the grid.
  1 # Attribute 'grid_mode' of the grid. 1=='default',2=='initialization'
  0.0000000000000000 # Attribute 'small_contrib_threshold' of the grid.
  0.5000000000000000 # Attribute 'damping_power' of the grid.
 # binID   n_entries weight   weight_sqr   abs_weight
    10   10   2.695918862980542E+000   1.827434560626809E+001   2.695918862980542E+000
    11   10   2.695918862980542E+000   1.827434560626809E+001   2.695918862980542E+000
  </DiscreteSampler_grid>
