 -0.00005663264718624  0.00116000928487203  0.00216416225270729  0.00304669778897595
  0.00381609174114777  0.00454824745024391  0.00526072313687262  0.00592223719584530
  0.00658740629962237  0.00724159484216092  0.00788726255596368  0.00853212385240525
  0.00910295682278680  0.00965032269865836  0.01022420491164852  0.01079292043785020
  0.01136281906520785  0.01193954824853550  0.01251970885407599  0.01310672785672305
  0.01373749944137288  0.01440286543936526  0.01509753297236910  0.01577662980389326
  0.01649202648816796  0.01725859068319465  0.01802724605970004  0.01877682304628576
  0.01950429333370183  0.02019355807132464  0.02086125303782813  0.02155255942004379
  0.02225957821908820  0.02296549289339808  0.02373795114541119  0.02451778070749274
  0.02528364748307421  0.02602138225514548  0.02669567387535685  0.02731393395906448
  0.02788952985841396  0.02854010062843089  0.02919419424460360  0.02980588303208295
  0.03040995308672445  0.03099659021245376  0.03157318298944480  0.03209371343298135
  0.03263062271118615  0.03317440690100260  0.03380775728545442  0.03454228235252482
  0.03526462376468735  0.03611188725166808  0.03772190457591607  0.03937917329703699
  0.04072016397728064  0.04258220136175376  0.04511688194707877  0.04791993256775365
  0.05141696360734042  0.05498636706022650  0.05936025664503747  0.06250115403635689
  0.06309881456021287  0.06370656838079866  0.06463902569149174  0.06591174205176746
  0.06710721099910572  0.06848157054975851  0.07006236044805760  0.07153467659784597
  0.07286817212834461  0.07433353990555068  0.07595232495539261  0.07787639370519429
  0.07960158621612144  0.08099855163574593  0.08223072110304651  0.08342233156036330
  0.08463844950787423  0.08761286804790049  0.09103007707131079  0.09540297738961856
  0.11011328742380422  0.12541187964918774  0.14120805126643840  0.15500346321646327
  0.17250806345420922  0.17783434072507662  0.18345326184600616  0.18925979913808266
  0.19949771605964936  0.22855062341995153  0.26572114332668673  1.00000000000000000
 -0.00392261861244501  0.01832568006428861  0.03244262502468794  0.04248794185257674
  0.05085404745270660  0.05976356126011546  0.06845625549115604  0.07629974591585556
  0.08402143988948556  0.09130035502934075  0.09837710575649868  0.10653878891768462
  0.11652176143459599  0.12613228173849081  0.13656886437580609  0.14771259771132031
  0.15836132429474786  0.17195413321265837  0.18708138415956788  0.20281659590630721
  0.21759859411379931  0.23048476530746081  0.24160230562952961  0.25253874664079490
  0.26339089183824077  0.27520255987230130  0.28787656667483774  0.29959942159584801
  0.31023476672117795  0.31921573226751260  0.32697827754905839  0.33505195110445929
  0.34291027386272099  0.35094338489259563  0.35899744273778317  0.36782295465123271
  0.37755985287190297  0.38880113305549174  0.40025178870947631  0.41233549441842449
  0.42445421517562182  0.43659753651544353  0.44941413048701095  0.46066096399561968
  0.47019078058358676  0.47929479771052408  0.48853508749408292  0.49895779025370118
  0.51015747275142820  0.52305772588762267  0.53780164098398431  0.54962774612867216
  0.56055856681754956  0.57247575965189457  0.58337795354282618  0.59287691930781972
  0.60166303897317219  0.61434178290035257  0.62617319667380622  0.63731025770499261
  0.64828945201949639  0.65976075732543360  0.67147857048266524  0.68277550874231374
  0.69500085675918011  0.70830178916753239  0.72098686580326143  0.73233507032878997
  0.74432327680685562  0.75746655964431353  0.77047973595080088  0.78228848722816136
  0.79215894818905364  0.80198483502213092  0.81202203382980709  0.82078251915881029
  0.82884184985173803  0.83632152783138480  0.84259392066114636  0.84858979128578760
  0.85484331771809297  0.86105788862270416  0.86970593854291567  0.88180865642663520
  0.89339644735587420  0.90374778501985675  0.91266100401269257  0.92142611944773267
  0.93116877159909806  0.94202189654468726  0.95431647014907639  0.96576045572702296
  0.97585311090825666  0.98482733771853581  0.99281021320208285  1.00000000000000000
 -0.01611467039373427  0.16611217396253553  0.24722764954054338  0.31639687219208545
  0.36945649747984260  0.40716130318220251  0.44102817370391079  0.47157819169942150
  0.49668267069045424  0.52312783346610703  0.54786097441568138  0.56869963520750455
  0.58715182632040941  0.60558974458120862  0.62116596321059514  0.63550812261978318
  0.64950707337227676  0.66273482886797586  0.67571906878837007  0.68820729359039301
  0.69952240719145142  0.71009501551082332  0.71963634103029694  0.72851039598813194
  0.73609030055989633  0.74351273638202064  0.75096713343258414  0.75876124156630531
  0.76666270029525663  0.77461548212709286  0.78239367430074624  0.78985721180963742
  0.79737297674490104  0.80452832667829544  0.81132003566138733  0.81783449100262307
  0.82418787399375337  0.83045867981781862  0.83635577326259625  0.84161993120617140
  0.84725638037274709  0.85238044417162739  0.85690915290041758  0.86095645502389562
  0.86470414982601373  0.86837486783880713  0.87220404431147536  0.87599675373919816
  0.87903666704530325  0.88205964385897084  0.88507899389031075  0.88823553435397984
  0.89116014715225145  0.89415434945881478  0.89682340519971804  0.89922579059893049
  0.90181465664215033  0.90428072446489860  0.90658541551984972  0.90892678574192753
  0.91115120226728807  0.91329640935016165  0.91564430792236651  0.91812548227604873
  0.92069893256314372  0.92332634900112054  0.92580636355603196  0.92826906993947977
  0.93038516629011292  0.93233409276554990  0.93408761978915111  0.93568585010838379
  0.93758956452794751  0.93948313299104957  0.94135606795771787  0.94328186511663481
  0.94547977494533131  0.94720834463444115  0.94882721395659386  0.95047926315984244
  0.95227526449393096  0.95458397975544573  0.95665467848745422  0.95878666441215232
  0.96109724126625973  0.96351784456859335  0.96585505050332920  0.96825977380048356
  0.97076872947541704  0.97330534231160304  0.97588058069948791  0.97876201518809480
  0.98202702196000202  0.98577560289605703  0.99049785766869936  1.00000000000000000
 -0.01900022544492433  0.12587872756119653  0.17092178799381816  0.20494888162917432
  0.23561453705449045  0.25813314508375440  0.27646146845342995  0.28824739323500803
  0.30124823839679310  0.31410038803484558  0.32601129422082081  0.33578740426478904
  0.34512095598737796  0.35477468634474457  0.36425863234889727  0.37333889278541638
  0.38255872185397044  0.39093482530659035  0.39866380596667778  0.40618971857583186
  0.41385517019495416  0.42144854152226480  0.42958358581598527  0.43741699122055794
  0.44485007275008920  0.45191441464783488  0.45808834724548664  0.46328616803211325
  0.46754438476295823  0.47199167972426109  0.47576995337696043  0.47953072272982489
  0.48347123582376667  0.48742747807233616  0.49147350744999396  0.49674173930784021
  0.50211158976140868  0.50768778292572203  0.51265774377905537  0.51797344290810110
  0.52340697074288101  0.52950195912985609  0.53512240608638162  0.54018797857935930
  0.54478326166131030  0.54889763964310057  0.55283164493454817  0.55659637168088261
  0.56036529649150402  0.56398884155913764  0.56874037858428583  0.57312152821281859
  0.57778918606199814  0.58247796902454874  0.58694992987281092  0.59135704395313060
  0.59555666162039478  0.59991573180061486  0.60428915556121765  0.60918370376870024
  0.61402354628814693  0.61929110316936975  0.62446597198246623  0.63048036119449558
  0.63653891663746831  0.64253038951867336  0.64861988815196547  0.65469576267449792
  0.66065402359075842  0.66642338852724792  0.67253179232066362  0.67944430630557906
  0.68687239428045788  0.69400880155810107  0.70072705220588216  0.70691154351223340
  0.71342361217449435  0.72063226260399227  0.72788759887899956  0.73514040971047234
  0.74214274188592833  0.74905704080671753  0.75667258990221620  0.76528881810883953
  0.77412956124186871  0.78195108754634501  0.79041914465449747  0.79894612698943590
  0.80879580236007365  0.81843095603984684  0.83107866810155939  0.84715925872441133
  0.86408155553378574  0.88322977874446662  0.91619775655563818  1.00000000000000000
   9.1317479117546641E-043  -1.0000000000000000     
 F F F F F F F F F F F F F F F F F F T T T T T T T T T T T T T T T T T T F F F F F F F F F F F F F F F F F F T T T T T T T T T T T T T T T T T T
  <DiscreteSampler_grid>
  grouped_processes
  1 # 1 for a reference and 2 for a running grid.
  10 # Attribute 'min_bin_probing_points' of the grid.
  1 # Attribute 'grid_mode' of the grid. 1=='default',2=='initialization'
  0.0000000000000000 # Attribute 'small_contrib_threshold' of the grid.
  0.5000000000000000 # Attribute 'damping_power' of the grid.
 # binID   n_entries weight   weight_sqr   abs_weight
    10   10   5.624384552487098E-030   1.759389157316477E-058   5.624384552487098E-030
    11   10   5.624384552487098E-030   1.759389157316477E-058   5.624384552487098E-030
  </DiscreteSampler_grid>
