  0.00000111110785895  0.00000139778270363  0.00000172669041777  0.00000209298547246
  0.00000248556511769  0.00000290423497914  0.00000334461572682  0.00000380541896315
  0.00000430393889998  0.00000482144681819  0.00000535535334765  0.00000590257328809
  0.00000645705466343  0.00000702217829855  0.00000761714952191  0.00000823796062865
  0.00000887411562500  0.00000952736052845  0.00001019546336573  0.00001087511138823
  0.00001157395105960  0.00001229737873869  0.00001304159573037  0.00001380075332256
  0.00001457881475333  0.00001539603038046  0.00001627209371948  0.00001719009272842
  0.00001812427910969  0.00001907797937519  0.00002004559274312  0.00002104756546089
  0.00002209232396680  0.00002318277871522  0.00002431727431428  0.00002548969837883
  0.00002669663334735  0.00002793924025524  0.00002923483166598  0.00003059852406856
  0.00003200414629304  0.00003345817508605  0.00003498745970437  0.00003657804115729
  0.00003821322938154  0.00003996853601625  0.00004176552499308  0.00004366810512287
  0.00004570281965681  0.00004784538186600  0.00005012284149129  0.00005254556217936
  0.00005501968473774  0.00005773649479629  0.00006050837531294  0.00006347925547742
  0.00006656045238416  0.00006978504306918  0.00007325988568110  0.00007698858416503
  0.00008104887479755  0.00008541964554523  0.00009001661120229  0.00009491912572770
  0.00010024359426510  0.00010601652447950  0.00011217485029246  0.00011890538388756
  0.00012622073951947  0.00013465687527650  0.00014373202211656  0.00015397809266767
  0.00016546231300394  0.00017859973893277  0.00019346741945223  0.00020965378837421
  0.00022740450334613  0.00024816387083510  0.00027168107287248  0.00029913158703607
  0.00033106192313567  0.00036771682642210  0.00040850166605523  0.00045513372930941
  0.00050882965104263  0.00057440943786952  0.00065461712157714  0.00075562952166515
  0.00088692408317164  0.00103577133071806  0.00120802608499853  0.00143341737574287
  0.00172025314267573  0.00210489877781132  0.00850222777672277  1.00000000000000000
 -0.00225079977979326  0.01033585606453564  0.02096073020626400  0.03172379604319421
  0.04228361555729540  0.05301661337516840  0.06359345088097636  0.07398018024557240
  0.08414576256502071  0.09442741895415581  0.10488451414115225  0.11567255184773785
  0.12644267514293769  0.13716196949937470  0.14798641982891092  0.15887826159604293
  0.16962568785147758  0.18001608719225273  0.19052758259998023  0.20147586220815217
  0.21286218322342954  0.22433493695654785  0.23545401237954236  0.24618434281765081
  0.25671988160282588  0.26711722497951446  0.27730962788781083  0.28730972209804106
  0.29733491938807860  0.30752694951205511  0.31781873591544912  0.32824249937930322
  0.33891301217253128  0.34971242692064586  0.36027129083697595  0.37056105998237038
  0.38083440888231851  0.39114493195533817  0.40145451617161421  0.41200193679852631
  0.42275157126780710  0.43364976862534776  0.44420379208542293  0.45462653304499290
  0.46512762043076694  0.47603814542910827  0.48697558299287080  0.49777084006836725
  0.50863812170571754  0.51943687874196953  0.53051708828520006  0.54146736781070037
  0.55199555379598630  0.56244654593766785  0.57304062996510197  0.58365364353956595
  0.59381240939769508  0.60401589657715293  0.61476489992951167  0.62566477946581900
  0.63623900663662036  0.64693003570099883  0.65792958246158384  0.66897336650884454
  0.68016082588685556  0.69110516405400957  0.70167594074048090  0.71207367916839981
  0.72231874293287168  0.73241188252913303  0.74235350555552104  0.75260685618321999
  0.76334553839681307  0.77404123947465686  0.78458538228572483  0.79508822838213344
  0.80551523017590065  0.81575654074720316  0.82574230495500034  0.83533916957404619
  0.84482514405371034  0.85422087176958095  0.86410875631905071  0.87421980550823453
  0.88430204329000894  0.89445187260069903  0.90463462793216187  0.91509982105686782
  0.92544476045006530  0.93588712231952798  0.94647978275774702  0.95710925095988375
  0.96743851925547431  0.97777001631794136  0.98883632964424684  1.00000000000000000
 -0.00352875193297300  0.01817636329801371  0.03423948177553783  0.04814559571266377
  0.06087750309449793  0.07303339838746602  0.08485506558098192  0.09652752998817019
  0.10804143305016117  0.11936428948297621  0.13041713973343633  0.14126344086299950
  0.15197023570544904  0.16245097414852824  0.17252458078394436  0.18226539413526099
  0.19205349385197668  0.20185248928464541  0.21148501883180204  0.22091742862403296
  0.23014949488125841  0.23947313972033679  0.24880314668189865  0.25812563521598897
  0.26748341166382761  0.27682207508083467  0.28600201032062861  0.29526720445233023
  0.30453891839372427  0.31401630319476975  0.32325245736373576  0.33254902219038046
  0.34200073976660106  0.35132806219847462  0.36058446261297233  0.36978987110870593
  0.37942187856426052  0.38930226740754698  0.39937600701599069  0.40956288291328730
  0.41950353935784723  0.42911106358706269  0.43853026459245770  0.44799365392824797
  0.45762532675269119  0.46725593301138413  0.47690884197337313  0.48687924849304121
  0.49693294831860291  0.50661476469813860  0.51590876198960023  0.52527187706097067
  0.53494245483328917  0.54464353563112555  0.55387034687328884  0.56306328611101486
  0.57222569049328453  0.58142231914073461  0.59049126353700421  0.59940779907180830
  0.60863424594776105  0.61807357323237833  0.62774086859610445  0.63715303668556511
  0.64617909151371922  0.65506640937824823  0.66395096402256992  0.67284426646135043
  0.68152959511193456  0.69020371892758237  0.69897224619864140  0.70788566425239619
  0.71701456400903296  0.72620642907938981  0.73609712616489864  0.74618311309887864
  0.75602182732947254  0.76573121187025328  0.77607247957104575  0.78696782500526818
  0.79823394769682210  0.80937208408669015  0.82025131142004504  0.83097106674508603
  0.84211205981840043  0.85299239591996601  0.86399387093244318  0.87501253817038904
  0.88656694590517071  0.89841212111364688  0.91094394792276856  0.92383473883030909
  0.93731753330464640  0.95255255261734784  0.97233325591798025  1.00000000000000000
 -0.01743927039359370  0.11953353730846607  0.16409030253043677  0.19403404854951764
  0.21887234012908929  0.23991592961162034  0.25858215223076114  0.27562105797059827
  0.29160036781723225  0.30587089763487840  0.31930819834056756  0.33186969384101905
  0.34390685047970243  0.35541832623797953  0.36688333834072040  0.37782915087710267
  0.38849650363196220  0.39885278211913483  0.40903073651249516  0.41895517262421900
  0.42806024627818434  0.43699603050949060  0.44580090769984188  0.45450779809709113
  0.46304974011263916  0.47138164548578909  0.47947377958316267  0.48756791568626956
  0.49565928681808497  0.50367837433925744  0.51154348976944919  0.51906706202638053
  0.52643265768328251  0.53370651868527796  0.54119605091912992  0.54877872132917416
  0.55624710047800829  0.56365743842711802  0.57093916001746714  0.57805196614086740
  0.58502766426457753  0.59183783684187152  0.59858022692286816  0.60531677456730970
  0.61193872549716433  0.61855643973999208  0.62522213990315012  0.63177744424319071
  0.63824127311487378  0.64462190713619727  0.65079067274986346  0.65689798111247433
  0.66291835974737534  0.66890665151374229  0.67488146380180036  0.68082091192698535
  0.68666787410647101  0.69233509296436779  0.69780287209823755  0.70333632831972903
  0.70892147419301343  0.71461148051353152  0.72018423755912508  0.72571882269450427
  0.73118944561782062  0.73663862270703317  0.74208521949398332  0.74749345688443214
  0.75279478740528549  0.75796713200424981  0.76317644480896896  0.76855793519713089
  0.77403475767947594  0.77961410227222305  0.78509098945892841  0.79045526725607940
  0.79575848798609661  0.80107763709363400  0.80646145056856589  0.81193752734473124
  0.81769393963692560  0.82359917121340387  0.82944175059427816  0.83536579513375497
  0.84151137223636374  0.84790685685076383  0.85476390826875626  0.86221314140517624
  0.87005983700080958  0.87850436588851499  0.88786971755733224  0.89811300622229329
  0.91012592591458952  0.92533576101875703  0.94928424452142701  1.00000000000000000
   1.2056430376090077E-003  -1.0000000000000000     
 F T T T T T T T F F F F F F F F F F F F F F F F F F F T T T T T T T T T F T T T T T T T F F F F F F F F F F F F F F F F F F F T T T T T T T T T
  <DiscreteSampler_grid>
  grouped_processes
  1 # 1 for a reference and 2 for a running grid.
  10 # Attribute 'min_bin_probing_points' of the grid.
  1 # Attribute 'grid_mode' of the grid. 1=='default',2=='initialization'
  0.0000000000000000 # Attribute 'small_contrib_threshold' of the grid.
  0.5000000000000000 # Attribute 'damping_power' of the grid.
 # binID   n_entries weight   weight_sqr   abs_weight
    13   10   3.052441954825854E+007   1.576728096430171E+015   3.052441954825854E+007
    14   10   3.052441954825854E+007   1.576728096430171E+015   3.052441954825854E+007
    25   10   2.987890973531217E+007   1.520066051256592E+015   2.987890973531217E+007
    26   10   2.987890973531217E+007   1.520066051256592E+015   2.987890973531217E+007
  </DiscreteSampler_grid>
