 -0.00040494733131109  0.00208870030668930  0.00347496924439857  0.00481380295338553
  0.00629001902456030  0.00797400107314086  0.00979568914959140  0.01185243403419020
  0.01407083078174065  0.01652519403494266  0.01921677426308925  0.02203862302168283
  0.02500580724826723  0.02823261814518971  0.03142652571003764  0.03463014207179709
  0.03805017930014937  0.04161539262607631  0.04530305302638982  0.04919820267173805
  0.05333010248055120  0.05770404129666771  0.06220961064226319  0.06680300222538946
  0.07145028508013909  0.07628853929041129  0.08118424158511667  0.08611225618686676
  0.09110490258057560  0.09608869474412143  0.10142819046755365  0.10704500861259418
  0.11296282514363265  0.11939508300825877  0.12590037173126922  0.13273993135701370
  0.13986523745221363  0.14724349731160707  0.15480214453060187  0.16264989330023824
  0.17064677120588700  0.17887748303041126  0.18721890658535428  0.19554445189656613
  0.20401145172248170  0.21292312216915918  0.22241132956986376  0.23234544412169866
  0.24304401536403852  0.25449643910243097  0.26684682575832558  0.27985641372071313
  0.29344870507345588  0.30799157155729651  0.32366091193264890  0.34092413757283013
  0.35984139113734526  0.38025115329697590  0.40349500662055177  0.42974757861037016
  0.45850366379205099  0.48789446310756396  0.51714200027847690  0.54575227433481721
  0.57334960143249902  0.60090884580360682  0.62571807643645483  0.64878351512627774
  0.66981596256389464  0.68928652696220771  0.70764336030119668  0.72522079049384436
  0.74172178416684231  0.75718111199643579  0.77207258322205563  0.78662609016034735
  0.80068287126607818  0.81406442324327855  0.82690629610185440  0.83927137948311359
  0.85090561336730208  0.86218670349549542  0.87331726426906375  0.88428827394551945
  0.89507232921459667  0.90552532105038508  0.91588421672947240  0.92603904699771733
  0.93595738976813270  0.94571952089283839  0.95516654948181268  0.96444387221074723
  0.97365827239232150  0.98249168138320186  0.99125588500816242  1.00000000000000000
 -0.00237303890259584  0.00889074251610878  0.01847289812765765  0.02931696167068432
  0.03986496884829535  0.05039585624575933  0.06070223907085859  0.07188272596273691
  0.08280630015404225  0.09348757353121551  0.10404665868235424  0.11469989704776484
  0.12530007229586884  0.13576111214669812  0.14636366840749476  0.15690366179075280
  0.16743802566150665  0.17754149310289183  0.18754165392813185  0.19695976167284213
  0.20643499952852445  0.21575081609081709  0.22522782164087984  0.23554866165166935
  0.24545697491537105  0.25507265962510250  0.26480503251418780  0.27482928299249199
  0.28565886024837428  0.29556005625941850  0.30588496706506491  0.31596986758748369
  0.32674874930078068  0.33755239531711834  0.34847128697309876  0.35893377579258029
  0.36920501700397940  0.37946899575670784  0.38956662058331754  0.39926025600913995
  0.40858910388160047  0.41790672395637696  0.42747725686490168  0.43722821668498341
  0.44652834536411801  0.45577102327901353  0.46556433717642559  0.47587575161347617
  0.48653696655721762  0.49754411453364644  0.50866426684369848  0.51968653572856705
  0.53074817990502943  0.54175748769461385  0.55263968262821128  0.56357761233637538
  0.57414970938044174  0.58495827994572014  0.59578193340915042  0.60673155258222078
  0.61794245776297374  0.62918504116881369  0.64042292853025884  0.65172431474014891
  0.66299612920409057  0.67459498251722672  0.68646462094981875  0.69801091265668425
  0.70954532971716777  0.72116798230886614  0.73247846963599761  0.74284325454776134
  0.75272408371617905  0.76289034501821817  0.77310836206894884  0.78318000697074919
  0.79313476446215725  0.80363051298140187  0.81367175039287654  0.82399623672927247
  0.83465043466555100  0.84600196498327374  0.85748850906853247  0.86864101684998707
  0.87886406185843469  0.88820266769510925  0.89809655962607593  0.90859220748946123
  0.91942869348560086  0.92993536579997771  0.94072018987497186  0.95377383251051373
  0.96576436828661449  0.97707948290323821  0.98833805309853417  1.00000000000000000
  0.00055803986870161  0.02161408293756243  0.03994667628972232  0.05576028455929188
  0.07033747033318428  0.08461124099128385  0.09837821575947835  0.11157151072509700
  0.12393881105558238  0.13544497933366498  0.14684294708428119  0.15835224096366132
  0.16973506268427993  0.18110378356636028  0.19291885954177285  0.20497153174325605
  0.21700560522724541  0.22903828705881643  0.24173161448801966  0.25431075124355257
  0.26649986603843889  0.27869396170422861  0.29025923066058668  0.30239429259377365
  0.31416143215001108  0.32743187132657736  0.33975181073879085  0.35198537165620625
  0.36311870029415272  0.37417094691728725  0.38493524707345084  0.39507896564609685
  0.40517984115309974  0.41541781617479845  0.42608283199568547  0.43666527835292168
  0.44697314799904447  0.45670098362035427  0.46590375280335611  0.47482251666352998
  0.48403930217685343  0.49363829924616653  0.50359709360758309  0.51316951211550377
  0.52258758105580849  0.53158955643215267  0.54045474868751864  0.54900667784421142
  0.55741404677435391  0.56601970526502321  0.57468588571883039  0.58346367193314475
  0.59231017491807436  0.60124085586135967  0.60972507121696151  0.61770248044300213
  0.62546407153480876  0.63335715914304958  0.64129526285634719  0.64932685067869678
  0.65720918715903542  0.66502190113119897  0.67309264088625254  0.68157446925831155
  0.69032248672008878  0.69892411383333042  0.70721798107525136  0.71524928340186700
  0.72310161194740574  0.73078376383207422  0.73852314964954902  0.74624175226349665
  0.75432263919098030  0.76281119705058664  0.77090662365960483  0.77839936335442994
  0.78572896521015356  0.79318135730325934  0.80082403372723276  0.80838675501808155
  0.81567622235924209  0.82274103023649903  0.82995233414774194  0.83767383326802924
  0.84599830434613621  0.85420146375480410  0.86287351795867040  0.87203472534295601
  0.88183646302164898  0.89161980153581077  0.90135378488313567  0.91165947931349245
  0.92355580149113592  0.93796652363960820  0.95852980186935355  1.00000000000000000
 -0.01836919404227272  0.14321677571116573  0.19653634569105516  0.23042356811020132
  0.25489156835514698  0.27442897827322349  0.29062031714564052  0.30524392157096863
  0.31830407863340432  0.33043762109281899  0.34217025501446080  0.35337416714246134
  0.36364901113024922  0.37342719264144825  0.38246322577385095  0.39139054789071637
  0.39956930274449320  0.40760307524249451  0.41482803254012207  0.42209400391469593
  0.42926249507169845  0.43646703241146045  0.44323677022627733  0.44966488181060621
  0.45593617757146371  0.46205182045486926  0.46815097375898745  0.47420917054038975
  0.48009840901881751  0.48602522470384868  0.49199475595059855  0.49789314954148356
  0.50371896551488748  0.50943859381872081  0.51494024422833296  0.52052073155059952
  0.52605782323938455  0.53164058358629063  0.53733089355377661  0.54306683472237616
  0.54864511625933599  0.55400940530213161  0.55923521974788704  0.56447168552850646
  0.56983393962975526  0.57523983660191669  0.58061749124328454  0.58591844977180230
  0.59116813296578496  0.59639244464208852  0.60155933080780466  0.60658601957139680
  0.61153500233761737  0.61658836972805342  0.62173596994603186  0.62679222024091052
  0.63174829153263845  0.63643967939640089  0.64092777526506262  0.64552394321033058
  0.65034018090991275  0.65538374702393809  0.66058371337121791  0.66577088725113265
  0.67076266370812510  0.67554541883900643  0.68032495068643717  0.68508676170832861
  0.69003558183808955  0.69531549887688826  0.70068050276397087  0.70602141060747003
  0.71136655450288055  0.71669846033143336  0.72216891197330757  0.72778898039495277
  0.73356027328242579  0.73951088291387546  0.74563420015981130  0.75193082252815246
  0.75823048975730867  0.76435460752153594  0.77049228188792651  0.77688438430413664
  0.78371487816195595  0.79113210062052530  0.79942367643469303  0.80834220891918263
  0.81766917235334291  0.82808450382428200  0.83960732491700263  0.85303280874047283
  0.86923760970375130  0.88976301803518087  0.92068544523956108  1.00000000000000000
   1.4448567570672919E-017  -1.0000000000000000     
 F F F F F F F F F T F F F T F F F T T F F F T F F F T T T T T T T T T T F F F F F F F F F T F F F T F F F T T F F F T F F F T T T T T T T T T T
  <DiscreteSampler_grid>
  grouped_processes
  1 # 1 for a reference and 2 for a running grid.
  10 # Attribute 'min_bin_probing_points' of the grid.
  1 # Attribute 'grid_mode' of the grid. 1=='default',2=='initialization'
  0.0000000000000000 # Attribute 'small_contrib_threshold' of the grid.
  0.5000000000000000 # Attribute 'damping_power' of the grid.
 # binID   n_entries weight   weight_sqr   abs_weight
    10   10   1.592391833747045E-003   8.601069612475019E-006   1.592391833747045E-003
    11   10   1.592391833747045E-003   8.601069612475019E-006   1.592391833747045E-003
  </DiscreteSampler_grid>
