 -0.00006713632553404  0.00127549800050507  0.00239185237104087  0.00337822486832879
  0.00428995915780593  0.00518180328332427  0.00605609760195249  0.00687583942264571
  0.00768144931948773  0.00845709407796426  0.00920001496017435  0.00994839778868665
  0.01074785268079044  0.01156952825793343  0.01236228189196509  0.01312541270977516
  0.01387782922504457  0.01459380043582422  0.01536449613156780  0.01620267635663546
  0.01712882112339251  0.01807244264064678  0.01901730787818337  0.01991435090718587
  0.02075235686401305  0.02155073213466539  0.02231304185997374  0.02302692822637909
  0.02374887371816150  0.02453401648862765  0.02536045708412583  0.02622052638468563
  0.02715654703634568  0.02806099643875075  0.02889694205348685  0.02949032623384919
  0.03008495436185986  0.03076399394086712  0.03145351292776779  0.03217084418350395
  0.03300897924665192  0.03397972282940386  0.03484793474861626  0.03553478256305411
  0.03826833990094884  0.04118579491742125  0.04417363245658056  0.04580950616198999
  0.04673867955345960  0.04773565918382517  0.04877019686109130  0.04991040165479228
  0.05115128269672802  0.05251384058376621  0.05418297908463728  0.05577576824054646
  0.05713835946610295  0.05826247813467765  0.05939845109051715  0.06070298926415032
  0.06202097649292244  0.06340740379586381  0.06458894699966870  0.06573146152883790
  0.06690293978106553  0.06803361696986893  0.06921773224645636  0.07072919335352558
  0.07232699471425451  0.07385993002427128  0.07522099754034040  0.07684895796372071
  0.07859920372634276  0.08062170281054692  0.08294496086645019  0.08634461162572339
  0.08923682744779000  0.09173648882243075  0.09423615019707152  0.10470661212591739
  0.11518767946902331  0.11755245408270402  0.11922038519530864  0.12307963350908852
  0.12689712748188556  0.13155940388079113  0.13620352352882900  0.13988131509257232
  0.14355342345166347  0.14769362792527399  0.15268394151324863  0.16941298998996540
  0.23150665574534848  0.34161271398774073  0.50759402245327623  1.00000000000000000
 -0.00250990856706798  0.00959748968040177  0.02113884965978767  0.03430358340312934
  0.04624627869294336  0.05614940448846739  0.06590876197099123  0.07510849258823367
  0.08583778415122258  0.09680322685101166  0.10959352929448432  0.12384425423817476
  0.13961643117940217  0.15494518943372310  0.16931803262363640  0.18378889835336837
  0.19675822411924104  0.20809977479282477  0.21817285428898545  0.22814605864291099
  0.24057053153369276  0.25271096783635094  0.26225071644333392  0.27078260190503151
  0.27962297159003480  0.29052681760274807  0.30127910802737096  0.31118181541202872
  0.32277283096222947  0.33465229111600381  0.34846959468982747  0.36169801088020143
  0.37258125342219206  0.38124919299963278  0.38880609893107787  0.39631912444225853
  0.40396060406438555  0.41221418371081076  0.42349409268115251  0.43793725224658842
  0.45121209212065916  0.46267260781754121  0.47238234651712363  0.48135268299138334
  0.49076298801324947  0.50018521745497091  0.51105782706321379  0.52295019783004892
  0.53450574424719388  0.54557462250068611  0.55674616577844205  0.56460169885146538
  0.57182810045460486  0.58082784667592491  0.58970645658317000  0.59825424822364848
  0.60615594702614495  0.61449471765896646  0.62252463401416414  0.63766114346905811
  0.65254317985988897  0.66594560280479975  0.67465137573338785  0.68337860212915702
  0.69264493759756574  0.70224434079926434  0.70916857829923252  0.71632347684434139
  0.72382580464119672  0.73475722863020221  0.74867975104725348  0.76062695866614893
  0.77103488584617230  0.78176226658962544  0.79369098652294223  0.80475421883213660
  0.81394216587729240  0.82169136434292811  0.82921122553966642  0.83672361941814177
  0.84397959186056115  0.85116740058992146  0.85975509715372656  0.87003380454283585
  0.88091354742125794  0.89278963877383177  0.90310763861756049  0.91356783292539434
  0.92349911667758144  0.93289362987071556  0.94257387286736849  0.95286636191863117
  0.96390692014932766  0.97537179161080745  0.98673631073668622  1.00000000000000000
 -0.01716111886782006  0.16974707975553449  0.25342559474622556  0.31513806826563490
  0.37344860167623423  0.41797327361526071  0.45236773266835745  0.48517780426626084
  0.51286347761873452  0.53654790559999810  0.56007935392509078  0.58134072034595285
  0.59885158420118056  0.61361986291874970  0.62914216117952415  0.64672941958559871
  0.66108339513726244  0.67436286392583722  0.68755716238246101  0.70102061099227497
  0.71354926343244285  0.72530304679858726  0.73375495591528761  0.74169888825695418
  0.75027513234283272  0.75843275600490856  0.76576629426502552  0.77240108042072164
  0.77902792848287494  0.78559263046216066  0.79231087025982239  0.79906492129156637
  0.80559541502205800  0.81154616938190349  0.81708804143309022  0.82268050122273173
  0.82831222474676081  0.83387351238335894  0.83823587892670670  0.84216479983770698
  0.84601195205221535  0.84987504341490605  0.85373838963621473  0.85761898818879689
  0.86153955814320826  0.86554997089378705  0.86981581489736026  0.87353540634555482
  0.87703617945273193  0.88018957880968629  0.88319967899070329  0.88621980517272314
  0.88917843347134851  0.89207333823211854  0.89496772182620232  0.89786125269387718
  0.90074081207931656  0.90358209135088929  0.90629650127351469  0.90881351912027108
  0.91116134128873261  0.91356673009969025  0.91624496270108480  0.91903029031594929
  0.92169236946628730  0.92425232805302660  0.92691928411103808  0.92966126571994767
  0.93243774895358356  0.93527811943655692  0.93797238270470451  0.94048530923215101
  0.94302845576683947  0.94525401223838246  0.94745097157349500  0.94963805088170361
  0.95173488090467051  0.95367746834565836  0.95550232018269277  0.95730069888994351
  0.95908153524261319  0.96079873279039507  0.96241713919937222  0.96416509687800223
  0.96585090748618030  0.96757671299825032  0.96941147798806837  0.97123160113477802
  0.97317783262573843  0.97537296897869741  0.97779186930161643  0.98073707574886937
  0.98360331555861658  0.98713573040296665  0.99187312394499350  1.00000000000000000
 -0.01797797650959912  0.13045720396970101  0.17819042361091372  0.20893482319308018
  0.22970128124088843  0.24961772390274523  0.26662752507924781  0.28337352050269049
  0.29505419861640980  0.30491307377658050  0.31445744780792800  0.32270066809070946
  0.33528471611091609  0.34714450307836608  0.35676459725682880  0.36434875894118007
  0.37094467651529517  0.37719816964144393  0.38333381338168482  0.38936757423806040
  0.39572869722365633  0.40214038150682324  0.40808582867476378  0.41393587801098120
  0.42045021616440020  0.42834859017470778  0.43618580197849993  0.44356069920156938
  0.44940181642758698  0.45530321478236624  0.46145968969532380  0.46798287715497738
  0.47543749393199897  0.48352467651696912  0.49177802725590752  0.49978384936920867
  0.50722630744389641  0.51353306012459987  0.51932275017889284  0.52528177858412572
  0.53135948059092031  0.53703680656325647  0.54279583185616553  0.54690370509179020
  0.55150227025247689  0.55728370239198255  0.56346721403647737  0.56929862285539878
  0.57517633798426515  0.58085084502105078  0.58606878948940799  0.59099461071680415
  0.59491654618356182  0.59832954758820178  0.60165079982999059  0.60498336659076779
  0.60842934257974424  0.61238431494660994  0.61639342071159176  0.62092899022542580
  0.62568977578286156  0.62967135140362862  0.63392794183813461  0.63862331453244514
  0.64393802184429205  0.64962797738727418  0.65636675762359886  0.66275803456234939
  0.66946851331436263  0.67691779560451726  0.68371116278791122  0.69046512082215650
  0.69687032251171277  0.70301107976321553  0.70935531186243828  0.71625487173769520
  0.72369855734391586  0.73094426605867480  0.73829027695209404  0.74503280401837724
  0.75266755828645637  0.76058207412880074  0.76979433200070269  0.78047951356261469
  0.79119019533684987  0.80018304511547256  0.80810923844685767  0.81563130916444826
  0.82295082687545551  0.83259500820781762  0.84168155551484136  0.85083481661973315
  0.86203835415896501  0.87542514374348845  0.91076126553224213  1.00000000000000000
   9.2260606024117578E-043  -1.0000000000000000     
 F F F F F F F F F F F F F F F F F F T T T T T T T T T T T T T T T T T T F F F F F F F F F F F F F F F F F F T T T T T T T T T T T T T T T T T T
  <DiscreteSampler_grid>
  grouped_processes
  1 # 1 for a reference and 2 for a running grid.
  10 # Attribute 'min_bin_probing_points' of the grid.
  1 # Attribute 'grid_mode' of the grid. 1=='default',2=='initialization'
  0.0000000000000000 # Attribute 'small_contrib_threshold' of the grid.
  0.5000000000000000 # Attribute 'damping_power' of the grid.
 # binID   n_entries weight   weight_sqr   abs_weight
    10   10   2.435921537005378E-031   1.047052404574823E-061   2.435921537005378E-031
    11   10   2.435921537005378E-031   1.047052404574823E-061   2.435921537005378E-031
  </DiscreteSampler_grid>
