 -0.00038535513805150  0.00216576403348823  0.00364474400524634  0.00506416442252129
  0.00672649884911882  0.00850696952152647  0.01043919765772328  0.01248975544843595
  0.01460943580117144  0.01707847974220252  0.01987181115028484  0.02267610896207674
  0.02564792148227185  0.02880795272650121  0.03227270753964376  0.03585814195561979
  0.03952583245570032  0.04327675605672241  0.04717355199163750  0.05115743542120333
  0.05534701112448594  0.05982567622462049  0.06459735036185899  0.06954699763338916
  0.07464530390262678  0.07973447323610786  0.08491743067713790  0.09023198918858302
  0.09560278292943705  0.10105081966419829  0.10692304693686387  0.11333593729194075
  0.11994596370497801  0.12656377665035948  0.13331259119821651  0.14027067390253639
  0.14751506739530493  0.15504231462269802  0.16273491294430137  0.17062494059390448
  0.17891327598944684  0.18754267767834046  0.19631180982881480  0.20542429339289470
  0.21488219616925833  0.22450673194797355  0.23456738648267114  0.24531349580736114
  0.25686133783004506  0.26889614293392128  0.28140041769189933  0.29439467403063113
  0.30802560207141655  0.32245060717146190  0.33852034074430321  0.35605929950273180
  0.37604558818874168  0.39724275749993199  0.41973534657820433  0.44364420478291139
  0.46818105820247558  0.49299157177177733  0.52002962272146047  0.54530582909071879
  0.57007044975966603  0.59415959980716526  0.61752947182002504  0.63923367951619170
  0.65731476853899884  0.67502208742978531  0.69209892161004705  0.70840446822955105
  0.72401040241758119  0.73914501835998081  0.75383431970955794  0.76780115331675169
  0.78161793538194313  0.79495475093191403  0.80790914043329298  0.82066781410214396
  0.83332803041581105  0.84561694778318786  0.85787996634323793  0.86957670601722192
  0.88089150067563105  0.89227612094972875  0.90348504501510818  0.91442978710034206
  0.92508368575021727  0.93537800564364004  0.94613907860604152  0.95695826427933639
  0.96778076459153783  0.97847951807154876  0.98921333966596359  1.00000000000000000
 -0.00214244298544731  0.00837949475725213  0.01723436049674676  0.02722960019886611
  0.03777251194342246  0.04852736750910244  0.05914603555097780  0.07035361407049794
  0.08216795735274338  0.09331997794444860  0.10427397622223850  0.11587481439087120
  0.12773378384286158  0.13882172915979790  0.14974043338265156  0.16046886199499175
  0.17081700376994857  0.18073708319231901  0.19076233544130652  0.20131566199624057
  0.21171832195230553  0.22217743879179641  0.23243487346690678  0.24278648597366778
  0.25327163774079686  0.26346137862388147  0.27361147156152055  0.28361377261891735
  0.29379122017649351  0.30448953153513170  0.31533032201727140  0.32644765669247239
  0.33757472690421619  0.34914102481494036  0.35966795724364015  0.36997572152216746
  0.37999475716665188  0.39039530900636610  0.40066786970246854  0.41084833531578374
  0.42049532330557460  0.43027067543196024  0.44034747894757315  0.45124931461958628
  0.46269034612381293  0.47443526015150728  0.48562077519987701  0.49609379068855702
  0.50686007719868220  0.51801633698286276  0.52891685605738548  0.53969829960448135
  0.55058130270443184  0.56174529084341418  0.57226721640994993  0.58286352202911518
  0.59268163873129942  0.60239989889221335  0.61196293974704397  0.62171327581981906
  0.63115761450898866  0.64146149303777156  0.65196521729850421  0.66347765120001345
  0.67434145647790322  0.68503083209071503  0.69530200872858439  0.70522376696858735
  0.71485147750955225  0.72426117618174779  0.73396916531378675  0.74458442560374438
  0.75457748167533290  0.76433569990647721  0.77436378311419352  0.78520597068488041
  0.79610973521666395  0.80660251135886940  0.81714468814307073  0.82813757240530617
  0.83835610643683300  0.84836828632211558  0.85867230263452965  0.86913745687177912
  0.87964741849049011  0.89071323933355095  0.90260434269573864  0.91422253061741776
  0.92484511463500607  0.93504513879276718  0.94461444207114020  0.95429763253064126
  0.96416993686823826  0.97497720122894316  0.98684836727559444  1.00000000000000000
  0.00137522610288135  0.01801137984614099  0.03126479599432479  0.04276634143243388
  0.05349893203624589  0.06380699673069277  0.07383408980757801  0.08388475269814048
  0.09427778966190786  0.10487190281422719  0.11559505545351059  0.12635323815631166
  0.13710855714721343  0.14772204628278554  0.15814420132830298  0.16858929763865918
  0.17901266831104021  0.18976530883787390  0.20065283452085000  0.21176139243494366
  0.22302700364863831  0.23370980734020522  0.24398562645372182  0.25409487399348019
  0.26369348744907412  0.27359677479830097  0.28350495568446799  0.29293210401743563
  0.30199930618998222  0.31097295590988067  0.32008707577548978  0.32927223693458557
  0.33806352052598387  0.34633992843350492  0.35519091289850052  0.36400326854208997
  0.37258768634227307  0.38128322257831471  0.39041771117547308  0.40009022930014493
  0.40981528739826567  0.41905968695697404  0.42734833276731771  0.43594859828982019
  0.44409797666548323  0.45227359506186199  0.46017029299994422  0.46812393505038263
  0.47607999166547882  0.48385999912645777  0.49158673851417956  0.49919811857067703
  0.50711033221060464  0.51537039200246171  0.52405462876775932  0.53248407539559117
  0.54061238968743852  0.54879862427020110  0.55731543522003235  0.56622982013356626
  0.57511599038691918  0.58365482448592221  0.59210370288078285  0.60064663374120431
  0.60896088158183470  0.61814064629621213  0.62716636482114330  0.63651632644724188
  0.64574699822041193  0.65487543613776666  0.66408328025992358  0.67346468169925933
  0.68312258292428962  0.69314079917719840  0.70329217036340241  0.71333465498396009
  0.72306571463532598  0.73220628916687469  0.74112259259571567  0.74998505621611444
  0.75941921699919968  0.76946336088700085  0.78113126395166299  0.79334996963360105
  0.80522524062024448  0.81685134937986503  0.82842751642471135  0.84004835511917619
  0.85168965139356401  0.86339795460721125  0.87573648498964396  0.88877975167369205
  0.90345085375132939  0.92051150410001936  0.94499099887873894  1.00000000000000000
 -0.02269497547168585  0.13222622322936228  0.17006062032022393  0.19156826977656496
  0.20859119001737833  0.22297545765720272  0.23529498310348773  0.24653923274782288
  0.25619824663944862  0.26525524958739122  0.27334758609033155  0.28096494510009029
  0.28880524068768526  0.29673513546404673  0.30420238411495215  0.31116293928386318
  0.31797259245166981  0.32482667716617186  0.33153946109155369  0.33846057743999430
  0.34522490906325332  0.35212793236016354  0.35868126145463269  0.36489522236132599
  0.37076727536340603  0.37641983798523665  0.38205649923886914  0.38784887559449338
  0.39374466219977233  0.39944773544265400  0.40491148956338413  0.41022762144373265
  0.41551026883736836  0.42076764781742376  0.42601371608785432  0.43146667350079015
  0.43702046420922058  0.44278910991731874  0.44851213312014609  0.45413845729708152
  0.45981621102702380  0.46554441896931209  0.47114236876843718  0.47663210576893045
  0.48199717935763703  0.48708451171186418  0.49234399237964444  0.49754599026930835
  0.50269368386832036  0.50768280773098862  0.51291726846818386  0.51832023890548018
  0.52373617480300028  0.52910004589295678  0.53435161731967096  0.53956626119123530
  0.54498911346091683  0.55014696139822428  0.55559501811674450  0.56113871484100553
  0.56706798539835501  0.57337399184188220  0.57953900790206903  0.58558519949571963
  0.59142826182889574  0.59709436470926758  0.60273401529933901  0.60835056709868929
  0.61420995979842830  0.62034064356355467  0.62637061860040655  0.63217606098370882
  0.63798215237198863  0.64365070677098335  0.64998071145997594  0.65654527752381997
  0.66341543038541295  0.67033627000664997  0.67735608513262957  0.68447120688857632
  0.69140916226746563  0.69849031765893854  0.70547023173192325  0.71285554915214566
  0.72046122595297712  0.72851800185313631  0.73709259947985173  0.74587911563435827
  0.75556709677027700  0.76642622764674895  0.77849000956775471  0.79251032195555660
  0.80997518790598078  0.83212925639313540  0.86887427700586262  1.00000000000000000
   3.2511522692154941E-014  -1.0000000000000000     
 F F F F F F F F F T T T T T T T T T T T T T T T T T T T T T T T T T T T F F F F F F F F F T T T T T T T T T T T T T T T T T T T T T T T T T T T
  <DiscreteSampler_grid>
  grouped_processes
  1 # 1 for a reference and 2 for a running grid.
  10 # Attribute 'min_bin_probing_points' of the grid.
  1 # Attribute 'grid_mode' of the grid. 1=='default',2=='initialization'
  0.0000000000000000 # Attribute 'small_contrib_threshold' of the grid.
  0.5000000000000000 # Attribute 'damping_power' of the grid.
 # binID   n_entries weight   weight_sqr   abs_weight
    10   10   2.710610762617785E+001   1.087763422765982E+003   2.710610762617785E+001
    11   10   2.710610762617785E+001   1.087763422765982E+003   2.710610762617785E+001
  </DiscreteSampler_grid>
