 -0.00006301844769046  0.00058676499233039  0.00104654581081327  0.00143482116339441
  0.00176918753005735  0.00210569987403208  0.00242315256475095  0.00272750020406648
  0.00302607390839275  0.00332444908720559  0.00358767327085901  0.00384253056803218
  0.00408259636374913  0.00430881814692398  0.00455654935350186  0.00483259469000798
  0.00507989791993432  0.00535955606282533  0.00564079433312476  0.00590893306952535
  0.00616735346001896  0.00641782145324719  0.00666366718534646  0.00688938783107265
  0.00712204109290163  0.00736726584809055  0.00761627746571117  0.00792243915474666
  0.00828546635917568  0.00866580305756829  0.00915747226756381  0.00955042819964731
  0.00977262027690388  0.00994684202565494  0.01010597367536036  0.01027263034983491
  0.01044670658105939  0.01062577031142290  0.01079874384345142  0.01096743154064403
  0.01115118555894814  0.01134272500888881  0.01152438292260785  0.01170295736813267
  0.01188982344460007  0.01207355421403248  0.01227510562187417  0.01249568460191409
  0.01272054217213036  0.01289384551516282  0.01321184178741566  0.01371901481943554
  0.01422420308169370  0.01465295189197397  0.01509746314971655  0.01556229619889174
  0.01603686271289514  0.01649607274395751  0.01694706521116857  0.01739571656878814
  0.01781990786533391  0.01833766847915453  0.01931391716294125  0.02033291844744070
  0.02137938849110280  0.02232482444058931  0.02324775629362745  0.02424478158986886
  0.02525624282592468  0.02609891738472544  0.02698985253168858  0.02795797919149418
  0.02889130072622027  0.02981579193165268  0.03073204826631036  0.03253467289941566
  0.03438860390927798  0.03791552880228774  0.04156653838397975  0.04471450494099265
  0.04756336809540573  0.05041223124981881  0.05350887860105888  0.05672504319790859
  0.05990270202800389  0.06265379154031483  0.06540488105262579  0.06915798574976159
  0.07356857324317356  0.07787826942042893  0.08259779560958645  0.08751326863363475
  0.09206121924156352  0.10194419508420431  0.11228531585323302  1.00000000000000000
 -0.00171496445744277  0.00693950241522224  0.01615885460408209  0.02357211342938160
  0.03091002113182475  0.03953359747610564  0.05221049140919003  0.06404595068963803
  0.07306306599927337  0.08045095012538453  0.08926272427437378  0.09836270943430112
  0.10878698754086312  0.12087976470535020  0.13336012111404516  0.14521683029813615
  0.15646847121761856  0.16802346277784183  0.18016400178785613  0.19313835812454608
  0.20628076848490745  0.21941697614182837  0.23321262168910639  0.24673935736950450
  0.26061381315153814  0.27329733497045905  0.28461889162930165  0.29424997089220595
  0.30193150733527629  0.30913260569265844  0.31672665184735693  0.32612212735783552
  0.33854000127308065  0.35019914920524042  0.36165137615952608  0.37233560020872486
  0.38231896126216292  0.39221878384093573  0.40232426082114903  0.41096905091640956
  0.42154010108230605  0.43484526031622278  0.44812827706772090  0.46143396714379836
  0.47136255299650964  0.48309545857543884  0.49471489925847723  0.50501677929301625
  0.51397481893220298  0.52567150728054135  0.53802726967148773  0.55017733955544401
  0.56173436199138682  0.57317929857864380  0.58455686879440916  0.59593743967649537
  0.60653282035988232  0.61731924105231617  0.62751970917508393  0.63650274092435377
  0.64718574184282673  0.65854293209295933  0.67206263828637425  0.68548833387161634
  0.69819256604889479  0.70947208120527250  0.71771816391040388  0.72365362644737874
  0.73018193492254813  0.73842581271415242  0.74819788699660972  0.75964058771043497
  0.77064907485113732  0.78412796934517548  0.79967683874159257  0.81441829529936971
  0.82744420446242595  0.84069335342545370  0.85389156708532554  0.86227485842083007
  0.86932508572516376  0.87706331779409474  0.88550217782389606  0.89386613771840850
  0.90115830977061551  0.90859862703973959  0.91605504618232780  0.92490064288664431
  0.93434992842629783  0.94396133755168321  0.95378673561598926  0.96339725388434172
  0.97316642842875190  0.98296167249887900  0.99166772777476830  1.00000000000000000
 -0.02865568099365414  0.21665074071320609  0.34727654655774259  0.43762563707379365
  0.50714931309728173  0.56455070341842328  0.61098863896896405  0.65159137304342263
  0.68357556961196198  0.70763151117727519  0.72842816688306566  0.74720932529171091
  0.76466863480072111  0.77951513451550691  0.79227868980097160  0.80510290067081058
  0.81737578278559087  0.82914700200031322  0.84067129936522877  0.85133150882505804
  0.85936114551675036  0.86607217639706557  0.87218072150611481  0.87770201350490851
  0.88248690837559507  0.88666502820589155  0.89069579415235134  0.89439149941701568
  0.89789064124800211  0.90147707862566517  0.90493531130348803  0.90784684422659423
  0.91055909273086533  0.91315362243475695  0.91585080362073368  0.91840995863074926
  0.92095715563779179  0.92344318354753663  0.92572551581985174  0.92780871084356586
  0.92998020906339063  0.93218205809150778  0.93450921907485862  0.93678203696237239
  0.93876377900443198  0.94037811549920769  0.94197686927134305  0.94372264343193135
  0.94556991051106931  0.94748441699671393  0.94928729313281868  0.95087980550240947
  0.95238874000823692  0.95384827126515626  0.95520949252540122  0.95647549148569722
  0.95767773342569706  0.95885448980709276  0.96018153177482246  0.96154444160619812
  0.96276775530787850  0.96390198860081455  0.96498667713693986  0.96601943520105793
  0.96704226646577884  0.96809458998728859  0.96914879507259810  0.97015599214457826
  0.97103641068488389  0.97189278349292119  0.97271679814807255  0.97341631721878363
  0.97410197602634896  0.97480928457887495  0.97560943197511674  0.97630490636179079
  0.97700941989862433  0.97772293193183857  0.97842995531734389  0.97915592207016866
  0.97998769900990390  0.98090506772519004  0.98191600642944332  0.98314326653524486
  0.98443371810265390  0.98580615511441994  0.98737004960181962  0.98822787751485819
  0.98915889609753382  0.99007810518997308  0.99098804964347087  0.99199547238230745
  0.99302905602588265  0.99439358078588846  0.99653928135958225  1.00000000000000000
 -0.03347137155091102  0.18252554126006648  0.24421201832291217  0.27261509185915223
  0.29557773410777954  0.31813957259142878  0.33681195209340137  0.35198086453209476
  0.36689235348169286  0.37928658676430810  0.38977723737799036  0.40165325125005502
  0.41483832749308330  0.42832364691992536  0.44095711171253105  0.45231685676017347
  0.46268222052275088  0.47208818372233202  0.47930354832237160  0.48555402897665295
  0.49142769030913047  0.49718092927788382  0.50372031456850996  0.51194565583611285
  0.52084209082930122  0.52862811247164720  0.53569385497421163  0.54247653779739957
  0.54887598295937789  0.55534567412700386  0.56186052365351147  0.56817888374347114
  0.57414757098429303  0.57994489162383844  0.58564332591491863  0.59123320470819540
  0.59641219840898985  0.60166122982426884  0.60723153280516329  0.61264037707771324
  0.61827091640680387  0.62347563637991399  0.62910670682712988  0.63460447078280857
  0.64051709119813582  0.64613911199233398  0.65204897574019360  0.65825948727092132
  0.66418487173706375  0.67030560616477253  0.67537541767676301  0.67918747154364434
  0.68241495381423090  0.68540590297430870  0.68825208410029004  0.69106934295109601
  0.69417210327211276  0.69784831377665035  0.70260442877508722  0.70773756989750014
  0.71316193354994484  0.71889566032772401  0.72451041849363607  0.73020171304165060
  0.73602152626915307  0.74133971049045821  0.74653984403230467  0.75041350963590103
  0.75410680893380178  0.75851813829048853  0.76274294230740081  0.76670053998933030
  0.77121209683264869  0.77609426114093150  0.78142487579394926  0.78711931284796299
  0.79289228075875606  0.79834813262009241  0.80311132244582317  0.80752717906287641
  0.81144164629452054  0.81615463841216918  0.82010759135619615  0.82469514765774410
  0.82885128556312448  0.83257996525265798  0.83638121333236559  0.84136734540617575
  0.84756140808571023  0.85491552181667141  0.86407853470370111  0.87456645331231053
  0.88682965956625404  0.90247418743163998  0.92693863499549867  1.00000000000000000
   1.6831312856826221E-010  -1.0000000000000000     
 F F F F F F F F F T F F F T F F F T T F F F T F F F T T T T T T T T T T F F F F F F F F F T F F F T F F F T T F F F T F F F T T T T T T T T T T
  <DiscreteSampler_grid>
  grouped_processes
  1 # 1 for a reference and 2 for a running grid.
  10 # Attribute 'min_bin_probing_points' of the grid.
  1 # Attribute 'grid_mode' of the grid. 1=='default',2=='initialization'
  0.0000000000000000 # Attribute 'small_contrib_threshold' of the grid.
  0.5000000000000000 # Attribute 'damping_power' of the grid.
 # binID   n_entries weight   weight_sqr   abs_weight
    10   10   2.063853542025631E+000   1.665871450623449E+001   2.063853542025631E+000
    11   10   2.063853542025631E+000   1.665871450623449E+001   2.063853542025631E+000
    16   10   2.063853542025631E+000   1.665871450623449E+001   2.063853542025631E+000
    17   10   2.063853542025631E+000   1.665871450623449E+001   2.063853542025631E+000
  </DiscreteSampler_grid>
