  0.00000002828928448  0.00000859378489550  0.00001470858451460  0.00001942601722283
  0.00002431812534975  0.00002903268705809  0.00003369784003826  0.00003834481026470
  0.00004301840474462  0.00004776331086067  0.00005260627871810  0.00005755218180899
  0.00006254405378115  0.00006760036777822  0.00007271867717162  0.00007791365342632
  0.00008321657156469  0.00008861228049606  0.00009421169733931  0.00010000103403995
  0.00010589267131604  0.00011188926603465  0.00011805682442730  0.00012440690950716
  0.00013093540417634  0.00013768971445997  0.00014468859223388  0.00015183558945924
  0.00015911803159299  0.00016658843155272  0.00017432522051139  0.00018229223458219
  0.00019043071078480  0.00019895990628452  0.00020788918558867  0.00021725545984701
  0.00022702095302184  0.00023722621352381  0.00024785767208102  0.00025883321961624
  0.00027024341479848  0.00028192910810703  0.00029417638032711  0.00030694861223518
  0.00032028654002080  0.00033420297853177  0.00034856314808104  0.00036350998270130
  0.00037910641283943  0.00039556487674026  0.00041294437751025  0.00043134077006901
  0.00045082750350713  0.00047129206058488  0.00049271133384623  0.00051495847846858
  0.00053860060563405  0.00056384327627091  0.00059063154273567  0.00061904112599763
  0.00064916119569074  0.00068102994206529  0.00071450198968570  0.00075036277361826
  0.00078818501768016  0.00082917796212229  0.00087233131664395  0.00092104457098773
  0.00097270528435066  0.00102651797895098  0.00108424463599142  0.00114620459377673
  0.00121354843943156  0.00128446175387467  0.00136514882765842  0.00145602370201692
  0.00155733890950748  0.00166881354563289  0.00179206064134885  0.00193716187257417
  0.00210877103610893  0.00230343566707183  0.00251604821302144  0.00275088338925361
  0.00303776604694312  0.00339491808951627  0.00383643826270547  0.00436117232529699
  0.00501774487883798  0.00587736157617508  0.00708145383810763  0.00861509998401527
  0.01082548948207461  0.01419404978263231  0.46601211113901664  1.00000000000000000
 -0.00258184059487175  0.00991226882377718  0.02058861694747324  0.03149838730392424
  0.04248549085276538  0.05335419958167408  0.06427348902815470  0.07505499483360235
  0.08577688049976967  0.09635537198432770  0.10708472281589981  0.11778301085256131
  0.12847118188360432  0.13926164433950430  0.14992878823644143  0.16057453867808585
  0.17095723601504825  0.18132743942431012  0.19167601475418142  0.20217204302504924
  0.21273160799027196  0.22337770954820013  0.23380359731933556  0.24408970905552621
  0.25429087818367269  0.26457825460586420  0.27501742982985844  0.28553529267366107
  0.29620817222099499  0.30703307088290760  0.31794471212243774  0.32875978796542316
  0.33925487927529641  0.34964675832516262  0.36007420876828283  0.37066347308630859
  0.38121439862489448  0.39167649956387268  0.40202630634229486  0.41248826127401789
  0.42297324735527098  0.43325371246019012  0.44361573487240524  0.45389628018731565
  0.46419558683527479  0.47430222623142165  0.48437957613216270  0.49453745407241650
  0.50468902598214715  0.51470151856390423  0.52460427962373157  0.53480401995521398
  0.54506881515052263  0.55561851455149169  0.56597251820026429  0.57650832505419936
  0.58727802712144506  0.59807220999415878  0.60877639610946588  0.61919195098822533
  0.62973700122088583  0.64039869565727836  0.65112710194061674  0.66190693572850290
  0.67287268067413641  0.68373590335798395  0.69401259521202974  0.70397444173130097
  0.71399580827742759  0.72416198996358006  0.73452948906180338  0.74497391575768634
  0.75554767983885096  0.76615732899645139  0.77678210370961376  0.78742574493124817
  0.79797180975899495  0.80842738802773140  0.81904472801656114  0.82964253298159674
  0.84026566583386098  0.85071214054712585  0.86138806454378236  0.87208622580431394
  0.88290239098227774  0.89366282312702583  0.90442096479682044  0.91513950117807052
  0.92587205641353088  0.93647598484696915  0.94706060399475622  0.95771054993212179
  0.96859793374512337  0.97925470607007492  0.98969941910450865  1.00000000000000000
 -0.00430532688360929  0.02601256641947885  0.04741607311091701  0.06515065234406403
  0.08089830804591121  0.09568484142635117  0.10969537037370018  0.12296478904761571
  0.13565038148440250  0.14781640981374652  0.15939753228093778  0.17061108968014346
  0.18155271328384381  0.19233686382551138  0.20296554181779536  0.21342508458591719
  0.22359469718606304  0.23356694763469263  0.24329938676543686  0.25287287234531541
  0.26230675228217010  0.27157236968177539  0.28059419806857849  0.28954351493235303
  0.29835040966692578  0.30702688115419163  0.31560402251118325  0.32408811746922117
  0.33258452329743821  0.34110334887293930  0.34951468383753642  0.35788909146331399
  0.36620422529356372  0.37444032507225822  0.38267253133024676  0.39087479073285486
  0.39895197827001305  0.40686646744775179  0.41467878880810516  0.42253796301380442
  0.43046792938709505  0.43848427125976625  0.44656360479366231  0.45470574529418428
  0.46261351749675106  0.47054359261909429  0.47841521930614539  0.48619490058003351
  0.49398803072298719  0.50175924357178792  0.50953607483849783  0.51737914893029358
  0.52528540579733707  0.53319421369802278  0.54106189681059480  0.54895402637940571
  0.55683514637110876  0.56464245549047443  0.57236654125203690  0.58000022260465323
  0.58766359801605161  0.59550191886937653  0.60342782697839237  0.61146745786724332
  0.61943464630574985  0.62762504550058751  0.63593243053317083  0.64435263424023081
  0.65259101229506500  0.66082980097207700  0.66909736086418714  0.67743654767060990
  0.68592718875403602  0.69454434885318395  0.70322452336903896  0.71203201180393283
  0.72102322075017011  0.73011343104223814  0.73934699196160958  0.74875439240443431
  0.75831946036795472  0.76795923280087131  0.77773939484947929  0.78766181189758944
  0.79801063392248373  0.80859150154659210  0.81967175635931699  0.83103336256147720
  0.84307733114430627  0.85570538842497268  0.86962168239550364  0.88503560821351734
  0.90247244958277750  0.92268735162416193  0.95069409574345476  1.00000000000000000
 -0.01921895003711739  0.10962213815847704  0.14543174721045490  0.16754865617040479
  0.18480798581774091  0.19963927845712331  0.21291185187889025  0.22505940593440277
  0.23636963588580207  0.24702026618143152  0.25708661675760686  0.26668385576606274
  0.27578490521521820  0.28452381530326465  0.29292425209472978  0.30099770868818054
  0.30885558626414850  0.31643875186049941  0.32369476945785403  0.33077431631254989
  0.33766739585221511  0.34438134989424674  0.35107048043536510  0.35764776232320727
  0.36416040590473248  0.37062098768652957  0.37697788895626816  0.38322842942501639
  0.38940987238862251  0.39553890225548960  0.40160789917325229  0.40763479731940910
  0.41363365756376985  0.41947764526191134  0.42524493132848290  0.43093440704053382
  0.43662956681072307  0.44228733751492827  0.44788752076491656  0.45341785330527140
  0.45882604696022788  0.46418687207341813  0.46956353318223720  0.47496314379273930
  0.48037558265205954  0.48578732624689880  0.49122103680293167  0.49670757255853359
  0.50226071273082762  0.50783504720565731  0.51337906815060630  0.51890607938144095
  0.52443139043486198  0.52998488550943612  0.53555850846931208  0.54116228613846651
  0.54685837962719774  0.55263243044340671  0.55841593272261403  0.56427589073702411
  0.57021638791486240  0.57621350239078795  0.58223446519122080  0.58819761482543864
  0.59421300562868717  0.60025323039058553  0.60637427575254232  0.61254719828197335
  0.61877458897098592  0.62507340619065443  0.63144611654136273  0.63785447599059375
  0.64428844868693891  0.65084089467459327  0.65755910558660968  0.66443410093918820
  0.67154784239968657  0.67884790944378848  0.68623572570408375  0.69376727825158058
  0.70142014374167427  0.70932308375451947  0.71757271569397685  0.72605462297519585
  0.73486659446252700  0.74403768540946980  0.75375857348502273  0.76416351282842587
  0.77524325245290426  0.78712716577066888  0.80013580315053368  0.81497272133216192
  0.83249420236490967  0.85480764475401905  0.89038385947117515  1.00000000000000000
   2.1888924142468044E-003  -1.0000000000000000     
 T T T T T T T T T T T T T T T T F F F F F F F F F F F F F F F F
  <DiscreteSampler_grid>
  grouped_processes
  1 # 1 for a reference and 2 for a running grid.
  10 # Attribute 'min_bin_probing_points' of the grid.
  1 # Attribute 'grid_mode' of the grid. 1=='default',2=='initialization'
  0.0000000000000000 # Attribute 'small_contrib_threshold' of the grid.
  0.5000000000000000 # Attribute 'damping_power' of the grid.
 # binID   n_entries weight   weight_sqr   abs_weight
    10   10   5.585562256316396E+008   9.870194001298326E+017   5.585562256316396E+008
    16   10   5.585562256316395E+008   9.870194001298322E+017   5.585562256316395E+008
  </DiscreteSampler_grid>
