 -0.00000744921935884  0.00049544877028666  0.00093233075307698  0.00136310406108249
  0.00179834714667774  0.00221506964370308  0.00262399991612575  0.00304167673479694
  0.00345596912970342  0.00385294962275518  0.00425794483636031  0.00462260162851448
  0.00499793017650531  0.00537997261190145  0.00580086696867330  0.00622319745277201
  0.00663037722374579  0.00703605961787782  0.00743336696200918  0.00785126737981319
  0.00821186514183652  0.00858029227169737  0.00895258550495273  0.00930915676620928
  0.00963417294514201  0.00997688380685505  0.01032931119620946  0.01073869560585455
  0.01121900355106817  0.01176847319460113  0.01249274439401654  0.01312806890618763
  0.01365138532197067  0.01416726301776200  0.01465387562463673  0.01511758967163624
  0.01555770234081441  0.01598627060669459  0.01642683126952898  0.01686471529785339
  0.01726474333771766  0.01772055668591225  0.01829083503718429  0.01890609591884071
  0.01968359158619787  0.02058908093539688  0.02159042241228369  0.02267968464136955
  0.02374486062944276  0.02476845874488854  0.02564799004247009  0.02648086136658954
  0.02735982716340024  0.02825135437362873  0.02908973208647734  0.02975633064122747
  0.03034776231332604  0.03085508072164175  0.03141419901585513  0.03196419244928977
  0.03254652971393596  0.03312228458438338  0.03371799671661773  0.03432478617633072
  0.03493441232144698  0.03539800063155524  0.03582456396113624  0.03621341107413375
  0.03667391451081553  0.03715868780988878  0.03764046557394140  0.03818764286441115
  0.03878458034851407  0.03934526713527097  0.03993201311036804  0.04073193833099229
  0.04189189462150286  0.04299388370774322  0.04467219737692831  0.04621982891114316
  0.04741318190670903  0.04807522132772458  0.04873726074874014  0.04939930016975569
  0.05371113860764125  0.05927830100163389  0.06484546339562654  0.06969870253687491
  0.07074044893981135  0.07178219534274780  0.07282394174568424  0.07682456069707536
  0.08027816982177308  0.08525401473743188  0.19032139192232508  1.00000000000000000
 -0.00355549093790450  0.01371624423391769  0.02742582992456702  0.04175949418919513
  0.05362228487093847  0.06478533299588386  0.07515820305881118  0.08597443143994325
  0.09588538010966652  0.10638482572923709  0.11696931749359092  0.12844644485918855
  0.14132065790461143  0.15680660209727385  0.16887133127117168  0.17989561900713358
  0.18972280031849648  0.19843684356310273  0.20855323019815344  0.21676040051684264
  0.22472044351083595  0.23295112271688356  0.24097592842920196  0.24813184134013708
  0.25473958423423132  0.26127400763007386  0.26771963213091865  0.27445411611409498
  0.28104814299120628  0.28773179185141950  0.29521188413658972  0.30325083825070598
  0.31073459022102390  0.32075704364971319  0.33170569195206312  0.34208564112292461
  0.35363092388972750  0.36694226943827757  0.38066922683227089  0.39263873759151141
  0.40384451401721044  0.41498297280575486  0.42606560994320919  0.43721176051715221
  0.44796863570037287  0.45849133811790926  0.46910824349258551  0.48043683915730356
  0.49164005738645827  0.50243968362258384  0.51424043150230048  0.52502609871951744
  0.53609642808095914  0.54668272156745379  0.55656399462335115  0.56660889024362771
  0.57640544728489762  0.58495674688184185  0.59306362480415042  0.60067351274519765
  0.61077088500250787  0.62215374996626271  0.63144900953099459  0.63929720482562546
  0.64732823613679769  0.65504737905221899  0.66261593550175035  0.67045024355193239
  0.67863717560279568  0.68541034048450966  0.69412455752390312  0.70546754086069630
  0.71797578410698393  0.73253269598074899  0.74756121494221739  0.76160029227326753
  0.77477769899016335  0.78946452607950623  0.80328499670392217  0.81633106536752997
  0.82906821324975488  0.84157179313297548  0.85400789403596589  0.86683438454965256
  0.87950113414169384  0.89131890481582066  0.90082746202000352  0.91149410470085257
  0.92269209013294873  0.93426211982256768  0.94829771188058953  0.96132012650910759
  0.97302141839678824  0.98282504054442310  0.99166552988218115  1.00000000000000000
 -0.00503944577574548  0.06580366337508292  0.11347747913869159  0.14999578060279947
  0.18363327989480763  0.21398086400492813  0.24009789145241905  0.26455027816585447
  0.28855738777362783  0.31226630023868363  0.33376641893303755  0.35353236522454928
  0.37277655136947407  0.38965010220765522  0.40555947894411609  0.42148116184658024
  0.43701730880900080  0.45105936841634142  0.46387672754870674  0.47635279485080789
  0.48868375386265361  0.50093663533844968  0.51312297329830936  0.52409943729892139
  0.53498918322295186  0.54559174182473835  0.55655781395313420  0.56726076306269080
  0.57802015497670722  0.58772000457405971  0.59786091131551822  0.60833887769066153
  0.61924085124804984  0.62978410148126773  0.63794740683376294  0.64613277897281840
  0.65315459309148916  0.66095603461504915  0.66863408978543504  0.67521187131035387
  0.68134000222350433  0.68694870061648128  0.69204108350426952  0.69686842014767214
  0.70177136912390092  0.70676435603608434  0.71197378179215298  0.71714616295799860
  0.72244615250128130  0.72792748576931865  0.73369837233345447  0.74046872694895061
  0.74744824648922736  0.75535317547433756  0.76260689613575172  0.76862761797623824
  0.77426256388064818  0.77965043609540297  0.78534743368252058  0.79095125748062323
  0.79556072082815721  0.79959359934895335  0.80341639350447669  0.80721701747086139
  0.81111092157529863  0.81519548242485074  0.81943626882777343  0.82391908540316550
  0.82830823368890272  0.83248257488701061  0.83691727680491512  0.84185886354446182
  0.84695338842470091  0.85258163801767584  0.85908771843207254  0.86704745902776137
  0.87301651078505038  0.87805937397834333  0.88230026115913118  0.88632420434677095
  0.89038611753827912  0.89466803241884085  0.89894361456345395  0.90302553281664200
  0.90707368854496429  0.91126898183249494  0.91563915149072850  0.91997839840329110
  0.92459209894477523  0.92936137521498874  0.93422700318480267  0.93974908155830006
  0.94673536000698766  0.95522182854622972  0.96731221664456901  1.00000000000000000
 -0.01907026941488386  0.13518116233990840  0.19183355475964531  0.22211139578976463
  0.24848228853511398  0.27518129710091482  0.29853052091515930  0.31658424573557425
  0.33261976618809319  0.34598469726746417  0.35766929924101942  0.36859326956952726
  0.37821234047780955  0.38732407733195329  0.39546446457146606  0.40346840573457043
  0.41058991982700510  0.41867953110157374  0.42744437512067551  0.43722126297627334
  0.44508355052084470  0.45143026405000491  0.45774864848310931  0.46366958856212492
  0.46932232550572356  0.47453420542159708  0.47977043169664702  0.48439637990767381
  0.48852709743533396  0.49250793228111550  0.49600447683181353  0.50007553259306836
  0.50483948608000007  0.51027662822359632  0.51595387823978445  0.52178840541400495
  0.52804146095773752  0.53430455727649329  0.53958821310048755  0.54410654222932631
  0.54834571432434975  0.55248306446341577  0.55673141573267348  0.56123431686540737
  0.56642924557627894  0.57255532455326941  0.57930890935309998  0.58557707809309878
  0.59109092252383721  0.59625205788916613  0.60132444294852661  0.60654562850917548
  0.61212661536550517  0.61754429975950231  0.62300835101609753  0.62834631836885058
  0.63309245799598357  0.63830167840785623  0.64352700916065197  0.64808302937429374
  0.65222023984009292  0.65687666217883978  0.66057731687236865  0.66408939988271642
  0.66758724967544081  0.67119542753900907  0.67540035915316443  0.67991098968810371
  0.68448061742795907  0.68943367597200766  0.69457103235520756  0.69976712490672044
  0.70505816880129846  0.71045910826172765  0.71714408211666825  0.72356959248601582
  0.73055168910024537  0.73712107024101170  0.74316567648172005  0.74906979874842650
  0.75495498392231142  0.76094783952932765  0.76744181275854106  0.77458322549999847
  0.78195773490392562  0.79070072417695447  0.79958419815562543  0.80715445529795460
  0.81465374878999441  0.82315894776350085  0.83362344643631736  0.84689040559503281
  0.86168099178969404  0.88135387964697609  0.91286743235655055  1.00000000000000000
   2.9390776608703519E-012  -1.0000000000000000     
 F F F F F F F F F T F F F T F F F T T F F F T F F F T T T T T T T T T T F F F F F F F F F T F F F T F F F T T F F F T F F F T T T T T T T T T T
  <DiscreteSampler_grid>
  grouped_processes
  1 # 1 for a reference and 2 for a running grid.
  10 # Attribute 'min_bin_probing_points' of the grid.
  1 # Attribute 'grid_mode' of the grid. 1=='default',2=='initialization'
  0.0000000000000000 # Attribute 'small_contrib_threshold' of the grid.
  0.5000000000000000 # Attribute 'damping_power' of the grid.
 # binID   n_entries weight   weight_sqr   abs_weight
    10   10   3.703958269801257E+000   2.439128431660917E+001   3.703958269801257E+000
    11   10   3.703958269801257E+000   2.439128431660917E+001   3.703958269801257E+000
  </DiscreteSampler_grid>
