 -0.00002874197434466  0.00034412351224468  0.00063326633561593  0.00090529838558967
  0.00117143506425280  0.00143487730169855  0.00169613985160156  0.00194366075981953
  0.00217802899266602  0.00241913161607333  0.00266190092466562  0.00291745507578853
  0.00318780325930256  0.00344400644839236  0.00367589094458198  0.00389295972658203
  0.00410338006696995  0.00433819365195301  0.00458008170637312  0.00483632506058302
  0.00508905308392039  0.00536203486574997  0.00563709789041819  0.00586642658747893
  0.00607636867314205  0.00628848170417395  0.00650183643925437  0.00670917054409126
  0.00690800539157356  0.00711102579142482  0.00733998768973135  0.00758485831353962
  0.00787771968652700  0.00823996962779678  0.00850147795328667  0.00888351580610179
  0.00930031810224738  0.00971779267792550  0.01015037522071342  0.01061619323641232
  0.01108332397392251  0.01152924227865348  0.01203723533224479  0.01255901835400914
  0.01309832182016178  0.01368043036969554  0.01441710299644769  0.01513527650736447
  0.01576840184273990  0.01613086407733882  0.01640823739730382  0.01665451924134418
  0.01690940921868074  0.01717499124797462  0.01743056156679989  0.01771297488855576
  0.01801529051371000  0.01837061872898064  0.01877380883948537  0.01919494011469586
  0.01954296903869590  0.01987022764617605  0.02017696311811098  0.02047515517208709
  0.02072702691933353  0.02103595541260999  0.02134526043571567  0.02179117476379399
  0.02241468801313418  0.02309425315667299  0.02372526399892083  0.02431710533861781
  0.02491661881424917  0.02555924630212455  0.02590337298426591  0.02606723034595986
  0.02623835041699810  0.02641328040959513  0.02657200786661560  0.02685459487544605
  0.02826649229581038  0.02997379505713582  0.03145919278880268  0.03296693684307705
  0.03458026513927089  0.03602739458742937  0.03721153068506269  0.03839566678269601
  0.03954376612694773  0.04069004598855216  0.04177053480635914  0.04276599083114450
  0.04376144685592985  0.04380805900767724  0.04380805900772688  1.00000000000000000
 -0.00330867186434853  0.01267457981266612  0.02553570067578097  0.03750784964496463
  0.04628039514376905  0.05252867888696079  0.05890296921358143  0.06372884470171761
  0.06669099661943008  0.06942149991186805  0.07206270246417502  0.07471557011527405
  0.07907184675079686  0.08688819987837156  0.09414219167574145  0.10037172741047057
  0.10789090284999614  0.11743172489760530  0.12826169989226061  0.14073870554271442
  0.15252496501051377  0.16306913733469031  0.17280741503703567  0.18256408892423878
  0.19310756286396610  0.20444828175546784  0.21847719867839574  0.23765195530464328
  0.25207957267495407  0.26474071105412844  0.27623635796645346  0.28760421128877667
  0.29901794126404507  0.31017138169570913  0.32172948752953251  0.33420748811760470
  0.34791253895640245  0.35954290132455213  0.36953864064577885  0.37943310515137552
  0.38956797413304400  0.40047675967213675  0.41302899767440726  0.42931104140315385
  0.44762175306986413  0.46434317489638116  0.47839674474090982  0.49145000460789812
  0.50219463119912966  0.51136165792289523  0.52029739393363195  0.52590020253935443
  0.53265906902796689  0.53904750858813144  0.54521078280706059  0.55145253565828400
  0.55729798031707323  0.56270638156114938  0.57151432676859570  0.58610880558039558
  0.60300009034599977  0.62346787094060352  0.64215988325918782  0.65294925303746010
  0.66057646355579092  0.67012091806568508  0.67974547095467941  0.68805885355627427
  0.69579591716775169  0.70284474861330137  0.71016861734159120  0.71957597944151264
  0.72903316086817194  0.73851406562653832  0.74993801829984796  0.76316164765096717
  0.77602153970143084  0.78830353332221414  0.79963269584411034  0.81272703501976695
  0.82450091245929469  0.83693241316161426  0.85060638442486081  0.86599537998511988
  0.88117529252734816  0.89383316200027008  0.90608600715806131  0.91732720257244926
  0.92823698524768361  0.93901884028440230  0.94956123668643277  0.96078319759219932
  0.97085672014390167  0.98079744020591308  0.99039588725532435  1.00000000000000000
 -0.01822657570008823  0.17548714453928912  0.28407760368115248  0.36629859319877545
  0.43106756152025982  0.48255212807672132  0.52756494883323202  0.56504832530352345
  0.59842687660232685  0.62949153015527448  0.65768755267589907  0.67879760923554477
  0.69739537359385917  0.71581768692369152  0.73269685143750563  0.74836473747399512
  0.76335192532147589  0.77771000169304916  0.79104252498101846  0.80173859142097825
  0.81144370850509551  0.82040277476904877  0.82875334363819053  0.83639814912164545
  0.84352283364256053  0.85028039771311437  0.85671100545885781  0.86276911075023133
  0.86854713458676469  0.87414053904212030  0.87926606653167227  0.88432078006990855
  0.88928224081759599  0.89380230123452786  0.89771940083805357  0.90101572943732866
  0.90405758279709458  0.90705619674094495  0.91002360035937857  0.91306281329772554
  0.91634246737828307  0.91912543828972904  0.92175975048137471  0.92428494025910479
  0.92670022935429619  0.92907014609474059  0.93153024940675500  0.93395635411926514
  0.93632325288182605  0.93813959021826243  0.93989447923608327  0.94175971817450688
  0.94369615031642717  0.94561572354224266  0.94749354658438933  0.94921803586213460
  0.95083102079744719  0.95247901307546912  0.95407565236597369  0.95562119444052052
  0.95719212462828729  0.95864094341456529  0.95995412742812336  0.96124804889503046
  0.96255491362557111  0.96390868952548037  0.96538142045157316  0.96680252729643690
  0.96830195710120559  0.96980517177441650  0.97118855549393479  0.97250644351745630
  0.97379453116684833  0.97508357398824141  0.97649961829911502  0.97801823298756840
  0.97962195725116152  0.98035215118868746  0.98100628551404401  0.98168102880953090
  0.98237032868779994  0.98305075024723720  0.98368352815164606  0.98431329692200076
  0.98487920796247452  0.98549337345308741  0.98612808914967010  0.98665016973497255
  0.98740652205005608  0.98815814631484944  0.98889434350656047  0.98971684112732428
  0.99051382628369056  0.99218283111295158  0.99511522769790706  1.00000000000000000
 -0.02130061686841651  0.12582263619360762  0.16057109840243572  0.17911642222538493
  0.19494660697169292  0.21038715037586070  0.22493430806582698  0.23962050627485237
  0.25218688572233294  0.26004167380183119  0.26760439495456723  0.27566429131826076
  0.28418390518199843  0.29162986692585829  0.29881030417393956  0.30547741059810352
  0.31074169548920649  0.31425862536333987  0.31762857385428594  0.32109446679198811
  0.32461765729554881  0.32818183117540289  0.33189695144408765  0.33556052215452503
  0.33948126482242130  0.34463371435245405  0.35168646877030302  0.35911032573347862
  0.36658577634570771  0.37393716046481373  0.38061868164077839  0.38622415699048762
  0.39133854822735265  0.39612998011346062  0.40076660109669821  0.40561018578573377
  0.41034918466669573  0.41601674855131265  0.42248075497824317  0.42886770634516758
  0.43519995140244955  0.44192936881657152  0.44871792482044415  0.45560005181294361
  0.46065907107262549  0.46443806115701591  0.46864886666787497  0.47267031897653300
  0.47662794457408297  0.48071324266281185  0.48472298557784776  0.48860579117569658
  0.49274272836596616  0.49722617736336078  0.50157875291759202  0.50543686578549563
  0.50913793172800814  0.51298383959590854  0.51690460560262597  0.52124680516363464
  0.52707998231996578  0.53283852891704753  0.53787215962836210  0.54278814656838237
  0.54777628342061557  0.55315325314487196  0.55972441053479094  0.56693517937713700
  0.57402142994525474  0.58014501972491073  0.58522103547086046  0.59043295928043293
  0.59584369169855111  0.60154776293624534  0.60839132011170993  0.61515146458296732
  0.62231698694649418  0.63016942107323382  0.63856684603853764  0.64663931781213990
  0.65479089216279329  0.66189385218437802  0.67122116196745263  0.68173925846334615
  0.69270320442360633  0.70439535118760599  0.71698278345205224  0.73001601212699652
  0.74352629669962200  0.75724597171180053  0.77090034847388522  0.78596259391310763
  0.80212817865885466  0.82549396375285511  0.86645264413914880  1.00000000000000000
   1.8894816988224699E-012  -1.0000000000000000     
 F F F F F F F F F T T T T T T T T T T T T T T T T T T T T T T T T T T T F F F F F F F F F T T T T T T T T T T T T T T T T T T T T T T T T T T T
  <DiscreteSampler_grid>
  grouped_processes
  1 # 1 for a reference and 2 for a running grid.
  10 # Attribute 'min_bin_probing_points' of the grid.
  1 # Attribute 'grid_mode' of the grid. 1=='default',2=='initialization'
  0.0000000000000000 # Attribute 'small_contrib_threshold' of the grid.
  0.5000000000000000 # Attribute 'damping_power' of the grid.
 # binID   n_entries weight   weight_sqr   abs_weight
    10   10   3.065071979100588E-001   5.906960303830375E-001   3.065071979100588E-001
    11   10   3.065071979100588E-001   5.906960303830375E-001   3.065071979100588E-001
    16   10   3.065071979100588E-001   5.906960303830375E-001   3.065071979100588E-001
    17   10   3.065071979097841E-001   5.906960303829518E-001   3.065071979097841E-001
  </DiscreteSampler_grid>
