 -0.00002453413933563  0.00048221311676640  0.00091282526593292  0.00133110039803889
  0.00173784397536616  0.00215410952567626  0.00258293722203202  0.00301866824411549
  0.00345530902326509  0.00385558763626808  0.00424872985755190  0.00462275995995650
  0.00500240747058121  0.00538596163922716  0.00578042255337440  0.00617511587707704
  0.00656885712049073  0.00698037305664567  0.00742480483778272  0.00786357714198207
  0.00831010238837005  0.00874827669160629  0.00918486898277012  0.00960043269366269
  0.00998131021527588  0.01035633536642983  0.01073015513833834  0.01111256700427789
  0.01149818413237283  0.01190516066613018  0.01239151504550265  0.01287067933402903
  0.01341673775316717  0.01392197343448641  0.01434849462139492  0.01473741817713333
  0.01512580565837321  0.01554689211451872  0.01597462540294637  0.01638289646781010
  0.01678867519911423  0.01718960253925744  0.01757306238670845  0.01802920735378366
  0.01850398052643955  0.01899783339787113  0.01946380982133824  0.01988258438020566
  0.02027192307552768  0.02067161213166196  0.02111073597614035  0.02156498003253773
  0.02201711942903044  0.02247874545263483  0.02292135191422285  0.02337152359001084
  0.02386797203159509  0.02440725688941907  0.02518586798464276  0.02593115761148296
  0.02647827358472677  0.02694134379514768  0.02746300849648468  0.02801428753833647
  0.02871247075840173  0.02954400070705995  0.03038551996356632  0.03114987990042880
  0.03180301410769847  0.03243460673880900  0.03324698360249201  0.03408562253665744
  0.03498741282990302  0.03635591710733965  0.03848109808359954  0.04076112485694885
  0.04236880171458406  0.04355282350057210  0.04466949766318190  0.04575171657094341
  0.04687619959360228  0.04809873179247018  0.04957367960988333  0.05101050545343174
  0.05249053110366893  0.05436790731803696  0.05624982534058509  0.05813524983123161
  0.06018709286433113  0.06236303144605205  0.06695689159201393  0.07198668015492421
  0.07718213584818213  0.08402240752648195  0.09086267920478175  1.00000000000000000
 -0.00152413892199970  0.00570129622942474  0.01477995575573788  0.02227897843796777
  0.02841216010965346  0.03378833433249608  0.04169328417403825  0.05098241441118209
  0.05989536309496059  0.06881511744542315  0.07823447043532095  0.08864609939170685
  0.09972932027108586  0.10976571384737722  0.11914966943403646  0.12893974943161318
  0.14106749394633081  0.15426685894828218  0.16964016763995962  0.18345085530473570
  0.19456661378472509  0.20329701897678240  0.21155997307972499  0.21920435608130856
  0.22733554738645512  0.23499784341745261  0.24299573259721383  0.25255633714412828
  0.26525705955678930  0.27818197355102625  0.28996190835321983  0.30138513386059568
  0.31266483400490441  0.32434537745665543  0.33626085371230097  0.34650246083890646
  0.35659627159261292  0.36666569485337869  0.37754898985771856  0.38926851311545763
  0.40312535747793116  0.42077775857456445  0.43308775714108988  0.44458379871870118
  0.45498041490530811  0.46430296168706997  0.47402017843425071  0.48497575492293937
  0.49665358760381029  0.50816963916125979  0.51865861567412874  0.52948287372393099
  0.54048349041196964  0.55383516373040043  0.56709873187195425  0.58011158503721116
  0.59269783117073949  0.60561962434191041  0.61730769429793086  0.62894228326172452
  0.63902473871184595  0.64854715093994963  0.65799717920503797  0.66786482075753417
  0.67794594617261572  0.68920705980199615  0.70040265528806323  0.71027571616598095
  0.71791240071869744  0.72450590650434588  0.73155151542079988  0.74035128920781268
  0.75081775268028617  0.76093454260516968  0.77201272964251610  0.78662953717454742
  0.80011204781404865  0.81146520561710900  0.82218773556132241  0.83212416945203427
  0.84139977265956745  0.84858910667653331  0.85598730093337361  0.86387949870359360
  0.87153623110697176  0.88252286038646099  0.89447765398772139  0.90526255641571463
  0.91507891528895247  0.92604337712626883  0.93776115804017968  0.95024569208405185
  0.96326163236600426  0.97537783768302455  0.98733816385300799  1.00000000000000000
 -0.00444549375786995  0.06037961135370166  0.10558262545388029  0.14011579841749844
  0.17202552592245987  0.20208064729772202  0.23067818090333822  0.25561168337230800
  0.27968601244395958  0.30461222286630879  0.32662452797386998  0.34597418339369945
  0.36511585071109282  0.38399805357868561  0.40274144871955142  0.42013782241033015
  0.43651100175498186  0.45224658571264509  0.46778176763853979  0.48116584631127751
  0.49396102468569181  0.50555878238988694  0.51628905928104973  0.52660486516565597
  0.53679506597266269  0.54699354288158275  0.55682408045138365  0.56586011855449514
  0.57507588542809907  0.58420015232041800  0.59534243461156156  0.60750377560434854
  0.61963513826658090  0.63087790623829776  0.64028256352620516  0.64875174337818187
  0.65686622191878608  0.66475200297776549  0.67211028690253716  0.67860617283161340
  0.68448653924427727  0.69066101768815824  0.69737465554726852  0.70427875873240797
  0.71083700901343405  0.71694153064645938  0.72278754634774256  0.72861028928570803
  0.73473047591690066  0.74036451480271981  0.74575774230078851  0.75091319033784620
  0.75599458098461192  0.76140576806344473  0.76699189357316211  0.77233015877055877
  0.77754451758536558  0.78275679442076596  0.78808002521188125  0.79350512950511420
  0.79804291340104894  0.80285318129066052  0.80740454376269832  0.81206111397654546
  0.81607209044610129  0.81996638959753021  0.82414822364175522  0.82827550067193678
  0.83241202231450384  0.83639042171139277  0.84019639847620586  0.84427316647335726
  0.84814749146654866  0.85193398480661042  0.85561906578164681  0.85962405220346416
  0.86372327526672288  0.86832232183594549  0.87346498287595653  0.87868852258403030
  0.88379189332647679  0.88878448305056756  0.89269543154698927  0.89709432615945173
  0.90233184470702299  0.90741912487809917  0.91202475907663216  0.91748839388698766
  0.92330678402322119  0.92915495944395599  0.93499243246767449  0.94124926595668257
  0.94754752412875598  0.95652245294582816  0.97508235349628469  1.00000000000000000
 -0.01664623410553184  0.12019902048582740  0.18442903946856704  0.22447124354322112
  0.24848768383964057  0.26738065924551840  0.28441556868679829  0.30067782960707101
  0.31790662320490554  0.33501437988805804  0.34702735185286820  0.35757566160308779
  0.36647426743511685  0.37523955296138745  0.38349037466268876  0.39064344688752545
  0.39679336674830074  0.40264591527133881  0.40859225192411247  0.41538455983827216
  0.42292804745403323  0.43049538345912658  0.43714483213338806  0.44342618181167692
  0.44975866372882783  0.45668050188350051  0.46397934636736582  0.47030475080638723
  0.47528289591248524  0.48038030200151682  0.48584188737416328  0.49080112425416034
  0.49565884175437513  0.50114413019060178  0.50732540388074421  0.51367411519272388
  0.52061052610369196  0.52748043024277669  0.53361414469357449  0.53926978185664587
  0.54473521282266590  0.54994472500643676  0.55526946349945794  0.56058660001619876
  0.56564579248313296  0.57013454689652321  0.57515086451312980  0.57988968365648541
  0.58467136110539464  0.58919225993766944  0.59373109938251611  0.59841016970481908
  0.60305979770287199  0.60756244716567875  0.61192939298757820  0.61631023185803901
  0.62031150253246681  0.62339686562706997  0.62653130586705552  0.62998963819666687
  0.63372044896163249  0.63815442497985331  0.64285491663201566  0.64725120614493237
  0.65152833216893047  0.65595965931103040  0.66062065897070688  0.66547340769497498
  0.67135673244118210  0.67793497976573647  0.68479566187452645  0.69200379921902866
  0.69913800797672043  0.70556061414395765  0.71104431545413715  0.71620565847555739
  0.72117710506873534  0.72636803641201098  0.73225473990922818  0.73873659647113576
  0.74578088487197558  0.75318446714156506  0.76065349987653386  0.76767498958843894
  0.77546638056111084  0.78365152563349405  0.79301430002984541  0.80487619998184612
  0.81629484496046933  0.82647996448609407  0.83811163321214521  0.85191401801578748
  0.86735597958853372  0.88783708188565014  0.91826936193836961  1.00000000000000000
   9.3435278910778335E-010  -1.0000000000000000     
 F F F F F F F F F T F F F T F F F T T F F F T F F F T T T T T T T T T T F F F F F F F F F T F F F T F F F T T F F F T F F F T T T T T T T T T T
  <DiscreteSampler_grid>
  grouped_processes
  1 # 1 for a reference and 2 for a running grid.
  10 # Attribute 'min_bin_probing_points' of the grid.
  1 # Attribute 'grid_mode' of the grid. 1=='default',2=='initialization'
  0.0000000000000000 # Attribute 'small_contrib_threshold' of the grid.
  0.5000000000000000 # Attribute 'damping_power' of the grid.
 # binID   n_entries weight   weight_sqr   abs_weight
    10   10   2.186188995873758E+004   4.544116349798662E+009   2.186188995873758E+004
    11   10   2.186188995873758E+004   4.544116349798662E+009   2.186188995873758E+004
  </DiscreteSampler_grid>
