 -0.00003020575439237  0.00049906245717350  0.00094811958888673  0.00137996304139535
  0.00179625637558349  0.00221529501557071  0.00263082879459224  0.00305066111400641
  0.00344056483996486  0.00382743956189193  0.00419392627064439  0.00456761428696415
  0.00495098897283706  0.00536796791835236  0.00579764208115617  0.00617913240153682
  0.00654252214948416  0.00688911854492475  0.00724114311084212  0.00759079002024451
  0.00796178767101077  0.00836546783582149  0.00880785350782511  0.00931104471586647
  0.00981534597531851  0.01027072722510061  0.01066529214000746  0.01100561209306513
  0.01134415450627585  0.01166588005305770  0.01198989078565760  0.01232186418069227
  0.01263795387595155  0.01294493947469278  0.01327144426209551  0.01361936141090114
  0.01399899177299682  0.01441153394818675  0.01488206097726173  0.01553255763357408
  0.01610604990591639  0.01675990291419198  0.01739308501108941  0.01791643724948903
  0.01833408043046312  0.01872593670531374  0.01910380719800191  0.01950379852840388
  0.01990007099190633  0.02031347240691036  0.02072441828135101  0.02114525560805753
  0.02155049504229573  0.02194390237120173  0.02236453781242796  0.02282349932933907
  0.02324225425474849  0.02362245472250754  0.02400015391849208  0.02440906899212740
  0.02489627928322784  0.02551383682804056  0.02613574388923402  0.02663819207232929
  0.02718507889056353  0.02763918148019081  0.02804726863511250  0.02844841896689567
  0.02889558219890051  0.02937628275658020  0.03001058933452984  0.03080623704459952
  0.03160980564775304  0.03236375911445708  0.03372796769392041  0.03526953744092166
  0.03780510328805002  0.04123043108084060  0.04447356757204893  0.04666966406382739
  0.04891460943830624  0.05175709444307339  0.05491556109227372  0.05834818226875780
  0.06076089838333362  0.06290484383005006  0.06505973493683284  0.06755568527136245
  0.07010671375265937  0.07269511183205228  0.07587020236958626  0.08768472250628540
  0.10765832164472917  0.11998181875633004  0.13065136061788180  1.00000000000000000
 -0.00337977507691425  0.01143220140787732  0.02490235143221042  0.03989813360356419
  0.05547278609229821  0.07021410695826283  0.08375653434642077  0.09642864529501441
  0.10823855324085886  0.11907478940683655  0.12758312259156207  0.13547720480293063
  0.14308937883770748  0.15307381674885576  0.16384319632131142  0.17645275515716452
  0.18869802227298463  0.20010755920712933  0.21122282587265151  0.22375523782195889
  0.23795606121787677  0.25325314918094655  0.26694581384143695  0.28047731228574407
  0.29226702604708887  0.30336456792577243  0.31390962204101214  0.32329780000561636
  0.33236168328820448  0.34051269135772722  0.34832711615765055  0.35691485861418826
  0.36627031164141183  0.37632445781919643  0.38637786754198683  0.39590698010851977
  0.40583121902163644  0.41659036917024428  0.42854483953191258  0.44143876754643663
  0.45288439844024436  0.46397668148546445  0.47496584589132596  0.48613554149286070
  0.49832904395975697  0.51149188909255050  0.52518271191265509  0.53790353543325653
  0.54825771198415607  0.55652013615082385  0.56521939881872874  0.57366689271201599
  0.58227905461154505  0.59114466185716286  0.59892834520511351  0.60680312879675002
  0.61534475571963165  0.62597260139528532  0.63568738122837110  0.64648690187339530
  0.65767799928069126  0.66892093801175323  0.67958264174313676  0.69173807272462295
  0.70737742794998071  0.72077652979417173  0.73156863092082292  0.74151078281148264
  0.75138418050210021  0.76176000366613716  0.77095539338581109  0.78004500419247846
  0.79031659495592299  0.79949783039175171  0.80849727403084781  0.81642979528575133
  0.82134987243621882  0.82733173193696885  0.83354422558826768  0.84064183851959429
  0.84904709684747914  0.85744533031070658  0.86559582762843656  0.87373181520095289
  0.88302609538091603  0.89268847948729158  0.90379141718974065  0.91652374878015230
  0.93132760440583862  0.94369572222340758  0.95264594971056527  0.96077629991746782
  0.96913689040072692  0.97871484941879738  0.98907515486734887  1.00000000000000000
 -0.00553124943118270  0.06511591290440276  0.10888260423453183  0.14958135003786432
  0.18284087993273834  0.21286041470546746  0.24138924310366813  0.26590001958751747
  0.28761862735995503  0.30971708212910659  0.33118848179803440  0.35127731664694445
  0.37033869226351945  0.38749402084708828  0.40286065216187122  0.41816926254594361
  0.43356076985629577  0.44727079487183830  0.45936868083855842  0.47117471880381046
  0.48286391706560350  0.49421109655078782  0.50539859657049169  0.51636620489628149
  0.52717621397909276  0.53914608077268256  0.55277071569938252  0.56667187258717278
  0.57591195128757344  0.58506120982091880  0.59360391903188747  0.60158356749461483
  0.60901043788476639  0.61602104179722894  0.62386551674202939  0.63155434739778216
  0.63997137324905595  0.64816383584175141  0.65530188084958363  0.66203719744820000
  0.66839848956772319  0.67486889540969808  0.68220561818268588  0.68993455122580760
  0.69805937760523340  0.70580330073918562  0.71316474771410299  0.72024474733006505
  0.72635066771301315  0.73173720570518397  0.73690426198884951  0.74240962637962571
  0.74802642435719413  0.75339732540023829  0.75830324291663753  0.76290657096927561
  0.76747372530489466  0.77222279151188367  0.77737449094675681  0.78273850115914489
  0.78776076482779678  0.79270885359002174  0.79766146000561966  0.80296865971457287
  0.80856039600131058  0.81336335407894200  0.81741343780525921  0.82126872850048549
  0.82528372477117029  0.82955457653615150  0.83350472876057502  0.83716276831444159
  0.84086919193905862  0.84481296144908968  0.84912699977660089  0.85347651640873112
  0.85757354586038903  0.86157199746108204  0.86554139082645076  0.86943741911202432
  0.87337497555673216  0.87766504775317189  0.88217406675666932  0.88687379191036653
  0.89192600676062073  0.89731828373790790  0.90288246212826451  0.90897764404593917
  0.91717912900361664  0.92619780759890069  0.93528848252784547  0.94348454842556273
  0.95161562896669638  0.96075308530378822  0.97664333415991400  1.00000000000000000
 -0.01754692227263275  0.13620720478868847  0.19022693079641714  0.22695916671096586
  0.25423742840432162  0.27599442079031911  0.29388779808597232  0.30883359553193024
  0.32317644516784516  0.33605900007695017  0.34718389822079043  0.35692386969830359
  0.36728882978569483  0.37684878672173749  0.38573911320814969  0.39490678092596265
  0.40366047743827072  0.41375553713590385  0.42123809685490982  0.42788304567558139
  0.43404502195117811  0.44017800784521116  0.44578828534792636  0.45092966758289099
  0.45525531251861706  0.45922441958904020  0.46316309257477517  0.46724461951201407
  0.47153543790631369  0.47598621669852403  0.48083795473639351  0.48631462604356324
  0.49175875977530592  0.49677980010229356  0.50178372094929813  0.50705409505818055
  0.51222186334396624  0.51729529136560992  0.52265267647215230  0.52842209609420032
  0.53423498482697140  0.53978738733700971  0.54533798750072215  0.55115810040109414
  0.55709468090111003  0.56252443440513855  0.56766282156185899  0.57295367003226338
  0.57855848075983185  0.58439406362280200  0.58985015659024853  0.59583127844305828
  0.60176241458519286  0.60767841776010389  0.61332967316493958  0.61854647993414491
  0.62365217852110544  0.62829106107250188  0.63236139752913478  0.63731004162743388
  0.64224813348978360  0.64660498231176100  0.65130759651565162  0.65631055202581490
  0.66160436301604120  0.66710032281411991  0.67246204006221100  0.67767965517819528
  0.68261133616423753  0.68695168982202337  0.69144481653721335  0.69606056673070860
  0.70111981235125087  0.70719402632627837  0.71403640568781457  0.72204107954538965
  0.73016284892804328  0.73834813348781470  0.74653717761703864  0.75383948108320620
  0.75962987255664827  0.76441372336196378  0.76904352682605581  0.77374171193832531
  0.77867970233222661  0.78630499103216001  0.79451089586647006  0.80233417289727804
  0.80993196704747472  0.81904719368019152  0.83026909565187856  0.84274084782529990
  0.85893525044507157  0.88218193678598045  0.91741845282008538  1.00000000000000000
   2.7518571404687531E-012  -1.0000000000000000     
 F F F F F F F F F T F F F T F F F T T F F F T F F F T T T T T T T T T T F F F F F F F F F T F F F T F F F T T F F F T F F F T T T T T T T T T T
  <DiscreteSampler_grid>
  grouped_processes
  1 # 1 for a reference and 2 for a running grid.
  10 # Attribute 'min_bin_probing_points' of the grid.
  1 # Attribute 'grid_mode' of the grid. 1=='default',2=='initialization'
  0.0000000000000000 # Attribute 'small_contrib_threshold' of the grid.
  0.5000000000000000 # Attribute 'damping_power' of the grid.
 # binID   n_entries weight   weight_sqr   abs_weight
    10   10   4.889831689206682E+002   2.310676267077292E+006   4.889831689206682E+002
    11   10   4.889831689206682E+002   2.310676267077292E+006   4.889831689206682E+002
  </DiscreteSampler_grid>
