 -0.00003548421979846  0.00061714954149766  0.00117677212260304  0.00172291541253290
  0.00225420345356573  0.00275970209916252  0.00324388413267072  0.00371265650233581
  0.00416252086487469  0.00461954598275073  0.00509233334752774  0.00554772531788366
  0.00600915177838423  0.00647464687869341  0.00691067088159953  0.00736212424048362
  0.00780797860865808  0.00824182195882257  0.00867299309918742  0.00912223071651616
  0.00957957157094089  0.01003372556761638  0.01049474296065497  0.01093772277985351
  0.01136494870864402  0.01179696088538703  0.01225410738469376  0.01272127416823279
  0.01318468870074190  0.01364514729567582  0.01409545647201239  0.01452604603677923
  0.01495973170153821  0.01540953059364590  0.01582104782888846  0.01623637445493770
  0.01663763021305636  0.01708942554155047  0.01757699706468402  0.01809165883848323
  0.01860356151190365  0.01911115702460965  0.01958728739811971  0.02002911944397560
  0.02049155808786321  0.02095906270731707  0.02146049717218488  0.02205915229924469
  0.02285321205172010  0.02361960974462432  0.02424580289272541  0.02479582630818499
  0.02533647546500859  0.02586697691900783  0.02643144399256399  0.02701316358378341
  0.02762529832933063  0.02824830835838532  0.02880062359535718  0.02929924560254151
  0.02979948307228627  0.03035453544013883  0.03091555255415235  0.03150888999505760
  0.03215748269640258  0.03287613371081990  0.03365188317020704  0.03443780477299337
  0.03520937934791893  0.03598548599961241  0.03684909984014569  0.03780395232842071
  0.03879275453988070  0.03977574850045815  0.04080820910410522  0.04189573155867720
  0.04298447110975871  0.04404540682172001  0.04461275272908684  0.04570414006416056
  0.04721405236714601  0.04904301462268821  0.05224732533954280  0.05545163605639740
  0.05819635613969895  0.06086161073679999  0.06254807558567718  0.06366098913367911
  0.06503646318077745  0.06740520485549109  0.07066052817446437  0.07356522682096177
  0.07684515550758500  0.08279378363941645  0.29349246085754577  1.00000000000000000
 -0.00332287514725826  0.01227103680453847  0.02493507205912330  0.03958725287179705
  0.05090114905379424  0.06249083216775151  0.07279637060544569  0.08256588507487167
  0.09267732685812279  0.10148470619264631  0.10840073098151189  0.11420094230604884
  0.12125097441470442  0.12942024559524143  0.13738583925836834  0.14573817569727351
  0.15414534985928988  0.16141000246792542  0.17178221289120996  0.18626117546381746
  0.20065071881780333  0.21284325905546742  0.22325750024824700  0.23306311724189063
  0.24321851701144917  0.25354910184880447  0.26376466846738228  0.27427825380511356
  0.28630871135136243  0.29832543899282971  0.30985845275029744  0.32198229861837097
  0.33508074366445306  0.34916980005521975  0.36450684688246598  0.37901636899582408
  0.39063733881821794  0.40037183812461996  0.40957588850896270  0.41870187850056118
  0.42805211095925583  0.43816060262918294  0.44900262465955515  0.46067903182830039
  0.47586213888043649  0.49106024167767776  0.50574885055405250  0.51906162933070521
  0.53030109099528067  0.53994079959842900  0.54963673182573525  0.55959805855112776
  0.57011443647800464  0.57975590818635192  0.59133413442007021  0.60399919762121679
  0.61567624229713858  0.62727502322677675  0.63847790316058228  0.65021340576076325
  0.66256796674728757  0.67475409690413457  0.68589737037085208  0.69536533877725648
  0.70448342149691578  0.71387407665759595  0.72287039224479666  0.73114812447692734
  0.73902501836854007  0.74671602363387668  0.75632961324349990  0.76639845249569860
  0.77580140636601924  0.78491164023037663  0.79530262898437953  0.80742934425551383
  0.81921304872766443  0.82987220819918051  0.84054890051497511  0.85270599591125795
  0.86037635105140131  0.86847827124830701  0.87767738376942861  0.88639742607878380
  0.89497021555754486  0.90424665455842868  0.91354256264330114  0.92237580159348986
  0.93088376517290639  0.93970509599126850  0.95018037126991295  0.96094040492707322
  0.97142436870291571  0.98100797178116272  0.99063056782780057  1.00000000000000000
 -0.00401128023982897  0.07180887128423764  0.12559548519905891  0.16990283543698251
  0.20725713180953528  0.24362053453493882  0.27608468379698986  0.30309846787848371
  0.32844694901485394  0.35233666211599962  0.37381676151127602  0.39322046158750701
  0.41091613443402475  0.42660759902290135  0.44237287916881896  0.45864786261074114
  0.47534527861970610  0.49189872465691264  0.50785453804930636  0.52223970091884375
  0.53459613780442372  0.54704605367976544  0.56045163080873450  0.57122041103856735
  0.58141664762816581  0.59101359786743013  0.60047232932519479  0.60993797679607764
  0.61842154122206372  0.62629568578805583  0.63359996043046463  0.64121436410601618
  0.64930331714847822  0.65737187160953381  0.66529062770918534  0.67336903105315737
  0.68120585988529103  0.68860216285430187  0.69615309811712867  0.70371131728363201
  0.71139952157608877  0.71949896639260280  0.72743591977014188  0.73356240453096366
  0.73867496267574495  0.74404475991419416  0.74956070130797514  0.75481664509892199
  0.76015756524129230  0.76531771834320617  0.77027342239707175  0.77552879707052680
  0.77991709436497247  0.78424392917966146  0.78900178149072220  0.79456556280716328
  0.80082660704820641  0.80690707271212481  0.81240473443418915  0.81736544562809355
  0.82148471726794803  0.82586796231056259  0.83024330137577229  0.83434361532003709
  0.83817430452772379  0.84186847661407938  0.84551327868028259  0.84935648614732284
  0.85353814437495978  0.85770097592229655  0.86183051949178990  0.86573437949058885
  0.86927059100542925  0.87259959142697519  0.87575278841446436  0.87885894513202278
  0.88220330662812863  0.88520168813817923  0.88834688877782741  0.89153824797560743
  0.89453345988746857  0.89785207793091093  0.90148683504327298  0.90554302279421139
  0.90988615634336989  0.91431789358682158  0.91879664172013997  0.92311005131281465
  0.92734231437437165  0.93131020431695322  0.93540848595133341  0.94000146605023560
  0.94662904843018836  0.95295487979274884  0.96259008820967340  1.00000000000000000
 -0.01826897270582203  0.12155972419136483  0.17209372911190743  0.20572712495277895
  0.23331988827455907  0.25892592719008739  0.28140832773203334  0.30014144753309008
  0.31696906482252912  0.32940867556817699  0.33982359971670456  0.34943071450500290
  0.35725840387988050  0.36660830943141870  0.37667029795071016  0.38642498129768987
  0.39560510712193497  0.40361160827935311  0.41001627629536314  0.41674631943130941
  0.42437193966187131  0.43270951175655747  0.44068353363883506  0.44773608510147250
  0.45517721665814931  0.46179888498615862  0.46758433433021968  0.47293279157805113
  0.47839141091040394  0.48364049194407277  0.48823718993013449  0.49281808917350167
  0.49757620558089322  0.50266598396375217  0.50811228710328704  0.51379935254165743
  0.51978233508643823  0.52536697355211648  0.52985965771314580  0.53416679259951338
  0.53854750128811180  0.54295137613826028  0.54710035290520143  0.55100126454456122
  0.55502043914481258  0.55942944963640462  0.56400808557500370  0.56854498354907834
  0.57275931325408858  0.57670708692741834  0.58065641156162517  0.58450546665363479
  0.58852216177115135  0.59279457290555304  0.59719395727022073  0.60189243829595607
  0.60678285666265031  0.61176584263476641  0.61655322788172928  0.62143340272642644
  0.62627275580022612  0.63117023686080231  0.63615432627464186  0.64129267626332087
  0.64692501446164818  0.65367257128791623  0.66085596479180597  0.66737828446616232
  0.67310934623381480  0.67855631660353666  0.68393396966822573  0.68934596409858917
  0.69501704274683307  0.70078481714439689  0.70642390907902142  0.71201345758713508
  0.71740630737580091  0.72281680464674392  0.72894201101686584  0.73622870203969071
  0.74461422240181496  0.75332740243665142  0.76244803234556802  0.77156064332299945
  0.78033318908505100  0.78867330565183758  0.79667786181040379  0.80450690427150140
  0.81338284973303199  0.82365591044120923  0.83477527464462886  0.84682372058165911
  0.86188138309049200  0.88194355243456479  0.91497979934330931  1.00000000000000000
   1.6913859095471968E-027  -1.0000000000000000     
 F F F F F F F F F F F F F F F F F F T T T T T T T T T T T T T T T T T T F F F F F F F F F F F F F F F F F F T T T T T T T T T T T T T T T T T T
  <DiscreteSampler_grid>
  grouped_processes
  1 # 1 for a reference and 2 for a running grid.
  10 # Attribute 'min_bin_probing_points' of the grid.
  1 # Attribute 'grid_mode' of the grid. 1=='default',2=='initialization'
  0.0000000000000000 # Attribute 'small_contrib_threshold' of the grid.
  0.5000000000000000 # Attribute 'damping_power' of the grid.
 # binID   n_entries weight   weight_sqr   abs_weight
    10   10   2.486925435821535E-014   4.283963588573890E-027   2.486925435821535E-014
    11   10   2.486925435821535E-014   4.283963588573890E-027   2.486925435821535E-014
  </DiscreteSampler_grid>
