 -0.00003161503829656  0.00050643151552805  0.00096594639169130  0.00141111006756733
  0.00184090769501558  0.00227195143044978  0.00269017365736643  0.00311032495422699
  0.00354115558062474  0.00397976806514496  0.00441828419710948  0.00485363310118041
  0.00526116092459043  0.00563639900009827  0.00606943990065839  0.00653041745910485
  0.00698070574425284  0.00737378379672091  0.00774960116532779  0.00814792887393015
  0.00856956359181232  0.00897567470805178  0.00935922668779691  0.00974285175307315
  0.01017234808961464  0.01058826661828080  0.01101183487205131  0.01144905576273911
  0.01192894659213116  0.01245012918618769  0.01307675088382092  0.01359894348677373
  0.01408270400597654  0.01457305555386704  0.01504204151807585  0.01551647757132729
  0.01597036731943099  0.01638719864336635  0.01677877178049984  0.01715691330657233
  0.01753072442632369  0.01793781855537494  0.01841515487206695  0.01892062332319023
  0.01945395995141268  0.02002754619648736  0.02060251730165018  0.02125864175109396
  0.02191151952769203  0.02250903043272855  0.02307968609345908  0.02362214775604936
  0.02413054087795612  0.02467726711926353  0.02531512301488098  0.02605220587795685
  0.02673535218764134  0.02725768815167613  0.02774484632359550  0.02821069237695692
  0.02870551054643541  0.02928410113654466  0.02987492988953306  0.03049455227538759
  0.03124668962286630  0.03181425434921078  0.03238829471845565  0.03302735660673847
  0.03391561475077985  0.03488592752664311  0.03592129773420415  0.03759269915394201
  0.03924617393904910  0.04081611137778159  0.04168774246367302  0.04286274336346913
  0.04442768606832567  0.04673368105149072  0.04903025502225668  0.05130415117837957
  0.05340444848280505  0.05511862978792401  0.05670035258124155  0.05795834027288262
  0.05951161076560649  0.06172765692193058  0.06397732850784289  0.06709315534386856
  0.07159918119963173  0.07696597425934075  0.08095608813966557  0.08450069261474717
  0.08966080794287523  0.10250018223670469  0.28575806207993593  1.00000000000000000
 -0.00093879246073969  0.00355534554342077  0.00948411344645086  0.01565757747057097
  0.02292399891571872  0.03344193464903525  0.04266136415486812  0.05261655674318705
  0.06269091521261194  0.07308752692851640  0.08474394765598318  0.09872516491119883
  0.11267382037291032  0.12615098839506686  0.13977117413488685  0.15205777718498412
  0.16244449681628939  0.17182067397808681  0.17904969909432181  0.18864108667898752
  0.19873146225196434  0.20949648133943577  0.21993211027676651  0.22868297664668508
  0.23894179803725041  0.24927236372830894  0.26005012275284989  0.27137233782463510
  0.28420537777421712  0.29771550579760159  0.31025429602553189  0.32138193613226362
  0.33119205872364432  0.33970331792530895  0.34864184104925011  0.35725159868263467
  0.36624247521835174  0.37469925055569892  0.38332997861833135  0.39219790005481653
  0.40119345543004764  0.41248870800325832  0.42447728678066488  0.43740702097242401
  0.44889869586018299  0.46077485287155412  0.47455207140519168  0.48918074215759777
  0.50340870436536955  0.51788510948337962  0.52816726057547025  0.53644905931173559
  0.54526723493223295  0.55489103717758370  0.56508131001974671  0.57286026494595477
  0.58088830373360700  0.59118295536371201  0.60466048366947334  0.61704005073786361
  0.62736410611639171  0.63690727572498362  0.64690047927014160  0.65751918608571602
  0.66855343845511384  0.67917718784337155  0.68880255742157992  0.69820273485104623
  0.70807999636106300  0.71878963347963420  0.73025908541518747  0.74275323202922661
  0.75587909759298511  0.76841671574896919  0.78017073664153713  0.79197428288902150
  0.80480212155090292  0.81863397603431876  0.83324328325555830  0.84550480148090357
  0.85694565217431140  0.86896788887952203  0.88035512560493101  0.89007644523395946
  0.89973030521715491  0.90959760030453340  0.91990791501726099  0.93046257680594824
  0.94106492870067526  0.95246083664094727  0.96177007421403160  0.97007558295497642
  0.97933688249953565  0.98698319874549822  0.99352594993586962  1.00000000000000000
 -0.00444780585055403  0.06696086937559605  0.11299986169592229  0.15236475819177697
  0.18680008107834656  0.21620624645652223  0.24365568218662853  0.27153133529146029
  0.29845484394957783  0.32117690608599675  0.34245807615036106  0.36299120565087251
  0.38173438108825647  0.39891919442494256  0.41494725147445816  0.43128308060426029
  0.44798080692312525  0.46468278974601845  0.47979028879419616  0.49561613404496641
  0.50841053529690428  0.52168696184224383  0.53299413585156896  0.54372230666934718
  0.55358301062701432  0.56248235998587193  0.57160525761571257  0.58082390035907849
  0.59176906419694342  0.60304454377519257  0.61404924179837694  0.62403958527180947
  0.63348991626867124  0.64352654369589957  0.65171071485921928  0.65966799358695127
  0.66749030983989499  0.67507147034001369  0.68271682507265663  0.68993072389174370
  0.69659315915897235  0.70300902945326549  0.70974914186834204  0.71725190362648095
  0.72475755862924962  0.73087860820472283  0.73674902206062620  0.74246829334655529
  0.74811599642798854  0.75371482813657276  0.75936622822819955  0.76503258027437915
  0.77085534577707082  0.77684125964215689  0.78233520663914369  0.78756070154191393
  0.79264099212843198  0.79765882534141508  0.80278043796167087  0.80790743154405464
  0.81260499792854723  0.81698574016550962  0.82133730537040084  0.82553754018451553
  0.82948494013026686  0.83350530859224903  0.83716523269450493  0.84120568872178492
  0.84542242890848274  0.84979882904024340  0.85427162794532996  0.85806144611784785
  0.86144994889028725  0.86485832787080463  0.86848315380546792  0.87285955289438455
  0.87731755511509402  0.88142717214382760  0.88523252451573664  0.88886579631238594
  0.89238842504279092  0.89590666713195011  0.89973286765819926  0.90346248948431707
  0.90727554492356688  0.91139926203889932  0.91647411084377994  0.92282232695845845
  0.92923242485768642  0.93515908082306887  0.94041129005321911  0.94646203645027993
  0.95205237137413179  0.96027402477981993  0.97349866554566511  1.00000000000000000
 -0.02081936452368827  0.14173176805835283  0.20445629635150656  0.24418753542546554
  0.27262276432682703  0.29412872392999073  0.31311944845966483  0.33088063471748208
  0.34686016919326967  0.36114068719165543  0.37371626731309360  0.38352957858242187
  0.39255428438641887  0.40200987377772157  0.41157882799813916  0.42088740020115539
  0.42912737103618748  0.43664077444115906  0.44416100765562633  0.45192299975624839
  0.46036949554608014  0.46959620985326800  0.47798474840436805  0.48630049292665911
  0.49451172795676362  0.50207143874191540  0.50835091224034090  0.51353889926119423
  0.51819191444588131  0.52266937375969025  0.52725240833407372  0.53180242928671484
  0.53626557980996159  0.54080161133050542  0.54597164121289954  0.55127719470346959
  0.55632399204909178  0.55987794722195239  0.56394608321610351  0.56876611373396480
  0.57327663592250999  0.57800665209966096  0.58369962822102783  0.58874481033899551
  0.59363846848861679  0.59882941667417933  0.60351015166280586  0.60780259053913910
  0.61235965891417632  0.61718003332337834  0.62185432562469922  0.62656896334283829
  0.63138989819931834  0.63610543184342616  0.64081396679308356  0.64541522413176322
  0.64975719091592243  0.65369856572335472  0.65731877071157563  0.66081275847160637
  0.66509479163945540  0.67074379255212069  0.67721003877971842  0.68350979402901302
  0.68944121126337132  0.69519656594508450  0.70189847702111485  0.70861886450406242
  0.71474123299593739  0.72103354172741485  0.72655481507435804  0.73119229173311340
  0.73533681791261596  0.73947950413522345  0.74389138684525258  0.74912305433652226
  0.75492504150155870  0.76075828361515196  0.76674667419358256  0.77297348624696249
  0.77962880998666495  0.78664702377875451  0.79372213158008442  0.80099009446197089
  0.80806871905470679  0.81529499491216217  0.82307242709547945  0.83108116131582910
  0.83976223450547816  0.84918536313275395  0.85975810720945955  0.87190358459362438
  0.88655317740136186  0.90505189726504776  0.93039179581597664  1.00000000000000000
   2.3154014398471948E-009  -1.0000000000000000     
 F F F F F F F F F T F F F T F F F T T F F F T F F F T T T T T T T T T T F F F F F F F F F T F F F T F F F T T F F F T F F F T T T T T T T T T T
  <DiscreteSampler_grid>
  grouped_processes
  1 # 1 for a reference and 2 for a running grid.
  10 # Attribute 'min_bin_probing_points' of the grid.
  1 # Attribute 'grid_mode' of the grid. 1=='default',2=='initialization'
  0.0000000000000000 # Attribute 'small_contrib_threshold' of the grid.
  0.5000000000000000 # Attribute 'damping_power' of the grid.
 # binID   n_entries weight   weight_sqr   abs_weight
    10   10   1.362871730449962E+003   3.605231344396363E+006   1.362871730449962E+003
    11   10   1.362871730449962E+003   3.605231344396363E+006   1.362871730449962E+003
  </DiscreteSampler_grid>
