 -0.00007301486884745  0.00071441079220692  0.00126438548866548  0.00180215553908799
  0.00230976265639280  0.00274382979707852  0.00318168853408835  0.00360193066283327
  0.00400483322956828  0.00440440434452181  0.00478638675144600  0.00519363761737266
  0.00556094906046225  0.00589314503187693  0.00618696304051586  0.00648081355558908
  0.00679578310422803  0.00710755905729910  0.00742621088637466  0.00773883528941573
  0.00810432979008638  0.00847781504556931  0.00880606773587591  0.00911719870347189
  0.00944274714457881  0.00978014411466747  0.01012572282287999  0.01047806773150295
  0.01084327146869217  0.01117356981723468  0.01149900576268557  0.01184826610035244
  0.01222123375927506  0.01262526423998338  0.01298976783021402  0.01327703248391355
  0.01352361798657649  0.01379030371893915  0.01407316260514902  0.01436084624713382
  0.01462320134598772  0.01485358983260019  0.01509566971132500  0.01535646026726729
  0.01562643945486122  0.01589813860298469  0.01618352373477001  0.01643785834703940
  0.01666643506971682  0.01690988766140188  0.01715617440392096  0.01743120031680549
  0.01769834684928978  0.01796661192242636  0.01826515893621563  0.01857182391235811
  0.01892037260320689  0.01929080801451461  0.01971881248491275  0.02020789466784981
  0.02075045792494826  0.02133926606618774  0.02182013502102728  0.02222799940681142
  0.02258118619391342  0.02291927105721616  0.02330298164944363  0.02365280448931043
  0.02403714076023545  0.02468794366784099  0.02533450039861394  0.02590758463027889
  0.02643599604900282  0.02694404215104724  0.02745776833239598  0.02795173919573607
  0.02842672694476867  0.02926712345187710  0.03017530037237849  0.03123060831566182
  0.03227175571345284  0.03328262432814783  0.03432064100186752  0.03542300418111916
  0.03674204059536980  0.03833394586563289  0.04010574208233724  0.04180117913032703
  0.04342110145114725  0.04439867193312711  0.04526631123072891  0.04599826175057344
  0.04686108310887348  0.04734800160646403  0.04741908394505255  1.00000000000000000
 -0.00265796653159326  0.00917155957311145  0.02124708719833393  0.02887358493712338
  0.03877849463326588  0.04879139881568403  0.05787918141093269  0.06524242094148000
  0.07328581799641491  0.08108002713645983  0.09200772937368913  0.10510542470197659
  0.11811913661386021  0.13231076673067177  0.14495809674838769  0.15478103333676077
  0.16324157767488795  0.17135533379426984  0.18015037385178378  0.18972486081061130
  0.19928453082402825  0.20869571604709275  0.21939182474364155  0.22999403133412358
  0.23941172807469005  0.24793248056629524  0.25568568577091738  0.26424552822153990
  0.27461712976407537  0.28700297899280564  0.29742475950726682  0.30677064444834834
  0.31545291748366450  0.32409312931159212  0.33265046910709434  0.34137967314174161
  0.35147657071613703  0.36553796340713807  0.37945661601801717  0.39055037261133380
  0.39867213780464678  0.40684531874635455  0.41647540829371221  0.42706596538249508
  0.43678355793281554  0.44657088797279765  0.45598376256776046  0.46665901926265713
  0.47896074395097649  0.49077769881228223  0.50394330921102604  0.51792290129869967
  0.53000741330310719  0.54147724410979303  0.55334685025667818  0.56527176951418812
  0.57775259859178085  0.59002779391105820  0.60282880976257658  0.61591834978590476
  0.62995574809265498  0.64483360504857234  0.65845225994103695  0.67138959695520029
  0.68532555734275935  0.69938178557885922  0.71094304153251742  0.71845270171975428
  0.72748557875092057  0.73678826223739013  0.74618955726066205  0.75577363134554254
  0.76442698610779536  0.77323241226434514  0.78278381219777438  0.79180476872580852
  0.80112279586913038  0.81262209922922890  0.82575951276601867  0.83711718122541345
  0.84600425375652921  0.85459150351353552  0.86361803905093260  0.87211173899375127
  0.88091612163220034  0.88900652975698036  0.89661446146532542  0.90611643890501969
  0.91753689500227564  0.92883932665406410  0.94131783481721831  0.95486519932353608
  0.96711791655681056  0.97896239755070158  0.98971436006204516  1.00000000000000000
 -0.03005415621131751  0.22115534665510123  0.35911208393725375  0.45763170342200288
  0.52310428823673527  0.57477830220514925  0.61960478840293787  0.65831348246101373
  0.69631243374403262  0.72611608419510820  0.74935648641245667  0.76974129383293688
  0.78733810667805371  0.80171811793283865  0.81395081312046869  0.82541251693910200
  0.83630047298316090  0.84645178306389424  0.85531757298214850  0.86301796912590145
  0.87016357642310693  0.87671705972381153  0.88255480924344698  0.88792686183678804
  0.89282336760092895  0.89701593599612317  0.90050320961357933  0.90380737796107791
  0.90712630093802538  0.91033194462032119  0.91340851001533829  0.91619419626520893
  0.91874571366087066  0.92107539215831902  0.92338186330036098  0.92556042712041964
  0.92761012490524719  0.92967562405870963  0.93179770834864328  0.93387532603428403
  0.93575511931449873  0.93745062396758039  0.93897412051604712  0.94041246205237428
  0.94188730929147335  0.94328036596283515  0.94456384097328683  0.94580115822217570
  0.94703087146399934  0.94822307537857042  0.94942702456588823  0.95068773759770475
  0.95198802055541243  0.95329909998994400  0.95467014290982899  0.95607861314052067
  0.95743591186717281  0.95865234952689915  0.95973081062603083  0.96073908160250721
  0.96169813421880979  0.96267413538842672  0.96364841128573742  0.96460886854771222
  0.96562119134848579  0.96664578025312553  0.96761889981127236  0.96853027839317196
  0.96941162345063303  0.97024038295003989  0.97104260828692945  0.97185005688121495
  0.97267622418613131  0.97353216789312558  0.97449037033261054  0.97537668511311293
  0.97620256104647218  0.97700509897635912  0.97780949170635867  0.97863478794718817
  0.97950618868391370  0.98042662641155487  0.98136240778595840  0.98237805009328349
  0.98347644538218293  0.98455990911242319  0.98558974759380324  0.98653740745677643
  0.98729635406695948  0.98813527779306587  0.98895090928222651  0.98977258321824557
  0.99072207546974789  0.99215572399001906  0.99492588665130133  1.00000000000000000
 -0.03568614099909254  0.18214881978531114  0.23868084084266789  0.27104794433335377
  0.29741699900024510  0.31913538915905032  0.33624629150353103  0.34979081317311222
  0.36110415466258139  0.37200488337374926  0.38422628000966613  0.39648447769959555
  0.40700487079020115  0.41664649632668926  0.42648098191295758  0.43656048531949743
  0.44703953987164463  0.45828688491114589  0.46899794382293819  0.47857190833206859
  0.48748898249219502  0.49639178020438607  0.50475519785928746  0.51293235466583909
  0.52077594910425218  0.52820545545091380  0.53514231583924154  0.54179714615589414
  0.54840970006753864  0.55419484087383963  0.56036905118091584  0.56644679656169317
  0.57239658585608777  0.57827444923779103  0.58411514620057636  0.58995832998707809
  0.59550199601983045  0.60072672155678775  0.60561327333323300  0.60993537451050883
  0.61440435805663074  0.61894918775642538  0.62352649057210974  0.62829862232211664
  0.63326670501379023  0.63825339735686137  0.64304413208876599  0.64774428553755692
  0.65236280920979139  0.65698756296959870  0.66159906486523357  0.66644234391763868
  0.67145194992692780  0.67625344469395099  0.68091636426694646  0.68575848738012779
  0.69029715834075200  0.69466457335497389  0.69892913183834471  0.70331661110182453
  0.70753372133709747  0.71110213749362172  0.71432785517249642  0.71778904047316305
  0.72171450829165273  0.72640673092829189  0.73156925820729801  0.73629152136961107
  0.74046198458852286  0.74437033074995573  0.74826951851186430  0.75237962751547505
  0.75701456633282271  0.76209419074739604  0.76729809375435976  0.77242738789996379
  0.77755917790106543  0.78235181748171012  0.78674204509080314  0.79095522340474156
  0.79570784482320445  0.80064069938475690  0.80575157303382738  0.81117582074106476
  0.81688547213454166  0.82253892429975151  0.82835973478759906  0.83427986885571015
  0.84042349475064471  0.84696357681140821  0.85463545121524875  0.86599416587161726
  0.88127526879467377  0.90019056954518906  0.92871489554486941  1.00000000000000000
   1.5454902446072329E-010  -1.0000000000000000     
 F F F F F F F F F T F F F T F F F T T F F F T F F F T T T T T T T T T T F F F F F F F F F T F F F T F F F T T F F F T F F F T T T T T T T T T T
  <DiscreteSampler_grid>
  grouped_processes
  1 # 1 for a reference and 2 for a running grid.
  10 # Attribute 'min_bin_probing_points' of the grid.
  1 # Attribute 'grid_mode' of the grid. 1=='default',2=='initialization'
  0.0000000000000000 # Attribute 'small_contrib_threshold' of the grid.
  0.5000000000000000 # Attribute 'damping_power' of the grid.
 # binID   n_entries weight   weight_sqr   abs_weight
    10   10   5.630999117752816E+000   1.694424807268901E+002   5.630999117752816E+000
    11   10   5.630999117752816E+000   1.694424807268901E+002   5.630999117752816E+000
    16   10   5.630999117752816E+000   1.694424807268901E+002   5.630999117752816E+000
    17   10   5.630999117752816E+000   1.694424807268901E+002   5.630999117752816E+000
  </DiscreteSampler_grid>
