 -0.00001899617161397  0.00022151170907501  0.00039215290087861  0.00056054028628804
  0.00072072806655528  0.00089515930016215  0.00107436425032173  0.00124706219698761
  0.00141982390863917  0.00158425476932154  0.00174105836973718  0.00188865970889876
  0.00203288238699713  0.00217364855528405  0.00232921108035227  0.00248436693341116
  0.00261802691860903  0.00274172562129651  0.00288098580154961  0.00301689825310119
  0.00314863624522512  0.00327136071819803  0.00340267752146029  0.00354687516496920
  0.00370329675290574  0.00386461401008565  0.00401373643025437  0.00415689053561906
  0.00430208657049308  0.00444681494329635  0.00458858940588383  0.00473795352856017
  0.00490132438423314  0.00507206600312945  0.00523806933397361  0.00539370102947479
  0.00554404898925671  0.00567918498022060  0.00580975199137074  0.00594037934594129
  0.00607831411335812  0.00622907117146209  0.00638987947383402  0.00655301084236446
  0.00670045953918020  0.00685099343646631  0.00702682142905331  0.00723917618359934
  0.00746268371097715  0.00775877057804085  0.00818484243208482  0.00888268206195143
  0.00933542729304713  0.00964590345954656  0.00986746281715517  0.01006190979337583
  0.01031348756669821  0.01064688392206224  0.01090032587974437  0.01110269499981557
  0.01128445594807913  0.01145389216460817  0.01162302649039451  0.01181099366061835
  0.01198902451581718  0.01216181260207530  0.01233914288341026  0.01253888240636976
  0.01271741289177089  0.01292423262307150  0.01320574319562682  0.01364907246675493
  0.01460328425341493  0.01551693503701425  0.01640440111726759  0.01723797877856881
  0.01807245724402403  0.01893083050672660  0.01991591239284868  0.02091561948358902
  0.02187862356890852  0.02292597125779165  0.02410229301450724  0.02815557032844680
  0.03256742808569352  0.03573800911807358  0.07682771917191379  0.07878766774152889
  0.08022123535734803  0.08151974406557880  0.09069217558989995  0.10124919985307160
  0.14499579193377465  0.16453464437107496  0.20224516984645796  1.00000000000000000
 -0.00268664896756797  0.00907643897876386  0.02011568144025836  0.03132385805048029
  0.04378410745944573  0.05738039428225217  0.07148725540649027  0.08601536077627246
  0.10142446226296246  0.11835826454708033  0.13305978143228817  0.14533958618007181
  0.15448148948172574  0.16166567042383018  0.16898878893510386  0.17584943252012017
  0.18227218060423450  0.19169813910044889  0.20620347436598208  0.22081027950620150
  0.23544021555989281  0.24833106221410020  0.25867086838990649  0.26773901145377216
  0.27689354816218287  0.28639804268185814  0.29671596811099232  0.30755795710720840
  0.31861419593608398  0.32839387790472907  0.34016196884072986  0.35239660550281637
  0.36629285356237168  0.38124092362024986  0.39490102092833906  0.40761533706549896
  0.41882504208244070  0.42927227857108213  0.44018819477714066  0.45136835653240004
  0.46200430246405622  0.47144937942061238  0.48156193928078100  0.49483357058154925
  0.50574875697176669  0.51526290558004872  0.52487070034894001  0.53465014257768129
  0.54467282828474162  0.55572427343490749  0.56979446043691806  0.58717016725669424
  0.60364648312683433  0.61646912219366989  0.62679008425220983  0.63573136628379490
  0.64480345333239641  0.65282028919509216  0.65944906030404027  0.66552739800525573
  0.67247409553685189  0.68026998299903296  0.68935107123657979  0.69866967584423800
  0.70855179436148896  0.71840267158054982  0.72847738966477171  0.73824303706107919
  0.74661255666241910  0.75508936354014478  0.76540519076992430  0.77821814885799478
  0.79063888489834477  0.79987940814656999  0.80730203339177609  0.81489725074312969
  0.82383027729886504  0.83310296426659014  0.84219441696884401  0.85166972150989362
  0.86414269832406043  0.87890804493839436  0.88986784263396101  0.89933857859525568
  0.90622678359685394  0.91278401453693958  0.92068007988532752  0.92932152064306917
  0.93773023839443059  0.94580514138926652  0.95342603441152218  0.96163115341863192
  0.97108674883902701  0.98102872385546902  0.99089266204915405  1.00000000000000000
 -0.00975878257629618  0.08871698336227937  0.15718945990930144  0.21383263890531401
  0.26371812428084485  0.30620080881407830  0.34649596356254042  0.38422492533840574
  0.41712313992522498  0.44552735270965349  0.47159622916242555  0.49470952194716339
  0.51691910519716611  0.53922261060805332  0.56173970310969523  0.58358350068558096
  0.60243463175770395  0.61951394882598254  0.63509142564506227  0.65016496134493129
  0.66650957204326033  0.68145189245061144  0.69481593754502502  0.70695209477477028
  0.71909656670517885  0.73080112398272612  0.74153808517537578  0.75112555257344549
  0.75940524741719384  0.76731382555791217  0.77483919382548783  0.78183210579313334
  0.78874522245375545  0.79585141823433847  0.80305180899311635  0.80983480438032107
  0.81599051957418911  0.82154219785965410  0.82674654470348807  0.83170006970059884
  0.83616226366322832  0.84052384140102299  0.84508364827699389  0.84957943059443852
  0.85392391417551083  0.85800768261010285  0.86188984440386862  0.86560810194257043
  0.86924770190919431  0.87296352626089468  0.87659283118520481  0.88046495225433419
  0.88374290410255529  0.88680290430757769  0.88964006227271986  0.89245757938288850
  0.89550561074397983  0.89844020656165646  0.90180937758089641  0.90500298493146980
  0.90774065526279923  0.91014073372712689  0.91236735434581084  0.91457506463388027
  0.91669889369511048  0.91866632630868872  0.92066176423167234  0.92280775353670108
  0.92512396656576190  0.92794371631662620  0.93047223778382382  0.93276856910701422
  0.93499052652008818  0.93726882253201493  0.93981235711724320  0.94240288649890436
  0.94509061687473550  0.94781248929267503  0.95030463439764201  0.95245515428699434
  0.95433659347917177  0.95609732760864097  0.95796629163913349  0.96001983170630956
  0.96226617450662555  0.96476038909351480  0.96708368167338887  0.96921691688432898
  0.97137794380852305  0.97364184051722513  0.97606586932057804  0.98302908527595823
  0.98790596396180019  0.99245222897726570  0.99626681874655842  1.00000000000000000
 -0.02093651533896021  0.13472591580641036  0.18444564398927973  0.21930185778414701
  0.24919865990737633  0.26950652991167079  0.28472806416438251  0.29734132110561901
  0.30930423678923219  0.32024409463406250  0.33119731279468023  0.34266982859610551
  0.35322961002714115  0.36273576555886322  0.37154750009933296  0.38067675368703541
  0.38930478321430018  0.39805621031663413  0.40637888927904564  0.41547774930634773
  0.42328776700914394  0.43132013661677665  0.43877600994079163  0.44795852165499334
  0.45746838934175732  0.46709092809302644  0.47619843087398817  0.48468259001856573
  0.49246384288278644  0.49907415943971778  0.50505430697510745  0.51093308259027881
  0.51648661898051262  0.52208737793401294  0.52774012235464973  0.53439457367856713
  0.54108648462234621  0.54706027860320461  0.55240350356289747  0.55775739554868098
  0.56330836499056491  0.56985089600235916  0.57641735509242209  0.58291893759592872
  0.58913592933629289  0.59473358823009570  0.60028537917081370  0.60605104751872707
  0.61196511356364713  0.61750190047915932  0.62272824737487387  0.62764760964495736
  0.63260097616011590  0.63830365317378446  0.64442314664478306  0.65057445190543173
  0.65684624609757702  0.66282910291302988  0.66900164718852273  0.67250282088480406
  0.67528413065516080  0.67786573577649512  0.68034545020933157  0.68276925324111049
  0.68517929688701207  0.68820434803959885  0.69144664821340895  0.69566302696059212
  0.69983867216478690  0.70408776099982540  0.70854355942878267  0.71305496836706384
  0.71794727059294094  0.72272684039750634  0.72775395478101512  0.73336266724646892
  0.73932328236528666  0.74554731929155638  0.75169061792698533  0.75784797626065581
  0.76443597390965889  0.77095005229473224  0.77730884204317163  0.78341154076729624
  0.78984206237625199  0.79828842518078957  0.80854411128164727  0.81880057449589272
  0.82885474320532249  0.83895328638429156  0.84985738485446394  0.86294715804260824
  0.88031309276869296  0.90206797118931614  0.93105149823115108  1.00000000000000000
   1.3672596383378307E-028  -1.0000000000000000     
 F F F F F F F F F F F F F T F F F F T T T T T T T T T T T T T T T T T T F F F F F F F F F F F F F T F F F F T T T T T T T T T T T T T T T T T T
  <DiscreteSampler_grid>
  grouped_processes
  1 # 1 for a reference and 2 for a running grid.
  10 # Attribute 'min_bin_probing_points' of the grid.
  1 # Attribute 'grid_mode' of the grid. 1=='default',2=='initialization'
  0.0000000000000000 # Attribute 'small_contrib_threshold' of the grid.
  0.5000000000000000 # Attribute 'damping_power' of the grid.
 # binID   n_entries weight   weight_sqr   abs_weight
    10   10   3.079938591028371E-017   4.890971254908259E-033   3.079938591028371E-017
    11   10   3.079938591028371E-017   4.890971254908259E-033   3.079938591028371E-017
    16   10   3.079938576750080E-017   4.890971194397734E-033   3.079938576750080E-017
    17   10   3.079938576739722E-017   4.890971194396359E-033   3.079938576739722E-017
  </DiscreteSampler_grid>
