 -0.00002380398750803  0.00036357227737034  0.00062813202223230  0.00086872808411710
  0.00108742877105396  0.00130390202565808  0.00152214212136147  0.00173006022892256
  0.00193395631008172  0.00214466404468539  0.00234663062552554  0.00253442425312621
  0.00272385649491079  0.00290685313358945  0.00308374868695066  0.00325891007303516
  0.00343427993367658  0.00362725515067958  0.00381660433719116  0.00400149454604077
  0.00418589499686406  0.00438336181503616  0.00458848899595157  0.00479020089557801
  0.00498957609135625  0.00519525628569723  0.00539703732116453  0.00560329246588801
  0.00579582297622583  0.00596962801861460  0.00615160157018139  0.00632150050575740
  0.00653481980848520  0.00673945405932232  0.00694992564965951  0.00718086131888913
  0.00740960066828574  0.00761690084096476  0.00782544388639467  0.00803036640303754
  0.00824248927790858  0.00846937477025729  0.00870635577760288  0.00894804865415325
  0.00918376255397409  0.00941310569055899  0.00968038829724448  0.00996850219158693
  0.01027591812587047  0.01060895062930583  0.01097835320916615  0.01139867725211769
  0.01191572039468694  0.01267792795780692  0.01331390232397959  0.01381717555803934
  0.01423074929829595  0.01462187223730661  0.01491650837328608  0.01526903836717865
  0.01570643687806796  0.01617163094265957  0.01665221906703558  0.01712235479666524
  0.01751142909780402  0.01787656322278159  0.01824788928678281  0.01866140228832825
  0.01909843426297914  0.01961701751539794  0.02031354721345683  0.02128816617234408
  0.02227957484304433  0.02293445499743406  0.02388530290976931  0.02463869505175615
  0.02540792408195747  0.02645890410492848  0.02799226523459472  0.03034854803025558
  0.03469395072157779  0.03819688130803682  0.04111201761560183  0.04395455827035859
  0.04666207123099946  0.04881052896738569  0.05080793721530142  0.05280904855196282
  0.05560353011067562  0.05896975687939830  0.06376776561915190  0.07004379490799473
  0.07757734304034770  0.08682082913597201  0.59785517684459188  1.00000000000000000
 -0.00171103405251279  0.00679646319411779  0.01443232416924762  0.02238148419069821
  0.03159366938520500  0.04076464761094267  0.04959847397462425  0.05810377123248509
  0.06866116484322357  0.08097605286391531  0.09346555074515492  0.10601589401247757
  0.11933816118516787  0.13389521501710086  0.14660294449510172  0.15700529313890935
  0.16755219386042461  0.17909404372075821  0.19096688076163651  0.20151106787625742
  0.21170491224886881  0.22273109026402105  0.23388608629634614  0.24371732223589962
  0.25315284529508580  0.26158886856730490  0.26992016655844975  0.27835880900365911
  0.28688909002826418  0.29553478634147656  0.30385491999853104  0.31274827779966319
  0.32374937127636605  0.33477908354957292  0.34573794022331533  0.35674335519004291
  0.36772738271434463  0.37914995682033775  0.38956902631725515  0.39966552258144555
  0.40980395763744165  0.42074433348323542  0.43184814485030154  0.44279531025217167
  0.45364446567539779  0.46506972143291353  0.47746053400676403  0.49049076905953998
  0.50317544162571326  0.51541455200838071  0.52911299944560797  0.54239489159757959
  0.55249705763157997  0.56142299802059081  0.57046703469796478  0.58023102111011149
  0.59003621808234308  0.60031951561649421  0.61207548892791352  0.62450802975252950
  0.63712401485273840  0.65015183456913661  0.66210491078486977  0.67185760963380214
  0.68098267915426647  0.69078213116067488  0.70183246597089233  0.71466203810977624
  0.72778142081118680  0.73773521074840187  0.74736227766032259  0.75661863153062914
  0.76612570269003000  0.77570673056868511  0.78524569938120259  0.79575588610794934
  0.80599062758753903  0.81624774280076262  0.82703187854823013  0.83899725548997994
  0.85166232660830121  0.86302676873063344  0.87303113593576731  0.88276812297539964
  0.89352816476892538  0.90303090969780375  0.91207653957386081  0.92128430856295795
  0.93192792686725723  0.94275459841250153  0.95316186127237723  0.96267532262634059
  0.97130819697527648  0.97975980843373633  0.98943755213888629  1.00000000000000000
 -0.00189920110021545  0.03745323911157493  0.06890711743185789  0.09610149152813741
  0.11843627122851735  0.13681120828792681  0.15403699054710696  0.17022987712332849
  0.18545045155628687  0.19942806527404294  0.21246813949826768  0.22524861537339927
  0.23815909397640106  0.25113873565435546  0.26293412049388787  0.27484391989355494
  0.28677394625222119  0.29910619054855653  0.31069151808965645  0.32161710106500224
  0.33183404203690042  0.34168670186193240  0.35169636974732243  0.36191560066411921
  0.37181910415028008  0.38132147170570424  0.39092350110859836  0.40027883959906602
  0.40945151719419570  0.41774481612998349  0.42544883737445349  0.43300721912876372
  0.44056998476647302  0.44779026722488274  0.45511118141693102  0.46174872232646713
  0.46852387522543892  0.47513349399815996  0.48176079006946299  0.48829187324889145
  0.49483845325614373  0.50275752425135056  0.51175209155656853  0.52118495020914013
  0.52999337844847338  0.53833970746320159  0.54674342758088412  0.55519921969947383
  0.56308904686711791  0.56929835728519151  0.57575236560345733  0.58197511320784812
  0.58800145186064801  0.59385953047279194  0.59967750597022895  0.60597295513523519
  0.61294697888157879  0.62033798851378841  0.62752448727935273  0.63423045548264190
  0.64088100135401049  0.64681572965766332  0.65204984914128483  0.65702203305145324
  0.66204900892759766  0.66798410184736612  0.67396055845388014  0.67968796623739147
  0.68502134129826719  0.69075201464501168  0.69718544099966928  0.70406523348177130
  0.71121911350700762  0.71848820250639167  0.72607034529707637  0.73433928089215084
  0.74533274716527020  0.75648895589052090  0.76711065010170987  0.77505245417415203
  0.78129300483194830  0.78739741350245329  0.79430415264063925  0.80375542887198170
  0.81330342078359574  0.82214511228348486  0.83137739941958000  0.84187337595799794
  0.85380762281283695  0.86558461001905240  0.88259701426008075  0.91089205774027848
  0.93562294327256146  0.95312425006769996  0.97034522673687573  1.00000000000000000
 -0.01992124887071320  0.12862905193218502  0.18113678820109508  0.21523077758471396
  0.24187096324924814  0.26239733888762756  0.27989692188281329  0.29450533468001305
  0.30932691043838634  0.32378848374695601  0.33668839103171871  0.34709850487852290
  0.35725914872519599  0.36766506996651654  0.37814509966251014  0.38821150902867285
  0.39882975170506008  0.40970322442961099  0.42002268915522561  0.42948844689847970
  0.43850965694570293  0.44727608156389775  0.45574190788193936  0.46255064939394458
  0.46835389740383843  0.47383144606970001  0.47957565245764072  0.48530108282614226
  0.49166987292383924  0.49790315290471926  0.50342724866709088  0.50892854096794071
  0.51458192649208534  0.52060796895852390  0.52680857375243739  0.53274493290335501
  0.53825218283173704  0.54358369213527957  0.54924498581540260  0.55438574324316592
  0.56006075309031256  0.56607345781866003  0.57225463241643793  0.57816244860479638
  0.58375119206160020  0.58898694523248263  0.59352011547707884  0.59833934105064013
  0.60333614849082107  0.60863633933440031  0.61459815851036659  0.62091353183893705
  0.62584503439572903  0.63034138054024935  0.63456046432545110  0.63869828345445201
  0.64291733780321647  0.64734318368988353  0.65203307631880014  0.65676284500773774
  0.66122332564150654  0.66530673926733108  0.66944960569347078  0.67318557523405909
  0.67671124628318580  0.68020139513003552  0.68361610185262944  0.68739003216737948
  0.69193892915272426  0.69679236991411675  0.70215458973515377  0.70714959410221034
  0.71264947919346411  0.71789601671625114  0.72331300478473792  0.72856676747901383
  0.73425996187199660  0.74007406667585962  0.74607308271577399  0.75253961685912363
  0.75929834874497748  0.76588507049579613  0.77262388670913351  0.77936645043868091
  0.78577204758791019  0.79264094828909437  0.80147309829339763  0.81143607656231220
  0.82149722771380240  0.83200166633420436  0.84383774447281124  0.85738903584290416
  0.87265030925442066  0.89015218448471245  0.91953366236584111  1.00000000000000000
   1.3807292080374017E-027  -1.0000000000000000     
 F F F F F F F F F F F F F T F F T F T T T T T T T T T T T T T T T T T T F F F F F F F F F F F F F T F F T F T T T T T T T T T T T T T T T T T T
  <DiscreteSampler_grid>
  grouped_processes
  1 # 1 for a reference and 2 for a running grid.
  10 # Attribute 'min_bin_probing_points' of the grid.
  1 # Attribute 'grid_mode' of the grid. 1=='default',2=='initialization'
  0.0000000000000000 # Attribute 'small_contrib_threshold' of the grid.
  0.5000000000000000 # Attribute 'damping_power' of the grid.
 # binID   n_entries weight   weight_sqr   abs_weight
    10   10   1.191135028255282E-014   3.980416206658083E-028   1.191135028255282E-014
    11   10   1.191135028255282E-014   3.980416206658083E-028   1.191135028255282E-014
  </DiscreteSampler_grid>
