 -0.00002794825937743  0.00044132900073113  0.00080994676039144  0.00115844880759639
  0.00150354286689754  0.00184444614690515  0.00217611457323977  0.00249096270346145
  0.00281286825467205  0.00314078061081410  0.00346302341446904  0.00378399000805275
  0.00409855656226561  0.00440532919883095  0.00470701797783094  0.00500630643338493
  0.00530733002861449  0.00560545328326190  0.00589892856283529  0.00621799483605756
  0.00658323852671240  0.00695583492934185  0.00726227922665922  0.00754960229345905
  0.00785434279825872  0.00815702106257136  0.00843303814264111  0.00869843471183875
  0.00897524831307125  0.00926802781364122  0.00958418237723249  0.00988170132917505
  0.01017776557078122  0.01044873542442452  0.01071870138002563  0.01103676349171146
  0.01133619720778518  0.01164537788322606  0.01197500619633180  0.01234615873944744
  0.01268189789739074  0.01296076189545868  0.01339010047033499  0.01384880052649584
  0.01437820423942296  0.01497287862072889  0.01561535315249417  0.01614348133261233
  0.01663490752373469  0.01707654844182696  0.01744277461569718  0.01788730007082811
  0.01833646325576010  0.01875508889798559  0.01917711897067001  0.01963891401628621
  0.02023345867262227  0.02078217596168211  0.02142650318670135  0.02218467194380245
  0.02317698597188823  0.02401872255915513  0.02480462263830131  0.02613795737175432
  0.02755912480080680  0.02952232693162690  0.03152421597985326  0.03376348330389034
  0.03617655698504312  0.03816668842723746  0.03981974230632740  0.04122631467016206
  0.04241569340914561  0.04366199575511690  0.04500813205724306  0.04626587558601631
  0.04749022298214113  0.04856830405057951  0.04965348274754713  0.05055120845369972
  0.05171350053121414  0.05359057096183053  0.05586570573130636  0.05750038574997264
  0.05901447818520768  0.06085344184451113  0.06346427295478874  0.06646927121047480
  0.06816715245967864  0.06990617292980458  0.07188460504940435  0.07482301065053505
  0.07967974051996191  0.08657161669334938  0.09677409813442472  1.00000000000000000
 -0.00189790495444711  0.00863832346341999  0.01787789539591144  0.02769270620982448
  0.03813068104844124  0.04693057445228033  0.05463646390230166  0.06242269475299555
  0.07383468256884844  0.08683864795773932  0.09939613883605244  0.11112933434911083
  0.12252383098048239  0.13406919405945156  0.14616144044005369  0.15960813168405519
  0.17091652656889053  0.18170474190067437  0.19391645353986123  0.20710306951461158
  0.22049072732868882  0.23204832986439347  0.24149129516967296  0.25042267488763853
  0.25847631818115874  0.26674664282033145  0.27632358463815859  0.28697027403134928
  0.29792546465938979  0.30808765889780843  0.31838470068807023  0.32968871387676085
  0.34213836624088928  0.35354352722813986  0.36409505631053984  0.37336636360100600
  0.38193859198456698  0.39019825940922337  0.39910948823803993  0.40839519896586102
  0.41805139486194481  0.42750089725166235  0.43653705281501193  0.44601309352811824
  0.45632565237352107  0.46750276858368622  0.47767792354299438  0.48882353668201400
  0.49997551645231714  0.51059864407875211  0.52135704197861898  0.53317626941832219
  0.54416423140909365  0.55313336538768554  0.56092273273839677  0.56900797453159258
  0.57899003837452134  0.59156220892692180  0.60252593542111632  0.61264920135852197
  0.62296442578862876  0.63540192402340034  0.64736610615992485  0.65824795403174297
  0.66900657777261496  0.68040872411697650  0.69063888663805739  0.69901614915312404
  0.70771986845888690  0.71777872538969512  0.72861982217123578  0.73577895274673910
  0.74249129563953331  0.74931346652027409  0.75757714077711180  0.76801352345510465
  0.77772223637705518  0.78618797163079956  0.79497156230344579  0.80465451908614438
  0.81557025290089769  0.82672538972414134  0.84062166074158984  0.85292913916244928
  0.86532230764190765  0.87690781726934919  0.88890347714978668  0.90118128941925479
  0.91347919032663116  0.92623179021968904  0.94025899552081205  0.95479739742092673
  0.96639848640984238  0.97738985008509904  0.98852338330308365  1.00000000000000000
 -0.00202766625489070  0.05053302346782644  0.08963612107113771  0.12249215440129842
  0.15094481077072711  0.17625260710351168  0.20111675814615840  0.22379648864300686
  0.24463644282008420  0.26330559774993523  0.28029779368151186  0.29685362076852906
  0.31274843584642054  0.32867543440163038  0.34427914316501829  0.35971892410123207
  0.37506005734613468  0.38976811524738436  0.40346903726546163  0.41601663207406070
  0.42730421494474791  0.43880289041010817  0.45029346859730246  0.46079320012419789
  0.46988222475567298  0.47935680002245662  0.48821605298109549  0.49670477261748514
  0.50438922506479478  0.51249659174252715  0.52091981258334097  0.52980058380132844
  0.53841043298838287  0.54695872809755641  0.55559120326399714  0.56397924524281096
  0.57288236686154137  0.58238899529023280  0.59143937779579769  0.60191415664288384
  0.61113485568653902  0.61910714174420478  0.62614098882255587  0.63240235017388668
  0.63827179831884584  0.64514720367356226  0.65142275421791240  0.65736882709701083
  0.66360597341878369  0.66940015307058920  0.67548070289591744  0.68170853139373444
  0.68831373687727360  0.69433754786807611  0.69979025718291599  0.70562814924018102
  0.71118013691462945  0.71642976904280542  0.72135231115273313  0.72616436870682299
  0.73111300121259504  0.73637411747189330  0.74140729818391038  0.74659133022976853
  0.75220948830002032  0.75828232154686370  0.76380564157917286  0.76952226519284395
  0.77614526272620910  0.78387911616894013  0.79300926098498481  0.80147220056879476
  0.80963738429852872  0.81758153797064270  0.82265021985028908  0.82783797861685127
  0.83300638999929244  0.83816225164761238  0.84336479966895683  0.84846672412734647
  0.85347877243952630  0.85871674661546660  0.86437861453262033  0.87085840422322158
  0.87836204691662267  0.88928845658451061  0.89739616080508522  0.90493185800540665
  0.91305234415546288  0.91998027852400943  0.92716814540647463  0.93450061117802274
  0.94220243228021150  0.95043880982639395  0.96216221852163109  1.00000000000000000
 -0.02304723520739844  0.13252898817516048  0.17142540075271809  0.19625274094518072
  0.21549183847012585  0.23055329961930812  0.24462783781645067  0.25794437964073347
  0.26962844355291110  0.27990069057128691  0.28956909893198729  0.29762668441213447
  0.30431798607373589  0.31055751429015060  0.31703578314059111  0.32477410824443537
  0.33234999698035322  0.33984179159570022  0.34634691336157908  0.35159428756230221
  0.35661713813741347  0.36154314342238841  0.36695504107521870  0.37297727358337007
  0.37819770856582435  0.38284711798948623  0.38771770839047343  0.39231382920292851
  0.39823179405556247  0.40471411807063162  0.41137267202243832  0.41766072574076407
  0.42343643080194582  0.42880624121044902  0.43390872633837613  0.43918796582358893
  0.44498509901011213  0.45112283692919719  0.45707208174616748  0.46244068895019058
  0.46742438044296725  0.47238237971391328  0.47709430196566527  0.48175058129969561
  0.48656319843551721  0.49105609516118126  0.49551595850464197  0.50008720687223418
  0.50493240165197240  0.51001366527434400  0.51500788907640571  0.51995744495265694
  0.52578167636829887  0.53249456564619135  0.53932044259021350  0.54469211906205761
  0.54965968610185523  0.55452022001621415  0.55935186139580062  0.56408900868279210
  0.56883097650658898  0.57379824099799082  0.57859742227751243  0.58289892544724453
  0.58703601595459409  0.59141818024303705  0.59575427067178621  0.60043496921380035
  0.60562173498920657  0.61156211874084299  0.61759089907510145  0.62297145046056013
  0.62810817428691212  0.63335582156620474  0.63899798592993406  0.64536836777169637
  0.65215683269136659  0.65917029455365961  0.66568766222751663  0.67194028912354908
  0.67780294718704304  0.68403358157841931  0.69098488661665358  0.69823853063204833
  0.70542751392650638  0.71317603034897303  0.72191432944977818  0.73171682659541881
  0.74253184381602966  0.75421260028802617  0.76690712419245599  0.78129625634194000
  0.79807498716377967  0.81972126789917865  0.86301479168339479  1.00000000000000000
   4.5033904438430362E-011  -1.0000000000000000     
 F F F F F F F F F T T T T T T T T T T T T T T T T T T T T T T T T T T T F F F F F F F F F T T T T T T T T T T T T T T T T T T T T T T T T T T T
  <DiscreteSampler_grid>
  grouped_processes
  1 # 1 for a reference and 2 for a running grid.
  10 # Attribute 'min_bin_probing_points' of the grid.
  1 # Attribute 'grid_mode' of the grid. 1=='default',2=='initialization'
  0.0000000000000000 # Attribute 'small_contrib_threshold' of the grid.
  0.5000000000000000 # Attribute 'damping_power' of the grid.
 # binID   n_entries weight   weight_sqr   abs_weight
    10   10   1.668419059396986E+003   9.046101196499150E+006   1.668419059396986E+003
    11   10   1.668419059396986E+003   9.046101196499150E+006   1.668419059396986E+003
  </DiscreteSampler_grid>
