 -0.00002892117362391  0.00033935248553960  0.00062850945035155  0.00092177817792917
  0.00121685590263175  0.00152573105343933  0.00184717392793732  0.00215178765226990
  0.00246851300328338  0.00279229385640161  0.00310945426357644  0.00343752778726337
  0.00379630416739781  0.00418159680544279  0.00451687899926809  0.00482987349433601
  0.00513477287794337  0.00547383087598797  0.00582362244753397  0.00612992306016512
  0.00641352697714456  0.00670757081647079  0.00701031855632225  0.00733876281882252
  0.00766762860642605  0.00805102655417409  0.00849966752169621  0.00886062146406542
  0.00920544984344794  0.00956561852560791  0.00992233035681637  0.01025963944219374
  0.01054028880443410  0.01081156125088411  0.01109166347721032  0.01138395564536376
  0.01170493331677776  0.01195139095607933  0.01216357387363531  0.01238435442500130
  0.01261532658298853  0.01283959043906866  0.01307882940636780  0.01333764768923284
  0.01357431037393373  0.01379613818358394  0.01403537370056202  0.01429734756811343
  0.01458465195736148  0.01485272845517184  0.01512270459872075  0.01542467174142465
  0.01569591578247496  0.01583769217498696  0.01592829668674620  0.01697922685678884
  0.01859360332093827  0.02069884920879295  0.02227056002953626  0.02380002347640056
  0.02541060619245392  0.02704638811410520  0.02862238238747659  0.03017736673890509
  0.03200432125955802  0.03400382014346732  0.03621469426773807  0.03834944451491275
  0.04033618401865701  0.04240200310332797  0.04451894716173607  0.04622679713445931
  0.04791384924749079  0.04980313323736929  0.05168082234392930  0.05273098890433497
  0.05368921889684933  0.05444088941179383  0.05530853199189976  0.05589854688545622
  0.05631104126825479  0.05672353565105337  0.05812735538140473  0.05955105537040033
  0.06103042194971904  0.06256328926228376  0.06409615657484846  0.06653495837363159
  0.07160901528163154  0.08496791362229067  0.09732494048795781  0.10544783456552378
  0.11433356325005681  0.12654924106241477  0.14317547031490713  1.00000000000000000
 -0.00310297497491387  0.01172992871887321  0.02387082979177695  0.03733927907519400
  0.05065683803543757  0.06308231670866782  0.07573884383942628  0.08793729830654909
  0.09959891094323460  0.11139222091913684  0.12261488211840788  0.13416789188238334
  0.14569393557433294  0.16114474496894410  0.17522681490387923  0.18817721984183125
  0.20090313674327967  0.21145379967137609  0.22243617585913514  0.23421332192214858
  0.24430127200913482  0.25546262123798258  0.26593757512733407  0.27581123439160954
  0.28796643962301199  0.29986029169032957  0.31354466844479995  0.32920360452796682
  0.33518294326505327  0.34100293423452299  0.34685595130017111  0.35217060987673426
  0.35880489337846555  0.36740349255235016  0.37694832796494931  0.38662272283314747
  0.39702062912205810  0.41074618819773467  0.42552933989242936  0.43872123134649182
  0.45019734543225748  0.45974436676344993  0.46898302321686558  0.47976305609253289
  0.49350233013353367  0.51041477298471727  0.52658312550538589  0.54043513045903391
  0.55294455714923441  0.56307710880365647  0.57374888808018365  0.58615478276466515
  0.59831126230021525  0.61082440561406848  0.62340981626325631  0.63583584032141749
  0.64743668767816431  0.66008393630699613  0.66957333874367952  0.67648235468240248
  0.68198901482475882  0.68668628028513168  0.69150557970069149  0.69709105184037123
  0.70342556494352759  0.71109519902933160  0.71793295089358855  0.72421487166691778
  0.73285595954545679  0.74878042363726682  0.76484073535049368  0.77946590717766440
  0.79143586980154945  0.80021162667021861  0.80803380079011689  0.81658604349204211
  0.82305571972901403  0.82661238326124864  0.83059793018712014  0.83434835198490309
  0.83788097437959363  0.84108325215464663  0.84543180767131809  0.85308675996132499
  0.86240708066869154  0.87216916326405824  0.88260299344696691  0.89398134788181982
  0.90536085815359435  0.91751047558818222  0.93197543618488066  0.94705756063933177
  0.96197330101265199  0.97586794176234315  0.98855671744956786  1.00000000000000000
 -0.01358623351356802  0.16489412419374536  0.27096409833685670  0.34994799508548735
  0.41353565622307970  0.46798891803052178  0.51429618484194550  0.55289198615658608
  0.59132406103253998  0.62688515176226922  0.65573634555527838  0.67961054114690356
  0.70057609394061060  0.71901098490886961  0.73779704328911055  0.75731204203346913
  0.77544896991167978  0.79131207085944888  0.80539300992930629  0.81800541347538358
  0.83007000011829823  0.83989806033685932  0.84939811920573971  0.85899354016360863
  0.86877966368712278  0.87686896541451353  0.88319759655184438  0.88910932715920665
  0.89466698355344887  0.89975428372679622  0.90441516062148675  0.90900199507266366
  0.91360203101301096  0.91785939056371157  0.92166397484304352  0.92543326164788586
  0.92897029721504554  0.93230670554614004  0.93548317600760955  0.93787673753394352
  0.93970308546860581  0.94158730305078830  0.94355236425575817  0.94559269746202823
  0.94757013306442595  0.94923065294720244  0.95090535951023991  0.95241649855536181
  0.95399760433621617  0.95557297644451189  0.95717208982275948  0.95881403927696651
  0.96041241324680371  0.96189120003044948  0.96328087266285467  0.96448305599710815
  0.96572544651053316  0.96696904964224017  0.96822904273624433  0.96955564417244222
  0.97099801853439494  0.97248168883581410  0.97418655295362688  0.97589913708740161
  0.97762031384962711  0.97918064877082045  0.97979652422974250  0.98039113086389840
  0.98096515500719894  0.98145573017221954  0.98193758605930836  0.98256781840111784
  0.98330072429507043  0.98412087229709266  0.98476782375507010  0.98526340351190889
  0.98569656516986470  0.98608427600989790  0.98648800767951417  0.98691140469531691
  0.98736363490483292  0.98791887868440709  0.98849137568450107  0.98907126930575440
  0.98947146905254102  0.98983191907587931  0.99015484345777838  0.99074126193960255
  0.99177023573229550  0.99265290576407916  0.99331079778470188  0.99413627355018086
  0.99518629366147227  0.99628797878326114  0.99748342151927272  1.00000000000000000
 -0.01517733819290477  0.09195572792341918  0.13915577667042203  0.17129985430527708
  0.19215830282229968  0.20539859871548427  0.21694273727150887  0.22835657491651279
  0.24154055249549003  0.25255800200252809  0.26601911447579241  0.27697453394786836
  0.28285663490241342  0.28893986344405065  0.29537766494705781  0.30186244886366437
  0.30859979479591715  0.31540695743576902  0.32348095693227102  0.33708758818366980
  0.35001387004671192  0.36043485841568190  0.37106926039649252  0.38073879933801225
  0.38989489976849073  0.40051771356499005  0.41012102633059477  0.41908300093122436
  0.42738483380887127  0.43482528819368299  0.44207380738315472  0.44988882470907066
  0.45819689401979280  0.46568648526158207  0.47186343613881643  0.47810097442318827
  0.48434628111607336  0.49041178065189378  0.49702193155983659  0.50436725867995902
  0.51177177379572125  0.51911654071165603  0.52641525606198580  0.53366160990474287
  0.54081579134423274  0.54476196093487750  0.54831949703259286  0.55216804920050755
  0.55535165554047072  0.55849444992481179  0.56144724067894203  0.56416316129453115
  0.56667207086091620  0.56903171085675563  0.57202186485043260  0.57692479137534181
  0.58137745930146179  0.58544892139560667  0.58851552643656768  0.59070208416327075
  0.59277758935397518  0.59495401016134475  0.59697630750222241  0.60073372397589375
  0.60483573834109483  0.61140642019282909  0.61876169956354610  0.62646568619758403
  0.63389543883582233  0.64096714693355950  0.64776105643486082  0.65545297601353225
  0.66433090154563845  0.67368284038978132  0.68103572191908868  0.68698336276160821
  0.69190459650348812  0.69654666559678835  0.70169000432360973  0.70823516332930780
  0.71636305957347735  0.72470357959096643  0.73306972878777232  0.74242914870540611
  0.75245241542139940  0.76477511618770155  0.77767402149318143  0.79219191488918639
  0.81071359651588304  0.82828025522981885  0.84343547044971778  0.85736282878898040
  0.87521811344792710  0.89154361081921352  0.92050610464308591  1.00000000000000000
   3.6563962201933473E-015  -1.0000000000000000     
 F F F F F F F F F T T T T T T T T T T T T T T T T T T T T T T T T T T T F F F F F F F F F T T T T T T T T T T T T T T T T T T T T T T T T T T T
  <DiscreteSampler_grid>
  grouped_processes
  1 # 1 for a reference and 2 for a running grid.
  10 # Attribute 'min_bin_probing_points' of the grid.
  1 # Attribute 'grid_mode' of the grid. 1=='default',2=='initialization'
  0.0000000000000000 # Attribute 'small_contrib_threshold' of the grid.
  0.5000000000000000 # Attribute 'damping_power' of the grid.
 # binID   n_entries weight   weight_sqr   abs_weight
    10   10   1.194102285444411E-004   2.857635612926659E-008   1.194102285444411E-004
    11   10   1.194102285444411E-004   2.857635612926659E-008   1.194102285444411E-004
    16   10   1.194102285444411E-004   2.857635612926659E-008   1.194102285444411E-004
    17   10   1.194102285444411E-004   2.857635612926659E-008   1.194102285444411E-004
  </DiscreteSampler_grid>
