 -0.00019721448951154  0.00183330612787110  0.00472596607630859  0.00868163738991622
  0.01334068843181694  0.01853020680138964  0.02427734803190154  0.03049269298641667
  0.03713993498656586  0.04397244286508834  0.05103287743174471  0.05828502343057299
  0.06582125169095689  0.07361874244815014  0.08150395380524691  0.08944355911818837
  0.09764211797127353  0.10593606183076680  0.11434736925603735  0.12281939566957303
  0.13154895819182219  0.14048744806645549  0.14966287463877145  0.15900991516922003
  0.16851215798430000  0.17802824272301243  0.18766352088680494  0.19744440624668586
  0.20728822552276988  0.21711640765070647  0.22688510484494037  0.23659803946130911
  0.24660729950137317  0.25670066142607323  0.26675727726063797  0.27669933436425825
  0.28665471062736414  0.29686072312111217  0.30726239755356111  0.31768841924901731
  0.32825839276756019  0.33908833020087509  0.35010040547779697  0.36131076789855832
  0.37277626266651653  0.38443970306895237  0.39617477307648524  0.40800551541503260
  0.41994723996089467  0.43175358715272105  0.44342886827948474  0.45502912660406747
  0.46670389716672950  0.47850244076107457  0.49064864041702255  0.50257716988407775
  0.51470829752669156  0.52701187974855113  0.53938333783483372  0.55184203767809559
  0.56445945222570648  0.57723334395527703  0.59016077515689846  0.60313219149272324
  0.61544267800488472  0.62761984852967145  0.63976096056398390  0.65192919145864858
  0.66412026834659454  0.67634157736544598  0.68857332912146951  0.70075822430783608
  0.71286428819866532  0.72492556802939545  0.73699467628349258  0.74903320213788838
  0.76096241168520629  0.77290804130064816  0.78487929636181430  0.79700949512788577
  0.80924098215600515  0.82145484880350261  0.83365063018211727  0.84592386859380764
  0.85830846708707875  0.87076503513947312  0.88323036042102054  0.89565925931270407
  0.90793382811527823  0.92042267930514554  0.93309175983901893  0.94592439231775549
  0.95900016057156801  0.97237833710533406  0.98606812478616523  1.00000000000000000
 -0.00254185212387822  0.00959712942169469  0.02041924159220348  0.03164672649527035
  0.04288057375573635  0.05410588311886043  0.06490878341197233  0.07542083433307263
  0.08602662099238284  0.09681060119459624  0.10777904604719592  0.11888735758499511
  0.13005423023817755  0.14133889570747174  0.15274572216780291  0.16395716044887965
  0.17462955823355963  0.18498044193820434  0.19550583703025204  0.20607938933175421
  0.21626758987356973  0.22618392040613652  0.23621379623743075  0.24627208994305680
  0.25613341189652761  0.26560704743996316  0.27547256110380264  0.28550412689318067
  0.29572361148157766  0.30601232715836740  0.31637239168769049  0.32690839770844882
  0.33729941536006258  0.34738621592608554  0.35735122073790992  0.36749660576382553
  0.37764808819139711  0.38817686810351831  0.39886707502110502  0.40965160634164410
  0.42027072030598145  0.43078282795752881  0.44163783239196192  0.45269335545551603
  0.46305562897979213  0.47296765011421288  0.48285268119865843  0.49306405908655093
  0.50394422328886290  0.51411657207810812  0.52465193599821258  0.53513075121763098
  0.54624976107514678  0.55760980495654022  0.56855256291628720  0.57931008288997876
  0.59034046245463634  0.60134610057905247  0.61214602074230129  0.62286389971889056
  0.63355913398463970  0.64403813699714152  0.65425468472178649  0.66447927108595140
  0.67477360680836551  0.68518934689988209  0.69552006822073686  0.70597181105414752
  0.71622129997964956  0.72635909531175535  0.73669758960379572  0.74687804342325959
  0.75741337078272630  0.76811145980634277  0.77892901212184540  0.78989290901220588
  0.80061659200281399  0.81142828696531211  0.82196862260480086  0.83275300781736095
  0.84399116668538554  0.85506350348279869  0.86550500030577615  0.87591220412284476
  0.88632849263101088  0.89665684247082766  0.90643706777764899  0.91638584762922437
  0.92708313963858080  0.93760354542394231  0.94790720296854092  0.95827149864439976
  0.96865925523656637  0.97934852012046614  0.98947569766941035  1.00000000000000000
 -0.00307055677478675  0.01840264161967555  0.03441407683760425  0.04787675704735679
  0.05990342341274838  0.07127502969700145  0.08213993529145563  0.09206008894866337
  0.10118646989672528  0.10987232876350968  0.11851759545530914  0.12711181574898758
  0.13552222460335417  0.14357592886676221  0.15154585386126759  0.15939390882143864
  0.16706021324087353  0.17460437827873598  0.18215571016965676  0.18972085934151253
  0.19723162683464862  0.20477318704162945  0.21232449741793985  0.21983752283598662
  0.22728293554862766  0.23463838350019742  0.24199256163697969  0.24919667645160820
  0.25615315079225848  0.26300670682820682  0.26998914299202154  0.27710527566341203
  0.28431105461521128  0.29153906684823849  0.29871806167437270  0.30581864978898698
  0.31280485075272368  0.31967801285703168  0.32654931303516993  0.33345037812788830
  0.34032281124501851  0.34716621547041843  0.35397406875683191  0.36076621181787460
  0.36760247641927674  0.37447508607953256  0.38136272008816141  0.38838570759093205
  0.39532093060591267  0.40212689334029117  0.40892893118929713  0.41595128152377620
  0.42287182440784959  0.42995732741973874  0.43702171473152018  0.44418549821784070
  0.45118291536144278  0.45821234608984712  0.46554567631750127  0.47296531240153578
  0.48075078199184895  0.48882774832223130  0.49683822449387410  0.50478714009055936
  0.51297190526557446  0.52130643220945583  0.52965395800092763  0.53806860821365765
  0.54654621107197709  0.55504299658440526  0.56352818822536399  0.57207464648450834
  0.58065848861477709  0.58932964429018264  0.59819039324621859  0.60726151550854701
  0.61652314753642679  0.62605076908372048  0.63567412348649077  0.64581168428787628
  0.65673778867974020  0.66842762699638525  0.68070670307425285  0.69296293073972093
  0.70521317869697420  0.71783408073813493  0.73103951422320212  0.74475762531831347
  0.75969189993860842  0.77608111992132867  0.79400241679582906  0.81439330661702924
  0.83894251752773996  0.86844603396657294  0.90986888148803235  1.00000000000000000
 -0.02517971556952350  0.12158726934848793  0.15686334730107468  0.17808052398362073
  0.19492929786101351  0.20970662172499002  0.22289633722397315  0.23495094998688004
  0.24635688894869159  0.25672120709822888  0.26640716842480888  0.27545283135096110
  0.28420226490638256  0.29271611701585348  0.30100964469914765  0.30891035987402699
  0.31655899133706522  0.32407092586565944  0.33147649755695080  0.33860335785262607
  0.34547274482247181  0.35214711548610561  0.35872175494037156  0.36537885066412362
  0.37205831554090435  0.37855533909776096  0.38480929188815499  0.39083125969089721
  0.39675497368676110  0.40264946992878597  0.40850444670312547  0.41433194071563667
  0.41998492434637263  0.42551025939776282  0.43099987163517806  0.43648361197986840
  0.44192535032497282  0.44738038615711645  0.45283558909722038  0.45815053523718491
  0.46351403761702131  0.46866394914348564  0.47386311381067203  0.47898418418246430
  0.48399634805406988  0.48911057093314930  0.49435018530477431  0.49967927268205048
  0.50501685651605976  0.51032618268075736  0.51559904684523217  0.52084064931018037
  0.52607902930642580  0.53134715009165656  0.53665234098190340  0.54204099010970330
  0.54754222092037608  0.55307346062592933  0.55867856327650645  0.56422436686756239
  0.56967140969502816  0.57505274731973621  0.58055582550942575  0.58606346690638733
  0.59170146567037407  0.59734042865562786  0.60300681764018327  0.60878983798533137
  0.61470959980640416  0.62064469775092423  0.62656054198002520  0.63245763382106068
  0.63843973365034989  0.64448879039531004  0.65073714378746950  0.65712672501836233
  0.66365956964517969  0.67048493430233191  0.67760840609063855  0.68481901559105751
  0.69234937013561748  0.70005559675984108  0.70802820344960871  0.71624120693383653
  0.72472686864744607  0.73385533095312916  0.74370251102458307  0.75398565068320544
  0.76474985299908327  0.77613594884831683  0.78869046189215386  0.80281993000355312
  0.81957385030298968  0.84144640861476505  0.87807866876644181  1.00000000000000000
   2.2221810846233017E-004  -1.0000000000000000     
 T T T T T T T T T T T T T T T T F F F F F F F F F F F F F F F F
  <DiscreteSampler_grid>
  grouped_processes
  1 # 1 for a reference and 2 for a running grid.
  10 # Attribute 'min_bin_probing_points' of the grid.
  1 # Attribute 'grid_mode' of the grid. 1=='default',2=='initialization'
  0.0000000000000000 # Attribute 'small_contrib_threshold' of the grid.
  0.5000000000000000 # Attribute 'damping_power' of the grid.
 # binID   n_entries weight   weight_sqr   abs_weight
    10   10   2.048722775733346E+007   4.701830950087744E+014   2.048722775733346E+007
  </DiscreteSampler_grid>
