 -0.00002387981480095  0.00027326278136263  0.00047549432069135  0.00065894733876438
  0.00083401208088126  0.00100178008273576  0.00117162506688908  0.00134536636359187
  0.00151373568498619  0.00168334088118789  0.00185872428803857  0.00202580744315679
  0.00219107628681586  0.00235000740259421  0.00251327944272320  0.00268245238373130
  0.00285221505365645  0.00302446260680912  0.00320780572647053  0.00339915391060495
  0.00358105167051964  0.00376341851724950  0.00395367880736327  0.00415190872473730
  0.00438373409509268  0.00461043250868825  0.00479922450930846  0.00498003489226992
  0.00517539630931388  0.00538357769835603  0.00558464629173335  0.00578756378841408
  0.00600058305698890  0.00620790632498644  0.00641363018182682  0.00664459629277609
  0.00687458799375388  0.00709688557869292  0.00729446479030102  0.00749388066493306
  0.00769127831008897  0.00788689358133380  0.00808633716327513  0.00828923362978835
  0.00849545800728625  0.00870078368352914  0.00889720799019425  0.00908907204474777
  0.00928283030067642  0.00953957499258137  0.00991602592679639  0.01053094078684749
  0.01103941592859729  0.01148413317401019  0.01183669741054031  0.01223398451872387
  0.01270423079068129  0.01332162637409916  0.01389049239765558  0.01444234634786240
  0.01513293306359089  0.01582213748298085  0.01648901353394828  0.01706520068203408
  0.01759579388760063  0.01817819517399285  0.01874808142230931  0.01919670107421086
  0.01960726611419098  0.02001086439411950  0.02042521878444199  0.02076883236120793
  0.02122913716597451  0.02177904100184984  0.02246432535061455  0.02310581341694641
  0.02359837802271755  0.02545023842823683  0.02773398437529098  0.02979588800902943
  0.03168601225015399  0.03348598553895111  0.03505802971847576  0.03654408258149637
  0.03821874168243213  0.03987441568644931  0.04178289240962521  0.04423825932373100
  0.04761990090946332  0.05155175492484071  0.05460617444238252  0.05770433524063987
  0.06027200582120880  0.06209919791943639  0.06209919791944639  1.00000000000000000
 -0.00309952986828655  0.01109005291530308  0.02334018709324472  0.03455868510912219
  0.04612838148103598  0.05812907207153000  0.06956285512584563  0.08025293583872260
  0.09053721126463563  0.10123749110722587  0.11341736295462181  0.12561621808303144
  0.13735722111389964  0.14812141211418051  0.15745964152277223  0.16628114134122748
  0.17516041152513592  0.18493832170085869  0.19434514066615405  0.20397024554766685
  0.21311590151865442  0.22308351799213719  0.23362055403187384  0.24328504827823361
  0.25178532641137119  0.25964896070167476  0.26810348150349150  0.27820657757570938
  0.28932593194500084  0.30030707078604935  0.31144482224620418  0.32282280934495161
  0.33410608892143817  0.34615982176813287  0.35670616519433301  0.36526449101893316
  0.37382318429703154  0.38267903579964668  0.39182395578923440  0.40076980845964572
  0.41071669305247277  0.42153781349901442  0.43387985561171971  0.44650357018357761
  0.45817719669613866  0.46735508052616609  0.47685980014532370  0.48525550870314460
  0.49340579771742787  0.50231263515724456  0.51222530630482221  0.52191414406500680
  0.53143130079376399  0.54014293272243741  0.54997540295476754  0.56028577209149433
  0.57055328558957141  0.58200954181346942  0.59466286023416859  0.60511695339796323
  0.61494764477073394  0.62484791207236468  0.63526130716631557  0.65104745076423465
  0.66533246382521805  0.67848981099937411  0.69093856779008356  0.70083604681644029
  0.71057296258075375  0.71926088619883888  0.72848031907220845  0.74013527641405163
  0.75161673022457409  0.75925956674979145  0.76567684353594201  0.77246030338064486
  0.77809024294848150  0.78502094324428118  0.79330518245799053  0.80316355329612488
  0.81297403462357332  0.82238848522749741  0.83139041488502885  0.84370826431687729
  0.85727657167874027  0.87163424134473289  0.88318338526154971  0.89497325938344541
  0.90738902095184815  0.92019116566127912  0.93312891205725579  0.94592646687023696
  0.95824044318408597  0.97043299437031971  0.98386797159222550  1.00000000000000000
 -0.01505289493722201  0.13300064652015312  0.21967040484422659  0.28520578087839710
  0.33901883168524427  0.38377249319908735  0.42322083747416500  0.45675960100628987
  0.48546347284448943  0.51259546202618989  0.53741401571097625  0.55976874700349466
  0.57986140419000076  0.59879811313235387  0.61647658578898945  0.63320235695971239
  0.64902675423642542  0.66375416298786494  0.67813478436865293  0.69204687058304548
  0.70481841093454622  0.71612498691591264  0.72663457913753737  0.73685595372860246
  0.74662296907518766  0.75597650263599470  0.76487599034519982  0.77317149701617993
  0.78092390076707863  0.78882326613791298  0.79571288870613699  0.80160253755745170
  0.80699877108207119  0.81216498167002216  0.81750762531299193  0.82308545478707118
  0.82846342984878196  0.83334826278800089  0.83834259264649802  0.84355469247879988
  0.84908825106296792  0.85456899215125637  0.85964372047765780  0.86449730042698403
  0.86923876541989298  0.87378340555390288  0.87853027599186184  0.88277033974934471
  0.88694728908336329  0.89097308315027546  0.89470761374957741  0.89808283598601779
  0.90126272532948581  0.90441005698301735  0.90763251710889969  0.91062177616806605
  0.91345268286014381  0.91624353956873261  0.91906525393730798  0.92190355831410686
  0.92465460699610469  0.92721138104642276  0.92973824839181229  0.93225684247609486
  0.93469911104830872  0.93698729236430123  0.93914047503036779  0.94130892736848126
  0.94352702662265664  0.94570893337417472  0.94789208996660568  0.95006159935558487
  0.95219248508108933  0.95432827990842239  0.95641785078678954  0.95837323003265440
  0.96020912101917566  0.96201030264474174  0.96364539469084254  0.96522149212154118
  0.96677576852036129  0.96833801260881780  0.97017073285355593  0.97226688781797022
  0.97451706415071082  0.97659509590577931  0.97876036200291938  0.98108860076095528
  0.98320011515310135  0.98505085905000389  0.98669973028350277  0.98838760396400882
  0.99003865801198210  0.99184083154269986  0.99401933783395702  1.00000000000000000
 -0.01826351729771968  0.12486405415277897  0.15898951463415845  0.18096809836644603
  0.20051880537935340  0.21907076587534824  0.23519947655169515  0.24908507508743491
  0.25974876119524593  0.26917975538520184  0.27862375169771364  0.28715502622504763
  0.29424336756028013  0.30060587422965801  0.30751105509250587  0.31554056935376545
  0.32406886245628280  0.33177682384196777  0.33798208620886000  0.34314861868871588
  0.34817415172159594  0.35296329279828348  0.35885545040762978  0.36502466046461862
  0.37135473036979039  0.37716523481067077  0.38268884447352752  0.38832868954890942
  0.39482364278686166  0.40222277417500446  0.40857115877865857  0.41359870594102260
  0.41858869036995805  0.42361352239930966  0.42882364824356889  0.43431173550316299
  0.44077160724166697  0.44749161609953819  0.45432868646612118  0.46114439296618109
  0.46774554493226500  0.47336708557186491  0.47756610668787303  0.48157493339152224
  0.48528364145817432  0.48901186966538179  0.49312514676552405  0.49833203497398443
  0.50452312972352631  0.51065597577593680  0.51690138362468718  0.52269945062632706
  0.52791557297533043  0.53279574251618156  0.53745041312452069  0.54219797541051173
  0.54708155358774713  0.55205885643976871  0.55700647801745296  0.56201668699022078
  0.56779479958601231  0.57429958110844381  0.58047953886752568  0.58548319608629118
  0.59025692663418161  0.59468248271990642  0.59895264745069043  0.60370444156445502
  0.60942915969961720  0.61578630237873888  0.62207411861740725  0.62797771097569732
  0.63347126797606623  0.63871293597451539  0.64428297085813035  0.65140784344772285
  0.65982612338150670  0.66974155829725301  0.67954124149419259  0.68876171140647602
  0.69844370719298143  0.70739828795443105  0.71511409435828455  0.72206378272856664
  0.72927303403662258  0.73537435693785025  0.74171289323341938  0.74881176478981526
  0.75762213950088508  0.76698005501167577  0.77814125043785831  0.79249268704751585
  0.80991426438601111  0.83265509156329109  0.87142908718217160  1.00000000000000000
   8.8671166822103601E-012  -1.0000000000000000     
 F F F F F F F F F T T T T T T T T T T T T T T T T T T T T T T T T T T T F F F F F F F F F T T T T T T T T T T T T T T T T T T T T T T T T T T T
  <DiscreteSampler_grid>
  grouped_processes
  1 # 1 for a reference and 2 for a running grid.
  10 # Attribute 'min_bin_probing_points' of the grid.
  1 # Attribute 'grid_mode' of the grid. 1=='default',2=='initialization'
  0.0000000000000000 # Attribute 'small_contrib_threshold' of the grid.
  0.5000000000000000 # Attribute 'damping_power' of the grid.
 # binID   n_entries weight   weight_sqr   abs_weight
    10   10   3.842296365155749E+000   3.946505651955982E+001   3.842296365155749E+000
    11   10   3.842296365158167E+000   3.946505651956038E+001   3.842296365158167E+000
    16   10   3.842296365155749E+000   3.946505651955982E+001   3.842296365155749E+000
    17   10   3.842296365158167E+000   3.946505651956038E+001   3.842296365158167E+000
  </DiscreteSampler_grid>
