 -0.00005305700696091  0.00079882054960611  0.00146074433588381  0.00204187425084049
  0.00252985523409284  0.00298520668649846  0.00342790023555275  0.00386949476329654
  0.00430002261504937  0.00470652312316146  0.00509756000274443  0.00549894994064071
  0.00590101381988445  0.00630685788519980  0.00676046130085739  0.00721815124849729
  0.00765970299487245  0.00809071868535705  0.00852893293658800  0.00896308213988927
  0.00937189668767359  0.00978994765894143  0.01020883546512834  0.01062331502799383
  0.01106449706720771  0.01151356837005422  0.01199169441282115  0.01253266894434387
  0.01307158762398655  0.01359961625044116  0.01411653710212243  0.01460393170777516
  0.01508220337843130  0.01555669229278081  0.01602661313552543  0.01652870224565217
  0.01704565457790038  0.01756635952490469  0.01811786445858258  0.01866782766313613
  0.01922341309520785  0.01985269588335076  0.02048922607812405  0.02115714510011472
  0.02181968749696004  0.02238359815557035  0.02299515904401568  0.02366792223034431
  0.02437272318319942  0.02507914665051837  0.02576511363471648  0.02645525330668514
  0.02718065917808647  0.02795435246714614  0.02879023151403757  0.02966065613126759
  0.03071474502165648  0.03179657979584141  0.03291791771569829  0.03413499095000424
  0.03535438331450737  0.03641805674050330  0.03748138027115131  0.03836108003714583
  0.03935483927850090  0.04053526857243534  0.04188446665728414  0.04323988953657889
  0.04450714650719784  0.04575438293289473  0.04720128560236267  0.04871131192523538
  0.05041481758455724  0.05230499689797948  0.05430675419558976  0.05604708363229141
  0.05766808734987854  0.05939521951980904  0.06156809692707663  0.06378194518251126
  0.06567589629030743  0.06731442863116284  0.06981995663497623  0.07214486909013779
  0.07436514313050391  0.07701322822995413  0.07977392651207382  0.08253755705550038
  0.09163690474553943  0.09938287644408367  0.10661538259987384  0.11709067301774892
  0.12659893267171479  0.14418292806915248  0.17025584369819838  1.00000000000000000
 -0.00193419788561849  0.00943250938462040  0.01916762532310932  0.02949156981556084
  0.03935819288381869  0.04935388886779923  0.06063975659189959  0.07235469348490607
  0.08390408542527208  0.09426556334135261  0.10369663231022015  0.11220833038623675
  0.12044601619169004  0.12945193154796034  0.13845602016101580  0.14773319508121555
  0.15697768293685907  0.16662444447139427  0.17588573716276812  0.18547068434752509
  0.19559125088325313  0.20649533325319519  0.21927401794962226  0.23316648934790427
  0.24617603132999072  0.25743242880130640  0.26766487044853704  0.27985124352232799
  0.29078046617202186  0.30105973704790961  0.31172123791194639  0.32424090297143021
  0.33702334792910177  0.34954610950035769  0.36204456320844763  0.37447960899202626
  0.38594131871630327  0.39790552459671502  0.40784818587077681  0.41806883945446899
  0.42790118717785508  0.43784222617540053  0.44737849108164723  0.45757120586261041
  0.47027996650891757  0.48388061087535011  0.49649201581037866  0.50802599659567038
  0.51866563367361718  0.52885317741464388  0.53920088192894511  0.54980551949071321
  0.56095009736414336  0.57204246515540391  0.58396398719567355  0.59532717957736658
  0.60657624608919058  0.61692201633936228  0.62749882893578934  0.63661445273754935
  0.64618056365100507  0.65555156579644858  0.66515566929348235  0.67465692600480553
  0.68443954850105559  0.69427789247325944  0.70339737197129959  0.71230604387713303
  0.72117730633704746  0.72977776911541647  0.73855732306168376  0.74759599668374499
  0.75755050829799342  0.76865757408381641  0.78044052083610149  0.79251408130895595
  0.80412614849753650  0.81495497448839604  0.82573278124990290  0.83667564503671887
  0.84749541128100225  0.85849284345996568  0.87001212624756907  0.88134997766297185
  0.89230726143565031  0.90333250083269567  0.91476775171180968  0.92542061181636448
  0.93580457484488966  0.94562177230605171  0.95462466578081051  0.96259999866989976
  0.97068824314563018  0.97897485110047089  0.98980496173780286  1.00000000000000000
 -0.01060036017804645  0.11856570533078858  0.18368682523493485  0.23493307953777604
  0.27651574747891133  0.30894148951921580  0.33755809660097730  0.36448568606245474
  0.38877143592778868  0.41210502659229969  0.43265737993222553  0.45076866636569435
  0.46827255400099149  0.48466909774627670  0.50015142531897416  0.51526238530525992
  0.52826805402189791  0.53978630183508147  0.55188082769054281  0.56314850211563383
  0.57336426786781880  0.58359434902221685  0.59458308344058708  0.60548133742776156
  0.61572994933912617  0.62621764691482873  0.63688340614580252  0.64727913903369827
  0.65689088973734333  0.66597736476434877  0.67432998907149544  0.68224745267204823
  0.68993055189064445  0.69721814554947137  0.70410061024005077  0.71070505371421688
  0.71728391284921400  0.72460876378985850  0.73133381792377405  0.73765597964637009
  0.74365251251639175  0.74948494463843829  0.75528201477871237  0.76115311598850954
  0.76709270945690899  0.77272620010709314  0.77779064782224849  0.78288839707842739
  0.78773328748132376  0.79253026046985176  0.79739996255791779  0.80230213259710903
  0.80738895603070759  0.81293552413863568  0.81869780323428609  0.82413818990614585
  0.82912626695290881  0.83382101379212559  0.83766214459016308  0.84109687263820510
  0.84447263257954597  0.84793680818223394  0.85154600209420273  0.85527929268272751
  0.85922098404953062  0.86308344847985807  0.86699165138409440  0.87072403988190661
  0.87436946107002711  0.87774353285069129  0.88120099977239374  0.88495008989524360
  0.88881297605982423  0.89273762685050451  0.89656583061938855  0.90078006953284995
  0.90482218685642002  0.90888943149176471  0.91285037767547417  0.91652769214744723
  0.91991925782858663  0.92323907138250672  0.92646881773126866  0.92952406885756922
  0.93263849728102044  0.93581611833360145  0.93931236790332073  0.94317107775763254
  0.94715323183738276  0.95142879649499212  0.95623496330511437  0.96153382821319222
  0.96731099218693251  0.97366936551398409  0.98337915123844877  1.00000000000000000
 -0.01473472983200571  0.09787032235094954  0.14713799245151837  0.17706250757336711
  0.20013151163795453  0.21950446929758788  0.23588824098906458  0.24943724153588934
  0.26256170154080100  0.27487943251827385  0.28631222697619296  0.29713661569642053
  0.30683645097547341  0.31580649240830833  0.32399874318218946  0.33163694612256817
  0.33822468882957979  0.34409395845196683  0.35007792249476022  0.35615230832860761
  0.36215415846975774  0.36834618342877157  0.37507090731911530  0.38172303839723121
  0.38793895587175892  0.39320812962312124  0.39853289610894649  0.40380717893513884
  0.40926697267304224  0.41509332020647904  0.42105403216364656  0.42717017772488924
  0.43314839993993609  0.43886106604436348  0.44467841047175549  0.45042070505017490
  0.45577135001294961  0.46087490159775535  0.46598047351870264  0.47137780002493596
  0.47700726478613409  0.48240312675947411  0.48750710221146953  0.49285623662041322
  0.49828539330292060  0.50342827714134908  0.50804337836066793  0.51252066000156138
  0.51656923426590873  0.52108381087192512  0.52562640232510249  0.53045462702010582
  0.53517733856269289  0.53979808573457699  0.54467205266644281  0.54962173244211299
  0.55458537489922510  0.55971270728067157  0.56464367280761507  0.56925010563990774
  0.57413532542222245  0.57887509368545675  0.58406100764445046  0.58956409170450430
  0.59520489181325020  0.60059456228174357  0.60577497307048767  0.61091148534729178
  0.61606191652519715  0.62135826507345893  0.62689876797795818  0.63268076058108824
  0.63866205548732957  0.64466143244265950  0.65052786174878863  0.65649719833095366
  0.66254198673961973  0.66904242626492794  0.67588778989006160  0.68310836781838413
  0.69093947335804418  0.69947527581301683  0.70881633072368866  0.71840276491885979
  0.72845304426475521  0.73899638944105017  0.74986762739746937  0.76113081345886535
  0.77329414711274125  0.78690633185710512  0.80149578151859602  0.81811764989822322
  0.83740845109814055  0.86144985123571904  0.90112542670139206  1.00000000000000000
   7.0133509834499117E-043  -1.0000000000000000     
 F F F F F F F F F T T T T T T T T T F F F F F F F F F T T T T T T T T T F F F F F F F F F T T T T T T T T T F F F F F F F F F T T T T T T T T T
  <DiscreteSampler_grid>
  grouped_processes
  1 # 1 for a reference and 2 for a running grid.
  10 # Attribute 'min_bin_probing_points' of the grid.
  1 # Attribute 'grid_mode' of the grid. 1=='default',2=='initialization'
  0.0000000000000000 # Attribute 'small_contrib_threshold' of the grid.
  0.5000000000000000 # Attribute 'damping_power' of the grid.
 # binID   n_entries weight   weight_sqr   abs_weight
    10   10   8.835975561382952E-028   3.764690843655251E-054   8.835975561382952E-028
    11   10   8.835975561382952E-028   3.764690843655251E-054   8.835975561382952E-028
  </DiscreteSampler_grid>
