 -0.00003485904651722  0.00041886836131051  0.00083554345101201  0.00124826604880917
  0.00163934045285735  0.00198056554952490  0.00233177459698122  0.00267185851127528
  0.00302333095996824  0.00343465025882463  0.00381821723386003  0.00417575539360452
  0.00450864952165108  0.00483683865354049  0.00517592443789625  0.00556003013109201
  0.00590300286906198  0.00621632566850226  0.00654034718028341  0.00688814037430439
  0.00725297849681984  0.00762992396565901  0.00800039050579140  0.00835235186721021
  0.00868753506664174  0.00901929805005141  0.00935166685472370  0.00968717507720203
  0.01005453064775216  0.01044823094638682  0.01080148154618527  0.01107150849755744
  0.01133248144006146  0.01160396996624784  0.01187186999135639  0.01209986144999431
  0.01230357547379379  0.01248835731939402  0.01269704290193275  0.01291649081165367
  0.01310864467389978  0.01327888777589728  0.01344413274241425  0.01361134229928601
  0.01379660727334983  0.01400677686726150  0.01420232598319512  0.01438964915776577
  0.01458383135445011  0.01479152284601064  0.01501877565762166  0.01524959702242056
  0.01551851027079523  0.01583520456065249  0.01618708953232947  0.01659231570623299
  0.01707070766996074  0.01748613069280506  0.01787010393734866  0.01824573709959928
  0.01858598509939536  0.01890755430783246  0.01921939535042173  0.01965491201419415
  0.02029986883690178  0.02097873519676047  0.02166557926806564  0.02265779310176456
  0.02366746595633011  0.02461167876947847  0.02553139119023279  0.02600432837159825
  0.02651622751339814  0.02710193454911019  0.02753942629649352  0.02797801658153706
  0.02837960572279419  0.02877773247428419  0.02912521628063875  0.02951068499723973
  0.02989380097475702  0.03036822329392610  0.03083174611779593  0.03125656168064670
  0.03170338202907530  0.03225250786369404  0.03297943851377880  0.03376768267739590
  0.03466838671617539  0.03573527396520998  0.03648637227448731  0.03780256442178727
  0.04107445721519777  0.04959124586288670  0.07508037050159867  1.00000000000000000
 -0.00453537316793570  0.01268218168756937  0.02552206547149985  0.03613438260673517
  0.04741440820384971  0.05971269060406431  0.07268351214588425  0.08599912506228309
  0.09828368042601236  0.10934409243428235  0.12020141887997163  0.13131756181103454
  0.14286651038079809  0.15511923562414287  0.16666874712540242  0.17875556991626407
  0.18819080612062586  0.19834381861598299  0.20862641280684535  0.21866112831735299
  0.22980701482255331  0.24102218064107675  0.25141637372326342  0.25984681938334725
  0.26682550715732017  0.27287939180119375  0.27968317612782528  0.28756261977042608
  0.29636762107435666  0.30437404360941023  0.31510824963517997  0.33242331252771906
  0.35168733959047122  0.36815635991009771  0.38160429985757149  0.39299805188487785
  0.40163175445245164  0.40921045572749942  0.41625880084019634  0.42227586459106942
  0.42902683865941821  0.43616606094897964  0.44559143372623833  0.45493650835200494
  0.46608958934267064  0.48010521621717001  0.48877461955560303  0.49863311388386122
  0.50735687155207565  0.51434785321460430  0.52157466991822543  0.52999878389557442
  0.53848550764912695  0.54694529406165238  0.55620058116692717  0.56805946142502062
  0.58446600063458121  0.60228157315608122  0.61660654228859546  0.62915935390682998
  0.64068768654751274  0.65362071459514226  0.66663408787317469  0.68120871988328313
  0.69506012958819585  0.70742320408777348  0.72018475832645423  0.73332716934610642
  0.74767078435847956  0.76484085678058999  0.78148045096659424  0.79310185432603397
  0.80027342150889635  0.80665744495563807  0.81284841341915282  0.81850735609986081
  0.82414885861397480  0.82997072308963415  0.83594439553229904  0.84234192926391527
  0.84748034745430467  0.85226289069429384  0.85774409884401026  0.86374687189683208
  0.87011198824970581  0.87834966875941534  0.88989552900189706  0.90179081469772415
  0.91303215307710528  0.92409775430994556  0.93549369987658348  0.94757768204094517
  0.96002753123813900  0.97219375278393605  0.98540609773596965  1.00000000000000000
 -0.01429868939872878  0.14730323521490168  0.24649188231399982  0.33363426938297774
  0.40548735434433741  0.46639977203305594  0.52335108240795314  0.57144424479289657
  0.60835189605641005  0.64024758823852668  0.67061902953724273  0.70007997427297652
  0.72651805713591711  0.74522647937290676  0.76119865134719589  0.77625732192570451
  0.78941591887253926  0.80109388407356219  0.81213087469305723  0.82262447950111928
  0.83290609019169060  0.84259262304477678  0.85155225744163110  0.85975980535306018
  0.86756882400887636  0.87500888004982702  0.88204822466652211  0.88877754906339923
  0.89496990610215721  0.90047742794937091  0.90545145593252208  0.90986877655855314
  0.91385477858922737  0.91752793252365306  0.92058636926854864  0.92342909203536550
  0.92634224647523877  0.92940810127194429  0.93249806719028450  0.93537831232296120
  0.93788363707766831  0.93987920623039023  0.94155339798836757  0.94314688653220224
  0.94456226027037449  0.94588797169490835  0.94718443731876067  0.94847590407303994
  0.94976370732172766  0.95103792422088751  0.95231016441225391  0.95356430301455386
  0.95480693188780141  0.95607939697131716  0.95740839812618517  0.95875822652622000
  0.96001884042295571  0.96110399300500893  0.96206440807109739  0.96298139927201176
  0.96390399475036881  0.96483016806901201  0.96577057978878322  0.96677076122297945
  0.96789062376958079  0.96896213773524442  0.96993850790050196  0.97082358378181410
  0.97164231386067901  0.97243572505255382  0.97324439626126635  0.97408648739474557
  0.97509121544109911  0.97603335610913100  0.97690952985739266  0.97772410742566918
  0.97857468811918957  0.97940218553855851  0.98009926075541653  0.98069165953027215
  0.98119910004144406  0.98169853367145088  0.98220471028082978  0.98273806099330652
  0.98327253324912089  0.98385855374666098  0.98450436849057588  0.98517004814182130
  0.98597367247149637  0.98685547888224223  0.98792006050553749  0.98922091317171690
  0.99056653284634144  0.99188991240576285  0.99378053503467068  1.00000000000000000
 -0.02111350665714231  0.12962998955563568  0.17437145151809341  0.20126081309788629
  0.22219786688702101  0.24275343349791081  0.26180546642157237  0.27937566743539216
  0.29670118759312353  0.31518815571742448  0.33529505003441523  0.35391366162094628
  0.36653783264575035  0.37724619397795234  0.38780090002741635  0.39806522515094506
  0.40799790422321280  0.41536196180444457  0.42133409430026031  0.42638996218865227
  0.43193514944106304  0.43697870551387030  0.44210236178963763  0.44708488539490027
  0.45160743775004186  0.45641603176977474  0.46195226159443342  0.46875441671392026
  0.47460399212083137  0.48087169237101635  0.48809263395634483  0.49503500214489232
  0.50110927531765248  0.50662889813089007  0.51233631639889421  0.51877351367706681
  0.52524038381604798  0.53151730217057258  0.53822294076675314  0.54478923261354328
  0.55131831629271966  0.55752976222019290  0.56337397361720465  0.56922155899506910
  0.57519943436419885  0.58123641814195148  0.58753419789013450  0.59381485738815820
  0.59960591646799488  0.60548375169797519  0.61295190377044440  0.61941407402750215
  0.62505014706835849  0.62978514643939731  0.63400224109951220  0.63876006771209881
  0.64320268176767403  0.64667210676024678  0.64982490042944729  0.65292377872186602
  0.65583219605747500  0.65932562761235558  0.66323803593666730  0.66697129804116162
  0.67014440607660974  0.67333575084781960  0.67663898330170247  0.68002668861142546
  0.68336387088110717  0.68688856563768852  0.69099327414695866  0.69566626845900914
  0.70053090072742408  0.70492950352088724  0.70955138558488762  0.71735295731951365
  0.72461905875857802  0.73108145961772608  0.73749590582850544  0.74419976008105138
  0.75089592468224209  0.75785032613326253  0.76541097315375395  0.77343896459509365
  0.78168986073757929  0.79022703596501565  0.79908452113291462  0.80818649302197565
  0.81750543678377796  0.82794598118385343  0.84001100394692718  0.85459000549365771
  0.87124680643318109  0.89201981868175628  0.92361935895110037  1.00000000000000000
   1.6046580366461058E-028  -1.0000000000000000     
 F F F F F F F F F F F F F F F F F F T T T T T T T T T T T T T T T T T T F F F F F F F F F F F F F F F F F F T T T T T T T T T T T T T T T T T T
  <DiscreteSampler_grid>
  grouped_processes
  1 # 1 for a reference and 2 for a running grid.
  10 # Attribute 'min_bin_probing_points' of the grid.
  1 # Attribute 'grid_mode' of the grid. 1=='default',2=='initialization'
  0.0000000000000000 # Attribute 'small_contrib_threshold' of the grid.
  0.5000000000000000 # Attribute 'damping_power' of the grid.
 # binID   n_entries weight   weight_sqr   abs_weight
    10   10   5.235613264397355E-016   2.691983696398574E-030   5.235613264397355E-016
    11   10   5.235613264397355E-016   2.691983696398574E-030   5.235613264397355E-016
    16   10   5.235613282686865E-016   2.691983715289846E-030   5.235613282686865E-016
    17   10   5.235613282686865E-016   2.691983715289846E-030   5.235613282686865E-016
  </DiscreteSampler_grid>
