 -0.00006792748935747  0.00119683890265243  0.00225411194115191  0.00318474577321516
  0.00402851577973402  0.00479807621150081  0.00560076251924442  0.00625350135976092
  0.00687123771454878  0.00748603892863928  0.00812983347197717  0.00880067908834995
  0.00939062258225520  0.00999509276574662  0.01064442211059912  0.01128740602437165
  0.01192979564221151  0.01262844605235125  0.01333019016401407  0.01403433293481101
  0.01468251813029003  0.01524667150096160  0.01578481624127389  0.01633515994075812
  0.01694357813330797  0.01754723247383608  0.01815346485134738  0.01875792042422368
  0.01934662454340117  0.01998114373238186  0.02066452350952389  0.02133424722244582
  0.02202110647554130  0.02282352898207451  0.02356365652281197  0.02443703335494015
  0.02532781253406578  0.02657430380885308  0.02827983227914947  0.02996931192121061
  0.03154768316477223  0.03302337910756801  0.03448957417990760  0.03592179000621590
  0.03734748473417494  0.03881287121077982  0.04035888669130563  0.04162396201216291
  0.04266203328076740  0.04370482550286814  0.04483715448127706  0.04610799522694838
  0.04745156122624904  0.04867606622290955  0.04980918325559312  0.05074586066157400
  0.05157003738381767  0.05246141967953762  0.05337633312055828  0.05426565861747806
  0.05519307650510773  0.05627834238953056  0.05765768033312542  0.05926980337923891
  0.06075786865025655  0.06227643057669921  0.06380917951451998  0.06533695800716362
  0.06689140186383456  0.06841003972139886  0.07019715223935236  0.07199841746472460
  0.07358502779864777  0.07519080004363192  0.07690377785904728  0.07883553292632398
  0.08094315939925691  0.08306763379782565  0.08523340059568801  0.08745289745746997
  0.08954203775582079  0.09122957943019519  0.09344858041264258  0.09547984016722337
  0.09763368539600695  0.10022596808103307  0.10330045998288620  0.10680904354909630
  0.10974756582556264  0.11534989915752543  0.12315566814358656  0.14345695357975052
  0.16301964174646630  0.18131192038401772  0.50442374811244817  1.00000000000000000
 -0.00288622300345138  0.01125200462096678  0.02091202919125801  0.03200411871239389
  0.04186872546842461  0.05194330894763172  0.06305581026156885  0.07572806313169242
  0.08839083572912389  0.09918706246209183  0.11060477520028619  0.12191884173767979
  0.13246017205322375  0.14305809751124093  0.15476477838077560  0.16697234980804512
  0.17919906545440434  0.19109826482655509  0.20120581326014458  0.21141826382434203
  0.22221588323394567  0.23303844443407451  0.24294310035308014  0.25317301823677935
  0.26436497612224696  0.27576223187461235  0.28610642982863077  0.29755604418050019
  0.31711231137538332  0.33189022306078575  0.34240311835177534  0.35046590706643921
  0.35781225631792019  0.36537102575153785  0.37428549705022618  0.38254963141090104
  0.38996496074462422  0.39791705198598459  0.40705014946635398  0.41612935400672435
  0.42949112319647909  0.44321551479830568  0.45504421048682270  0.46831383204449040
  0.48131022416534419  0.49278327729353011  0.50574433244554051  0.51877306761064468
  0.52961985092215758  0.53864662282603670  0.54789692437871795  0.55811307187409276
  0.56885973098126585  0.57897655539282444  0.58826528943088063  0.59725154155990945
  0.60607289396476804  0.61476179894644911  0.62354929005251880  0.63202461325600612
  0.64110336376811383  0.65015895626541298  0.65939834372532968  0.66841333322369700
  0.67837132690129043  0.68898794026120080  0.69908067919591466  0.70888352022416723
  0.71789727250175195  0.72714620202320213  0.73764776516645647  0.74947905123339253
  0.76122137089687592  0.77458029459928812  0.78740051297324165  0.79807009136192686
  0.80764682246921016  0.81780606612773366  0.82834021958098070  0.83828866060304097
  0.84784980032229618  0.85832004999158684  0.86883875212489659  0.87807723527861192
  0.88707909713580280  0.89662118957403092  0.90686493485034947  0.91612859301338823
  0.92577074954639638  0.93502126471593283  0.94350689079635641  0.95240967547009603
  0.96353004149589838  0.97674314337546730  0.98894364478660413  1.00000000000000000
 -0.01486113667444562  0.16432170745435709  0.25077887971863932  0.31629918029188481
  0.36813003886030532  0.41084028859160809  0.44960080161929400  0.48344409444454611
  0.50837924347824681  0.53107892223057207  0.55246906425250941  0.57276365838735388
  0.59054649103397838  0.60665316246016698  0.62071184061159546  0.63364504087801632
  0.64604679135576759  0.65843175678480592  0.67183002708747441  0.68369515355302146
  0.69467295873134649  0.70470627534330899  0.71453072093889536  0.72493151264733313
  0.73406869471009106  0.74308037072653843  0.75187319405569275  0.75980536582711400
  0.76707955176270914  0.77405510760077834  0.78070520265610988  0.78675366357459575
  0.79227130654644207  0.79757184635821587  0.80294441448779641  0.80830756832910333
  0.81351511332175397  0.81881502244895776  0.82430653262435982  0.83000998075792809
  0.83529711079124558  0.83964044389230785  0.84346854543254246  0.84695392876848841
  0.85031760158206415  0.85385744055570967  0.85732635222022491  0.86101898164239421
  0.86465016801414640  0.86827136364755630  0.87221766208394125  0.87590733990107750
  0.87947205964138719  0.88298204489402743  0.88635341322789196  0.88961894436423306
  0.89278743946078321  0.89564034833599637  0.89897587761982811  0.90255974981408693
  0.90608353892416138  0.90936838420891530  0.91321165829017903  0.91689178281711547
  0.91926447525093280  0.92150507453926833  0.92384535811567181  0.92612931702226164
  0.92836804392645900  0.93071633361220796  0.93311930049562752  0.93544810363198660
  0.93786219728959497  0.94027222727194504  0.94258674477730420  0.94472050905425398
  0.94683385647035911  0.94870337313821740  0.95047945502643283  0.95224975989707972
  0.95403236062976005  0.95575321162583593  0.95742456792406827  0.95924219574539071
  0.96136934319720424  0.96358441997237432  0.96572000825172133  0.96786348303442205
  0.97019195306421413  0.97240237227149195  0.97454190875134306  0.97679241184264243
  0.97973789984270865  0.98413907897570285  0.99039326876975353  1.00000000000000000
 -0.01909352848805534  0.11739560907700100  0.16585863169446408  0.20504451154099665
  0.23275915512297687  0.25747332853222116  0.28265850576184204  0.30361805259170260
  0.31926025245249878  0.33194385832344803  0.34168444049252628  0.35065278226393848
  0.35886376568792855  0.36710206938234641  0.37542863415065170  0.38229875539753694
  0.38829532120113175  0.39447662646111487  0.40202820217963287  0.41124136024643804
  0.41973234527471864  0.42676927269459380  0.43358241895260308  0.43913023100219484
  0.44393098507740231  0.44863428205707673  0.45351261407409432  0.45829707402365027
  0.46267926648469737  0.46688891343996014  0.47058476700573598  0.47503875605227458
  0.47950489828218323  0.48522947284275220  0.49022156711286113  0.49450541737429504
  0.49893726753169826  0.50423104460066437  0.51080962709388178  0.51881437910710204
  0.52815079860591729  0.53509054373097409  0.54214363440800839  0.54942743208858480
  0.55646678568825136  0.56322109054812686  0.56910960196031191  0.57432949964657809
  0.57951977859560866  0.58504982519501370  0.58975001005718752  0.59445550543216130
  0.59907890792229312  0.60387577370981205  0.60889646293659050  0.61379729885356460
  0.61832524438670000  0.62228353761359756  0.62573668915700875  0.62898065132898429
  0.63237279132001001  0.63584704732276631  0.63976076445533558  0.64463357308200586
  0.64979647598142398  0.65535860925181177  0.66087185388782010  0.66661416689131170
  0.67272680092571180  0.67879504636187094  0.68463779221786469  0.69088697441491931
  0.69799654125364585  0.70547655475605564  0.71264382330786469  0.71881637190399761
  0.72465662673015363  0.73057475692488438  0.73633078820151099  0.74246485373203841
  0.74934743661514880  0.75700813935937938  0.76546625413941694  0.77443328073737772
  0.78294193107573062  0.79150471255253219  0.80074676137785528  0.81082426606123992
  0.82109364628114667  0.83298501552465576  0.84488788765618561  0.85597521593487236
  0.86796496784957111  0.88447767080785999  0.91278964039216792  1.00000000000000000
   8.7201089367923510E-043  -1.0000000000000000     
 F F F F F F F F F F F F F F F F F F T T T T T T F T T T T T T T T T T T F F F F F F F F F F F F F F F F F F T T T T T T F T T T T T T T T T T T
  <DiscreteSampler_grid>
  grouped_processes
  1 # 1 for a reference and 2 for a running grid.
  10 # Attribute 'min_bin_probing_points' of the grid.
  1 # Attribute 'grid_mode' of the grid. 1=='default',2=='initialization'
  0.0000000000000000 # Attribute 'small_contrib_threshold' of the grid.
  0.5000000000000000 # Attribute 'damping_power' of the grid.
 # binID   n_entries weight   weight_sqr   abs_weight
    10   10   4.254965195835877E-029   1.242027757207965E-056   4.254965195835877E-029
    11   10   4.254965195835877E-029   1.242027757207965E-056   4.254965195835877E-029
  </DiscreteSampler_grid>
