 -0.00003445462614254  0.00045542967438275  0.00083863020342518  0.00120097891965741
  0.00155202141314626  0.00189587859000745  0.00225116418884460  0.00261140936118556
  0.00297358165511539  0.00332012541675879  0.00366987284843033  0.00399531463922521
  0.00432042833092471  0.00465820613513765  0.00499744390999318  0.00532622958798012
  0.00565764654391886  0.00600662368264942  0.00637624761296242  0.00674413703241265
  0.00706968689532730  0.00734872688693991  0.00762273818272230  0.00790624156733957
  0.00818573177320932  0.00846306335994347  0.00872326959608231  0.00899566692679649
  0.00926493112567754  0.00954112884761135  0.00985223232492624  0.01017942104729728
  0.01052196925064170  0.01084936142548505  0.01118527958786532  0.01157102505397917
  0.01199208691344919  0.01246235021345550  0.01287412903188645  0.01331228937428232
  0.01375976489719825  0.01419998091095227  0.01463491212921221  0.01508886473119601
  0.01552866399136867  0.01598658739411915  0.01651041580518280  0.01703600187097603
  0.01755903771369726  0.01808360901702550  0.01858571441400140  0.01909299012144858
  0.01958294880206612  0.02014270198426669  0.02077286479470100  0.02137325658662778
  0.02195476073975911  0.02252759014333286  0.02311833273728293  0.02361737944505583
  0.02417326115327638  0.02498687094254682  0.02585270319714324  0.02678528343612240
  0.02735426641032022  0.02779574249497970  0.02838030370690012  0.02902012260614092
  0.02965626378662983  0.03028687662777737  0.03096098640921060  0.03164592554515674
  0.03238289373191617  0.03323820433413987  0.03411360836425597  0.03487592332132595
  0.03554909858162100  0.03606410186338710  0.03661244255210536  0.03752578664972379
  0.03837559266570030  0.03929817853645222  0.04094362117238053  0.04277189682442052
  0.04513813513852520  0.04737768192583093  0.04976724236475897  0.05209583487096976
  0.05352215827438748  0.05481707120193099  0.05612635644813316  0.05758454629140657
  0.05956638596487464  0.06332702121320874  0.24664564015847795  1.00000000000000000
 -0.00180356309148438  0.00877722696652786  0.01800548514482955  0.02770887226675738
  0.03857051272602779  0.05084831411220241  0.06239456678298385  0.07465591745328379
  0.08651990523421590  0.09894925291920008  0.11226930790988494  0.12547758357847502
  0.13795798605065401  0.14929936062076413  0.15847416479074183  0.16630285773621492
  0.17442367863932814  0.18331255294859444  0.19395555743566065  0.20443101200908834
  0.21362452655602115  0.22380235013865415  0.23409115510024267  0.24488213288488087
  0.25693061509003540  0.26850901391387333  0.27964498275778654  0.29089080439012738
  0.30148250967138107  0.31493568318522758  0.32924583222040693  0.34207479994566597
  0.35331329434346215  0.36380723770914786  0.37390160218262025  0.38379207616930666
  0.39274836207343533  0.39963746190316241  0.40733829681567624  0.41649496889961884
  0.42662511400202141  0.43659980548740657  0.44581214535414371  0.45487346552379193
  0.46383143627142159  0.47394455379207606  0.48307075043331460  0.49133433168513496
  0.49956411403906376  0.50810038737129803  0.51871027785898249  0.53063664821945788
  0.54551079170426164  0.56129915074406578  0.57236616777570970  0.58243116378811377
  0.59284277950050379  0.60420320912902181  0.61551647979059032  0.62732236900096261
  0.63988745584288964  0.65328229442776264  0.66613083534455797  0.67823649082283011
  0.69054904769919889  0.70314696610280858  0.71500259755832363  0.72639640880625500
  0.73883234598304459  0.75012674270782742  0.76115920380054380  0.77188195154431394
  0.78753463490510800  0.79881163858833781  0.80754251227464036  0.81646383913357534
  0.82585943045927923  0.83600442411633868  0.84672542790064698  0.85621181134475921
  0.86412648547633397  0.87229334188039076  0.88092967089017027  0.88910872106842187
  0.89636188310217946  0.90368708355003824  0.91123151088376197  0.92175518417589430
  0.93451739276742840  0.94494334988654050  0.95369558977378044  0.96196551663129948
  0.97075054565997365  0.98090317975856889  0.99087019982149571  1.00000000000000000
 -0.00335824661953250  0.05298620000075418  0.09193413962783942  0.12341037968030100
  0.15152987125512432  0.17599461674359107  0.19753417325770256  0.21741789620609217
  0.23805196327749870  0.25870861960773872  0.28006653601116821  0.29941988030598027
  0.32014755912296938  0.33967237421670826  0.35707222303533848  0.37174222894848929
  0.38511362622651063  0.39860614163542746  0.41352026102872125  0.42780224994493887
  0.44064343463811878  0.45433442610786934  0.46804218951123028  0.48078032082746269
  0.49019607642058066  0.50029373890587070  0.51159641865222527  0.52271972136324596
  0.53240212627547967  0.54124679067144810  0.55099366077520373  0.56071848899257393
  0.56968150618321689  0.57899110628730266  0.58812325213618588  0.59721727696389015
  0.60508400718641908  0.61197998760177030  0.61869767352722116  0.62580043633762461
  0.63368827174854581  0.64136023382213070  0.64888831342410258  0.65583118243120153
  0.66214427160061562  0.66823514304756593  0.67509440408935306  0.68224969661101209
  0.68864829906722180  0.69487094012812411  0.70048978620801439  0.70669805613081937
  0.71284105101085626  0.71919512237117222  0.72572832760693728  0.73200417511986116
  0.73806359153166923  0.74432909401543634  0.75087663417055783  0.75698839933330264
  0.76273787463687970  0.76847854784990133  0.77409962062644733  0.77982377062037656
  0.78516787400410049  0.79048498498400410  0.79633878488167131  0.80303305487732735
  0.80933826098104877  0.81543489710109995  0.82059138705707813  0.82554969809106082
  0.83053287712114054  0.83544583160926089  0.84065239262394453  0.84581667847944852
  0.85070234941232603  0.85544322922785132  0.86037251084328803  0.86516842988266540
  0.86971654165288426  0.87403569494103628  0.87804501282842251  0.88240128984635968
  0.88709184829354626  0.89205030591795687  0.89766445198152700  0.90342376080828202
  0.90884485341377019  0.91386461719715828  0.91997747956820586  0.92680363955924860
  0.93500486459977494  0.94547258491819974  0.96209246218494759  1.00000000000000000
 -0.01630717804733824  0.10235022927346135  0.14558952005072259  0.17233844235417597
  0.19097978475548871  0.20687622243987805  0.22175179605397033  0.23462624411129648
  0.24598503626263446  0.25774068704784087  0.26867443402614294  0.27845999051404802
  0.28758317548300183  0.29609594583385412  0.30452488220815804  0.31275988487681733
  0.31949675421716206  0.32575845288013600  0.33178726847457224  0.33751633440478845
  0.34308241820220875  0.34850354923970689  0.35410796367199970  0.35999876863989561
  0.36579769405364193  0.37157497228231662  0.37810388080653357  0.38585466604269975
  0.39358803697969247  0.39986034382776320  0.40481205145535148  0.40935028095023268
  0.41378699511632916  0.41844734601532191  0.42328961466055404  0.42825363862830962
  0.43334164280124926  0.43859605862141621  0.44362660601999415  0.44841960261009595
  0.45291159035990858  0.45769587491488178  0.46329329844408412  0.46973219226174739
  0.47713347444112991  0.48403221359088722  0.49132939300524581  0.49848771401864672
  0.50538888482049948  0.51229944171650088  0.51946437469101059  0.52584988965427570
  0.53225760203656824  0.53853284992514183  0.54439765526054296  0.54986487313976851
  0.55514733077033596  0.56007531038417879  0.56484045298583951  0.56965015570156330
  0.57566148082577784  0.58188298308419595  0.58864121214267418  0.59511251452998926
  0.60201359491896311  0.60937021542338576  0.61647126032280852  0.62333033389447878
  0.63049270693128701  0.63771287335722904  0.64468043100931172  0.65145702408912487
  0.65729877272821002  0.66334588075161127  0.66904572643692806  0.67476354973351294
  0.68094778074319096  0.68725014832654319  0.69321776242412358  0.69919291596652078
  0.70539512767192958  0.71168465254659785  0.71825286727346815  0.72489098350660774
  0.73182218138912636  0.73966575917644650  0.74814589175107549  0.75899294719403554
  0.76877700186674003  0.77886105552063112  0.79150760718225610  0.81408510196762762
  0.84224628118321854  0.87182565363799702  0.90760399242023870  1.00000000000000000
   5.2204425109368929E-011  -1.0000000000000000     
 F F F F F F F F F T T T T T T T T T T T T T T T T T T T T T T T T T T T F F F F F F F F F T T T T T T T T T T T T T T T T T T T T T T T T T T T
  <DiscreteSampler_grid>
  grouped_processes
  1 # 1 for a reference and 2 for a running grid.
  10 # Attribute 'min_bin_probing_points' of the grid.
  1 # Attribute 'grid_mode' of the grid. 1=='default',2=='initialization'
  0.0000000000000000 # Attribute 'small_contrib_threshold' of the grid.
  0.5000000000000000 # Attribute 'damping_power' of the grid.
 # binID   n_entries weight   weight_sqr   abs_weight
    10   10   4.986868050168415E+004   2.362661379855251E+010   4.986868050168415E+004
    11   10   4.986868050168415E+004   2.362661379855251E+010   4.986868050168415E+004
  </DiscreteSampler_grid>
