 -0.00038264667630663  0.00218661626279444  0.00365311087871003  0.00503008194909690
  0.00661239587532645  0.00844848907568399  0.01042779892064204  0.01267844808042483
  0.01518502586489753  0.01793940665077916  0.02071028826591473  0.02359580021660000
  0.02659135865459145  0.02972676218076491  0.03302085196497209  0.03657050290970638
  0.04031234471289733  0.04418799211825643  0.04819378013523717  0.05241234603270328
  0.05675028031607907  0.06104448754611711  0.06538054025867548  0.07013006601767044
  0.07522879359746810  0.08060070261074663  0.08590586108560666  0.09141973103473973
  0.09713224137636418  0.10321246571869555  0.10957814699833246  0.11612628513407176
  0.12284089004624593  0.12981323613190604  0.13687776599221629  0.14397946660449859
  0.15100762882655785  0.15819827435340683  0.16577642063865464  0.17375087968518460
  0.18220057524401453  0.19105549849833159  0.20017438832313966  0.20941051790573265
  0.21876711652183917  0.22826085268005936  0.23876316201618561  0.24963009479338957
  0.26113432036414413  0.27302849136834140  0.28583641095498669  0.29964812384327322
  0.31476007730358851  0.33141236769751625  0.34882221855747642  0.36761611198327465
  0.38801528895370602  0.41063265022826206  0.43543895838636820  0.46066835223680414
  0.48670166394088593  0.51201965892565826  0.53715811590054552  0.56151487442495951
  0.58568246868763774  0.60926257087867797  0.63200405513701430  0.65351207209729278
  0.67392934175594787  0.69313339693151133  0.71092046452333368  0.72748795743495986
  0.74282541176567130  0.75694067967848733  0.77077979615802339  0.78428542041379889
  0.79743288883142027  0.81026550309387202  0.82290762304400078  0.83482876636407333
  0.84637658613471212  0.85769896034466542  0.86884929792320686  0.87976108884873605
  0.89041568851935360  0.90102287353897337  0.91150288953112679  0.92179336987384197
  0.93191523711624236  0.94188322776922651  0.95178768359607946  0.96165555598981567
  0.97127558574957207  0.98088748874377785  0.99046777247818252  1.00000000000000000
 -0.00227977705738253  0.00925886506561737  0.01878152479204343  0.02913202923628822
  0.03981138301520290  0.05133447146046761  0.06211971438092193  0.07264308829603075
  0.08290014133316215  0.09314149949788150  0.10324266963101356  0.11289335002921320
  0.12260203405670067  0.13209850074789770  0.14180005834240608  0.15173321310390420
  0.16181761368589254  0.17211437002724242  0.18242667258585907  0.19266498427357451
  0.20281057645562392  0.21298704470730911  0.22342777513964285  0.23404119325956860
  0.24466535867738134  0.25524852726499286  0.26605783990162829  0.27682718699253561
  0.28748640749375781  0.29793801705283174  0.30829672838888966  0.31841078819004187
  0.32845208697832834  0.33891193663631214  0.35021760807944985  0.36050914356325620
  0.37025817788745646  0.37990731136524325  0.38902478957594389  0.39788115602358770
  0.40601353975037219  0.41434716313617037  0.42376293144239041  0.43393079037068893
  0.44397933760296243  0.45365721708320755  0.46396932240473066  0.47507357413176154
  0.48635111663095965  0.49749958811252409  0.50807009314124219  0.51812528440887495
  0.52820240891474635  0.53838476406393421  0.54882070840941033  0.55938539141446098
  0.57009967465657685  0.58106032603830959  0.59214158298063846  0.60303524788294227
  0.61348367283384442  0.62398163162319520  0.63443644297962842  0.64527160927828586
  0.65650132087338131  0.66771131340019541  0.67867976743395597  0.68951931078964268
  0.70029568055923175  0.71054225578147778  0.72088933107271813  0.73113548360642922
  0.74159545253354853  0.75203419039133357  0.76243676803396454  0.77290661573423480
  0.78364775207880588  0.79460259687023860  0.80602827263843335  0.81772352594128894
  0.82957034818166153  0.84109839931872121  0.85223739644037688  0.86369071543664333
  0.87510404950062448  0.88667997753113958  0.89835947219503598  0.91008285435661196
  0.92115678556916292  0.93200240239564658  0.94274838731814381  0.95418798075888167
  0.96567819364189744  0.97690943423204846  0.98837346041084551  1.00000000000000000
  0.00101434584076717  0.01763849354214640  0.03346346955226959  0.04734524421398021
  0.05976997098562800  0.07124150616157117  0.08264168688207413  0.09402734585858996
  0.10600104392561834  0.11751515997431695  0.12843469258644102  0.13901281167600971
  0.14942627562252259  0.15971506463855692  0.16971762133286911  0.17972409474155326
  0.18986582995160561  0.19983981534829934  0.20997859814131836  0.22012836019449972
  0.23039001762749245  0.24086553351833570  0.25135359920284539  0.26177322240035578
  0.27207898363060279  0.28228180161769501  0.29254493882824334  0.30233536528876498
  0.31211047217866073  0.32148213955104665  0.33071656763339841  0.34017159230395516
  0.34992980447993577  0.35995709541454429  0.37025414149394126  0.38026424915167878
  0.39004223002641353  0.39942207571322597  0.40867484797928877  0.41825515783339806
  0.42784809579942129  0.43732325209023770  0.44667321303098106  0.45582464913884085
  0.46500307377211569  0.47432312946334371  0.48364614515555959  0.49279001485718599
  0.50166043248973258  0.51042838028538307  0.51934130007233137  0.52830633655919323
  0.53703727122128075  0.54570447382980924  0.55464442013920123  0.56377485398113669
  0.57285034015584890  0.58173987405743866  0.59086092016705871  0.60026770372820404
  0.60955809331824107  0.61822789448661697  0.62650779764327424  0.63460226844756729
  0.64280817147424807  0.65107795599268525  0.65920946416982873  0.66739270662939443
  0.67552559948457602  0.68369465780865901  0.69207905243899814  0.70053553533295021
  0.70923315442464241  0.71794153480427625  0.72671229201268739  0.73534601237738073
  0.74417833614190121  0.75276356174386205  0.76107094376066553  0.77026962271064514
  0.77864186705080074  0.78733291313878362  0.79587206170535452  0.80462145873336133
  0.81363996599730826  0.82346918561263927  0.83378719076981700  0.84621796333320787
  0.85799129144515518  0.86972618214947772  0.88170664360572504  0.89587766107151356
  0.91126105826593806  0.92948548987704516  0.95188555752534854  1.00000000000000000
 -0.01588211196606691  0.09816410144201869  0.13864454608026125  0.16450604799245694
  0.18415762936078997  0.20034958450703197  0.21427861990431135  0.22655334590512255
  0.23777096961337907  0.24834519147883743  0.25735153136420336  0.26584214007420948
  0.27409187988870687  0.28216991185990237  0.29009231356193038  0.29792216637184554
  0.30565239111956638  0.31321409099387026  0.32062639635474094  0.32790327932733099
  0.33496116702336259  0.34178544518631304  0.34855252359651739  0.35546868716257579
  0.36236378606846165  0.36914211309489819  0.37547586980604375  0.38142281408317019
  0.38726734963270265  0.39321831691039560  0.39928254054447471  0.40523365266920319
  0.41106110882551999  0.41651176231264198  0.42159650257181236  0.42678707218141515
  0.43205143732690560  0.43754476764634787  0.44321084608059003  0.44882529511849389
  0.45429915740622667  0.45974791490022293  0.46541607580234673  0.47128937044316438
  0.47729049371598475  0.48313586615535753  0.48843675437750800  0.49379990976875110
  0.49900006360990334  0.50442575281386037  0.50988454828758245  0.51537473480531237
  0.52092529418781797  0.52639129457021006  0.53186922302041639  0.53721072522332647
  0.54252996091498229  0.54835919127155863  0.55444124664056293  0.56068901878177557
  0.56696296207132368  0.57312240763069311  0.57911027707825169  0.58498708549200595
  0.59087550979692527  0.59686144878607605  0.60300664416353345  0.60929848065155057
  0.61557532424828110  0.62196926213968307  0.62851509662120741  0.63509759029047086
  0.64165810207325547  0.64833258418854556  0.65518730119516155  0.66208944563147798
  0.66915492567415213  0.67660228468319006  0.68444988627793346  0.69280980932644309
  0.70123796877242528  0.70958375977356580  0.71808442395803407  0.72708400750572821
  0.73657988900599081  0.74635621424932919  0.75631531545341579  0.76681433159885204
  0.77846425267356445  0.79172983562380483  0.80662506410704404  0.82278910608135758
  0.84284824350892806  0.86896372033856983  0.91027912978033121  1.00000000000000000
   3.6038920264262430E-016  -1.0000000000000000     
 F F F F F F F F F T T T T T T T T T T T T T T T T T T T T T T T T T T T F F F F F F F F F T T T T T T T T T T T T T T T T T T T T T T T T T T T
  <DiscreteSampler_grid>
  grouped_processes
  1 # 1 for a reference and 2 for a running grid.
  10 # Attribute 'min_bin_probing_points' of the grid.
  1 # Attribute 'grid_mode' of the grid. 1=='default',2=='initialization'
  0.0000000000000000 # Attribute 'small_contrib_threshold' of the grid.
  0.5000000000000000 # Attribute 'damping_power' of the grid.
 # binID   n_entries weight   weight_sqr   abs_weight
    10   10   2.001179161566880E+000   2.525331279581149E+001   2.001179161566880E+000
    11   10   2.001179161566880E+000   2.525331279581149E+001   2.001179161566880E+000
  </DiscreteSampler_grid>
