 -0.00002400093837662  0.00025611949860642  0.00046054280412765  0.00066594812667410
  0.00086558668096968  0.00107539050501558  0.00128594707908184  0.00150539726151926
  0.00173486754055782  0.00195766562273934  0.00215351130246813  0.00233419683603356
  0.00249655849774023  0.00266933076601046  0.00284735643899315  0.00302518931802980
  0.00322802575940167  0.00344724187588899  0.00365638800480870  0.00386374143603664
  0.00408950374976317  0.00433127356510101  0.00460422771094902  0.00488951690085917
  0.00516103550007231  0.00544270874904317  0.00569527708792848  0.00591655178970313
  0.00610360122004107  0.00627893740160690  0.00645032752017097  0.00661262575750913
  0.00676463909844322  0.00690967834635840  0.00705834513826435  0.00722864101447606
  0.00739665265465991  0.00756811486157284  0.00772604162234005  0.00791132746662143
  0.00810515382048097  0.00827565096252171  0.00844220058691982  0.00877932778440352
  0.00927563528605002  0.00974107804757919  0.01014772038290613  0.01051063102751195
  0.01082166115356781  0.01112182391845907  0.01142009932114974  0.01171864759955954
  0.01200735234330656  0.01224132353579292  0.01248543678195772  0.01273200692448313
  0.01299287167769363  0.01328002907588979  0.01356685708135990  0.01383972284111874
  0.01407331171214391  0.01443793163024699  0.01487336698015441  0.01541207141579306
  0.01580439984527921  0.01610505202919851  0.01636955346441295  0.01668185348224021
  0.01692664655109441  0.01712883628611760  0.01733478522670691  0.01756230208165887
  0.01785399979475905  0.01823155566474305  0.01861171361738346  0.01895364704469495
  0.01923989638331773  0.01951092942802130  0.01977301207702164  0.02000621257361582
  0.02019021198396811  0.02037420680937989  0.02057359092205725  0.02076847048843942
  0.02107577212562246  0.02138552779890228  0.02168825425616060  0.02257827600281910
  0.02582409105338931  0.03046700251696471  0.03570582032465682  0.04058607834382512
  0.04362155611114053  0.04665703387845595  0.16597495456069233  1.00000000000000000
 -0.00228073485781177  0.00995770323190627  0.02121871188646978  0.03205934302142065
  0.04296876753688124  0.05306549175809135  0.06313310787980489  0.07435177403463099
  0.08521717987687066  0.09631177978962240  0.10697662489065292  0.11828228201281556
  0.13347048935222269  0.15060944536817278  0.16381679617518310  0.17442449773422253
  0.18403445281329883  0.19384210696290899  0.20366056301821234  0.21576230544239439
  0.22937173179865333  0.24187859079060067  0.25244559183692467  0.26042779338724392
  0.26815394709851226  0.27574343179122923  0.28377136537567416  0.29257144202258356
  0.30186809494495709  0.31028510306626883  0.32126670598366824  0.33678341669746437
  0.35164246475909561  0.35998801816051662  0.36702074327189171  0.37424879814111406
  0.38006443782321553  0.38594963833217216  0.39332852116690231  0.40136548752690709
  0.40925017265846930  0.41859146264314567  0.43181027564448649  0.44643958281209101
  0.46357342504482396  0.48078337162692897  0.49474781362180159  0.50620090119938010
  0.51568080190113597  0.52431702760172560  0.53289162041642490  0.54236081199635400
  0.55407307167087194  0.56633892790193419  0.57912283632515904  0.59191587896778308
  0.60435292901885140  0.61547691004965099  0.62484493666182661  0.63302599941260773
  0.64104611871809669  0.64898112015474330  0.65700635224642512  0.66550294591870762
  0.67320729739484331  0.68096789512773814  0.68680858789569654  0.69793017846294270
  0.70795748966020133  0.71920566283327181  0.72993930312151423  0.73746512293620170
  0.74380412180716082  0.75001546949847864  0.75665539471069942  0.76364294773145280
  0.76995186609006805  0.77737700408629562  0.78425030873762303  0.79232153229357793
  0.80558254651250716  0.81896561858735428  0.83322607906183610  0.84826766974189938
  0.86115067744747165  0.87356367766854903  0.88565569165995217  0.89826104579143695
  0.91217272358842483  0.92501900716815699  0.93713283478880183  0.94977290895952737
  0.96181219493744496  0.97358344548871412  0.98663094611292823  1.00000000000000000
 -0.01219328423583924  0.11982587447372808  0.19851318856550906  0.26184778181696189
  0.31753519448354506  0.36544248951257430  0.40788890082166096  0.44611368201011453
  0.47693706809411002  0.50506815641876623  0.53253360482594048  0.55785437463229737
  0.58118850014391366  0.60448788791901020  0.62749140603909181  0.64814730828967149
  0.67020162678461559  0.69044274518671156  0.70730486780744972  0.72271282629860845
  0.73704879655754296  0.75042061158440654  0.76266051563379056  0.77417161855599337
  0.78305557703069928  0.79108879843820779  0.79907850056633400  0.80693535467940047
  0.81490003942390832  0.82348213401667048  0.83146520972694471  0.83920459131371761
  0.84653112549944765  0.85337391935833273  0.85975213710618159  0.86563397450474422
  0.87126749290163119  0.87599048681936187  0.87957993769531928  0.88297276647107581
  0.88654108479152283  0.89035616319304944  0.89416607975683904  0.89766058737432641
  0.90080287709581064  0.90401942180446615  0.90699271383937330  0.90996641832770131
  0.91281927225726345  0.91555913702495029  0.91830605879426963  0.92106337543358097
  0.92381242494635263  0.92650406278999708  0.92903423595984469  0.93126693828479523
  0.93347416787775295  0.93570938169133022  0.93790432117439093  0.93949952115137780
  0.94114801369889201  0.94272045132913362  0.94432704378127386  0.94589730432860575
  0.94734296509192539  0.94876988780440563  0.95025007790399096  0.95176448009418224
  0.95323747394919978  0.95460219059027773  0.95591572609585940  0.95728243425585180
  0.95854702916726153  0.95972276077165231  0.96089491348541145  0.96222807351197948
  0.96348294045023475  0.96471371372440151  0.96597191694083862  0.96756088225481218
  0.96927979204084014  0.97078184236751064  0.97211097807563385  0.97336566810695202
  0.97456259894366148  0.97581075896926384  0.97712622154567819  0.97854195160127011
  0.98014248463669107  0.98220651526760683  0.98511630867297051  0.98786370131211376
  0.99003193741177897  0.99228394936257047  0.99509174477984719  1.00000000000000000
 -0.01548289388919998  0.09541683059074502  0.13495765617833194  0.16301949236368848
  0.18213075801500073  0.19765454481194050  0.21148780528517580  0.22204964715218625
  0.23211920944194123  0.24229465259736285  0.25250489783501617  0.26332242840432613
  0.27380651662184213  0.28415498956168644  0.29355389951107913  0.30185727477963348
  0.30987197715686343  0.31748562177424811  0.32498661328344969  0.33195202316719680
  0.33761259432294088  0.34239124421500938  0.34719742426362421  0.35191928739477374
  0.35597790869155310  0.35973875788533477  0.36352894810309294  0.36753167683404980
  0.37197196527537579  0.37625171704974603  0.38054586211023683  0.38440687137495433
  0.38809638179858208  0.39178063439130917  0.39559082619311797  0.40068369829982264
  0.40588639829956008  0.41148675368177690  0.41804085935122620  0.42523497336480420
  0.43474091730491587  0.44374075932035423  0.45279947269304005  0.46232197914266249
  0.47103202180092879  0.47853319542058326  0.48383299938114688  0.48797206979082330
  0.49277087714742779  0.49783308024799283  0.50386367431566526  0.50874621853484392
  0.51312061768953421  0.51744514962915711  0.52259778735708717  0.52798403741340683
  0.53248663639129368  0.53688292476544230  0.54156652763446922  0.54728111549649150
  0.55520158972246936  0.56271127420416200  0.57027776785112327  0.57686695383441799
  0.58304508781632602  0.58911387111225011  0.59424030182695653  0.59859866369666748
  0.60335536452763427  0.60862359824109413  0.61424144651166890  0.62028065564929558
  0.62625100488090157  0.63309504824672336  0.64040122515446019  0.64900017603491433
  0.65829757645256026  0.66732155758228195  0.67590577013343256  0.68395419846553873
  0.69166990580181442  0.69957153743132650  0.70835523591228877  0.71855503297998535
  0.73016316632211276  0.74203619835307766  0.75493889246151757  0.76666591566276387
  0.78121093556373455  0.79475360297176922  0.80940681162487449  0.82661874759913379
  0.84779557514339643  0.87148063932886466  0.91261523222818197  1.00000000000000000
   1.4128618190359274E-014  -1.0000000000000000     
 F F F F F F F F F T T T T T T T T T T T T T T T T T T T T T T T T T T T F F F F F F F F F T T T T T T T T T T T T T T T T T T T T T T T T T T T
  <DiscreteSampler_grid>
  grouped_processes
  1 # 1 for a reference and 2 for a running grid.
  10 # Attribute 'min_bin_probing_points' of the grid.
  1 # Attribute 'grid_mode' of the grid. 1=='default',2=='initialization'
  0.0000000000000000 # Attribute 'small_contrib_threshold' of the grid.
  0.5000000000000000 # Attribute 'damping_power' of the grid.
 # binID   n_entries weight   weight_sqr   abs_weight
    10   10   1.822206660848868E-002   2.828899143982808E-003   1.822206660848868E-002
    11   10   1.822206660848868E-002   2.828899143982808E-003   1.822206660848868E-002
    16   10   1.822206660848868E-002   2.828899143982809E-003   1.822206660848868E-002
    17   10   1.822206660848868E-002   2.828899143982809E-003   1.822206660848868E-002
  </DiscreteSampler_grid>
