 -0.00003697429941563  0.00061460986498560  0.00119611691498284  0.00178021466914614
  0.00235081260286843  0.00291977595265167  0.00347344788907456  0.00399348429886879
  0.00450044140478012  0.00502319523707901  0.00554014788882972  0.00602760171881660
  0.00647403936506550  0.00690079648960852  0.00737747939090665  0.00789903237400221
  0.00843300085782544  0.00896323272069797  0.00947595406999813  0.00996013313137830
  0.01043939556216357  0.01091508043666197  0.01139806338060835  0.01187050841654161
  0.01229228701728383  0.01269415110497984  0.01307787489036963  0.01342296463352498
  0.01376393426743997  0.01409408572698501  0.01440317976664216  0.01472764528002970
  0.01506436926650355  0.01537845344212406  0.01566247963978894  0.01594376194128488
  0.01623638899898030  0.01653991118679118  0.01683802352024293  0.01713423271469064
  0.01742787134862541  0.01774154103900484  0.01814018627992613  0.01855869218255515
  0.01897721495297397  0.01940660372353771  0.01980000093375408  0.02024006440405246
  0.02071705482308109  0.02110407297596247  0.02144748584496197  0.02178022409861886
  0.02211418270858587  0.02244581606004318  0.02275969279683604  0.02304928635800895
  0.02335067585376335  0.02369994601825200  0.02426928949653299  0.02474378909251402
  0.02537141750124813  0.02604350707536047  0.02679231012097050  0.02768751386682242
  0.02857061362725202  0.02931798924730954  0.02991842069915587  0.03047330368570737
  0.03101763145323574  0.03153959683205767  0.03205024405785553  0.03254553739337977
  0.03308975952562861  0.03366488144313388  0.03425753434915831  0.03486411473891678
  0.03545856969182781  0.03602904674867107  0.03665629954472845  0.03728063960525385
  0.03788210740984663  0.03910828586691160  0.04083949077814952  0.04335792897078414
  0.04621730852674297  0.04949647945940228  0.06592837059401735  0.09813281744451087
  0.10102615568750396  0.10390168033078545  0.10589481413401185  0.10788823342843795
  0.10988895818988605  0.11439968721168980  0.46460626982060588  1.00000000000000000
 -0.00188488441245679  0.00880425557428633  0.01853908397589052  0.02936355151863817
  0.03922853965116616  0.04887801670226496  0.05669619081208559  0.06392252815156588
  0.07365561106948450  0.08438598064547941  0.09494114336724363  0.10801371533717359
  0.12249360061221008  0.13653976743288479  0.15012747014236244  0.16378829109774867
  0.17749567113565010  0.19190742229578228  0.20426668945348891  0.21458360998747694
  0.22178885315064106  0.23000692746116039  0.23843782255529369  0.24790646359646573
  0.25728403060724470  0.26588378989909600  0.27451763204734969  0.28399873484477006
  0.29337605223141788  0.30402515683414028  0.31412468383053949  0.32425060674219774
  0.33444597923444142  0.34512261603747829  0.35566635744127911  0.36500136696295893
  0.37384708989426840  0.38392919113700541  0.39466287960303403  0.40522098483053492
  0.41644743419408847  0.42943076877015940  0.44235645594380413  0.45504340371091956
  0.46875974393626257  0.48343783522180361  0.49756529281393558  0.51142905373060976
  0.52422255918629601  0.53513726101592451  0.54486916013415165  0.55263845874056994
  0.56112701263075104  0.57056996785115321  0.58126409000047663  0.59298300862229691
  0.60324215636573097  0.61461723330803186  0.62729854373676353  0.63972761218982510
  0.65058699002297560  0.66039839547886470  0.67011186015663216  0.68008864939387459
  0.69064305931195735  0.70131671232117920  0.71087595882599619  0.72046760557524037
  0.73034507058525766  0.74135467052040571  0.75239397943676367  0.76510417903781580
  0.77715409451487805  0.78781982422951891  0.79677456512299782  0.80507172866497889
  0.81409840301896108  0.82413120845953336  0.83479195348723723  0.84480281008249392
  0.85552701701699008  0.86691998720777252  0.87874888138949836  0.88882411014979168
  0.89899232743154989  0.90920320311797620  0.91910137551628357  0.92912942539507093
  0.94044360984350339  0.95299118961758655  0.96302604745798914  0.97070538912372262
  0.97855318588826912  0.98577640042659531  0.99279260926299928  1.00000000000000000
 -0.00637148733815589  0.07472137230300233  0.12757028026673461  0.17331472549361115
  0.21974056287053265  0.25602708623301462  0.28363934351134901  0.31015379730280829
  0.33752958790377002  0.36233179869801790  0.38623451332031561  0.40997001350679574
  0.42814193507915754  0.44381859644859090  0.45923150966605009  0.47321003301011466
  0.48779496835625413  0.50288912045397538  0.51743092645422872  0.53115710462950083
  0.54347947354342863  0.55529706315541449  0.56748984029697647  0.58002101769879078
  0.59174326235543595  0.60219037794611552  0.61113467181074765  0.61971011927672437
  0.62855304323245609  0.63861499423503965  0.64800232893076115  0.65718887547775806
  0.66599607073671319  0.67508761445941823  0.68419596472489708  0.69254118910796114
  0.69998527343798145  0.70679870587488092  0.71390543227323722  0.72153851982692863
  0.72919498245919112  0.73637213907587873  0.74368696887302699  0.74990190649397970
  0.75487196591931227  0.75919041923965624  0.76329921566702730  0.76765094232597619
  0.77168601245867630  0.77584032781433010  0.77983352736688705  0.78384679693174031
  0.78775465251626187  0.79170535076375359  0.79567825243402879  0.79956911723873259
  0.80330245651373944  0.80692365775643227  0.81040098203184852  0.81393379389306320
  0.81771846479593691  0.82157126122344859  0.82533733518572416  0.82900800893905635
  0.83309275364502977  0.83662599047712027  0.84018067784568706  0.84376609097417432
  0.84726781984002775  0.85061684965524242  0.85367368008264144  0.85778878137229253
  0.86186445467336192  0.86581343304797553  0.86969620905002953  0.87393854694986228
  0.87860472855212957  0.88378969539024888  0.88894390312620308  0.89348095079219725
  0.89744891927002157  0.90138159495650161  0.90524890697000893  0.90861346017043698
  0.91171337350561010  0.91476110026802637  0.91848577146620614  0.92262043929652882
  0.92698888351131514  0.93162316803464829  0.93742059397944932  0.94667911646873759
  0.95781065230729800  0.96878765884136830  0.97983128225059113  1.00000000000000000
 -0.01469619285129618  0.09422936689024189  0.12633202689977652  0.15323126739311371
  0.17636232785686293  0.19869757710095884  0.21843912599281279  0.23186922226473963
  0.24214967836654119  0.25064202412798475  0.25829413248645344  0.26551979365699041
  0.27286640581669513  0.28040080304456472  0.28806484988634645  0.29623506564764024
  0.30452856951587493  0.31214202534768820  0.31949661780642719  0.32601409061949960
  0.33235104738633581  0.33911357487633570  0.34526752782222780  0.35076627373583869
  0.35604365946241179  0.36139844803254401  0.36758148543711905  0.37515446213944498
  0.38229340267254630  0.38848334283331892  0.39484456191258960  0.40050823564859445
  0.40626197792817093  0.41195924252540783  0.41704177417953409  0.42225350796605288
  0.42739480845607108  0.43241348649909223  0.43732810094123098  0.44229313076109267
  0.44804506092000163  0.45475379506826702  0.46258418292513870  0.47057934377876576
  0.47730072273409740  0.48350046930843621  0.48934645381805264  0.49484916354319269
  0.50045328794074306  0.50575743152484842  0.51063092685575351  0.51566698840445124
  0.52161091357447398  0.52741790082457207  0.53333575397278976  0.53914808057082841
  0.54515953925132299  0.55126951708816474  0.55722817478015341  0.56338263976983738
  0.56880907969889205  0.57342098534418573  0.57843947156525177  0.58336548749829253
  0.58890169216905630  0.59431081462429525  0.59944997605069128  0.60520348519375666
  0.61190030681638219  0.61748372739150803  0.62284555525674701  0.62790094632664595
  0.63308044553754306  0.64043026748882415  0.64700028545834898  0.65196397786337734
  0.65710692522389680  0.66211097601888713  0.66906983440348633  0.67605251048762949
  0.68324199836712529  0.69079136475898539  0.69955876675729156  0.70975753812941789
  0.72166813158322773  0.73387814745470759  0.74621842793727688  0.75886264116823199
  0.77238078195144289  0.78857520239520384  0.80834814398600918  0.82897179783649466
  0.85020206671369425  0.87453427479274171  0.90764082060133311  1.00000000000000000
   2.7951470429452848E-014  -1.0000000000000000     
 F F F F F F F F F T T T T T T T T T T T T T T T T T T T T T T T T T T T F F F F F F F F F T T T T T T T T T T T T T T T T T T T T T T T T T T T
  <DiscreteSampler_grid>
  grouped_processes
  1 # 1 for a reference and 2 for a running grid.
  10 # Attribute 'min_bin_probing_points' of the grid.
  1 # Attribute 'grid_mode' of the grid. 1=='default',2=='initialization'
  0.0000000000000000 # Attribute 'small_contrib_threshold' of the grid.
  0.5000000000000000 # Attribute 'damping_power' of the grid.
 # binID   n_entries weight   weight_sqr   abs_weight
    10   10   3.534310294982757E-001   2.333997588779735E-001   3.534310294982757E-001
    11   10   3.534310294982757E-001   2.333997588779735E-001   3.534310294982757E-001
  </DiscreteSampler_grid>
