 -0.00005524329912683  0.00088691950068769  0.00161979379580983  0.00224856157921208
  0.00281714310040857  0.00337344190464916  0.00388574432666813  0.00439700723126680
  0.00489634537428266  0.00536577137008245  0.00584977841458139  0.00635174921943718
  0.00687161877796537  0.00735032041371399  0.00783281961121287  0.00832041569036145
  0.00878872350382660  0.00922693281012941  0.00967546654213495  0.01016355101725669
  0.01065859035390919  0.01113845067643609  0.01160266827361185  0.01207071727652528
  0.01253637119770233  0.01301753041160029  0.01347603431142698  0.01391013630899486
  0.01431579440822246  0.01471444368276226  0.01512855853703170  0.01557339485336620
  0.01606155364095781  0.01653694964802604  0.01698986974921314  0.01741722982762419
  0.01786924925537220  0.01837311754636761  0.01891684691442833  0.01945579650744935
  0.01998514225087120  0.02051170096538158  0.02100255861558266  0.02145834756958667
  0.02192593897485087  0.02249212187329078  0.02307167255703447  0.02365628956981504
  0.02425880834391756  0.02492735247620131  0.02554731701359953  0.02604114626956831
  0.02655216214338759  0.02801962643110916  0.02961654098514845  0.03129347452611255
  0.03264630049186201  0.03391154430062823  0.03508125187499622  0.03615949096265235
  0.03734131632101079  0.03852396989053469  0.03965820069957095  0.04091490328887361
  0.04187873164391465  0.04283220408702744  0.04403856560286675  0.04536487550555460
  0.04675853280421318  0.04822489430563322  0.04942079928509843  0.05063935073892838
  0.05192869695323643  0.05321920397542450  0.05455972157982024  0.05610191164110441
  0.05794061117677547  0.05991351052753368  0.06191765030222401  0.06402411090240569
  0.06645744633211562  0.06854656464793395  0.07115164319093183  0.07369525306072804
  0.07586824427023574  0.07807033786680252  0.08033688206624838  0.08282807942572409
  0.08586849638402022  0.08903896758707372  0.09207582081306993  0.09574061926833234
  0.10046267059393583  0.10647749869106936  0.50026264605589066  1.00000000000000000
 -0.00276020125823896  0.01137577911033671  0.02171800498505999  0.03373097966158232
  0.04493510889925520  0.05654380842776087  0.06896428824195255  0.08245207679156444
  0.09433623933569624  0.10527195545041498  0.11507539446172525  0.12328747362492558
  0.13112333331933138  0.13876514988391669  0.14864522403959898  0.16061905623200845
  0.17197493451802595  0.18244936624580368  0.19228657963949425  0.20187641048659055
  0.21065866708955799  0.21883011005393238  0.22700745042290846  0.23625583397467409
  0.24692541300169335  0.25858512952726631  0.27133946923131697  0.28507030379047310
  0.30135528926321276  0.31859298916232437  0.33400121422556983  0.34597545904217769
  0.35590513318742184  0.36302471711974243  0.37154857177666989  0.38043331836843242
  0.38831242506396785  0.39523962200692597  0.40249231655892431  0.41093925164736250
  0.41987121594279925  0.43091107859683953  0.44208278584864630  0.45378785805410177
  0.46658440803086809  0.48305171345197478  0.49770450898930646  0.51256377292923005
  0.52687628808728992  0.53952108181215186  0.55148093187379954  0.56283606786816687
  0.57246406828698160  0.58032375450050355  0.58763458603172125  0.59487287301265279
  0.60338529856240553  0.61298199421130373  0.62232777850557175  0.63250019768628452
  0.64395237114990900  0.65590689144746583  0.66743968154483180  0.67754303287841733
  0.68697532729248356  0.69695217873937765  0.70700633237057364  0.71605720613664958
  0.72445967207328943  0.73312331429151578  0.74317307220688200  0.75262167608642949
  0.76280141015427949  0.77304119428787121  0.78398391146237401  0.79398548770840605
  0.80326848559090402  0.81289364770358408  0.82394422076583618  0.83514181336801796
  0.84488480275033495  0.85468538255962490  0.86406105883601891  0.87341184210491585
  0.88225390732868936  0.89120043355035483  0.90054293070838587  0.91044672189344977
  0.92036546814858056  0.93002358210807612  0.94001437654008946  0.95115051817890306
  0.96278619173425650  0.97494527903226236  0.98619507761574177  1.00000000000000000
 -0.01275353482109713  0.13503943731331869  0.20183845312387971  0.25866446839526586
  0.30233513322157468  0.33621873590499540  0.36905612515061292  0.39841733263645251
  0.42309808925378001  0.44652749590489293  0.46861529065280216  0.48804266572094729
  0.50588591898846946  0.52340984772067933  0.53927714451537045  0.55317364990049223
  0.56615426758254128  0.57904254862678362  0.59156261896618367  0.60346540473243726
  0.61404803303437960  0.62501121918432434  0.63572394984471026  0.64579887961338467
  0.65513823663999615  0.66496499319523017  0.67542525314908830  0.68650129918390601
  0.69595610129098684  0.70426617934108759  0.71195814233172883  0.71982286887882641
  0.72765062975662520  0.73551570347010564  0.74257084718678945  0.74923065869397376
  0.75567783033339619  0.76214575002963392  0.76853135662318739  0.77431764423437377
  0.77938298246927784  0.78429341737643044  0.78933603207476488  0.79452705083076758
  0.79987724002561433  0.80510953887191261  0.81046872530034608  0.81528163828705236
  0.81985900806354994  0.82430799378796349  0.82885083745545596  0.83343187894643900
  0.83790956423874541  0.84220419735813179  0.84649705263755681  0.85068484874372507
  0.85461833474016113  0.85840954267310465  0.86215119073963664  0.86580298282344548
  0.86943759359173067  0.87303628978447345  0.87656029770416366  0.87997687844979133
  0.88329858664991578  0.88655585994521890  0.88997095525992198  0.89315658289635769
  0.89599162707577351  0.89918795566130572  0.90249314644529655  0.90566265824703662
  0.90873753321891548  0.91204765549356492  0.91513928570483449  0.91806128878076310
  0.92088872595431814  0.92354953214655144  0.92633879393436658  0.92908745968719497
  0.93164977432491836  0.93406851581884631  0.93688968337146172  0.93971285097415069
  0.94278381639607178  0.94600107215041507  0.94923996356375151  0.95265066439337531
  0.95600117459652145  0.95957812929241260  0.96330996285997805  0.96718588477550627
  0.97150173113269189  0.97714262189895118  0.98602330247141290  1.00000000000000000
 -0.02009846556570954  0.12285167354392423  0.17104908205628055  0.20965553203023579
  0.24177489140017391  0.26735657376821498  0.29014813268025136  0.30812127622988023
  0.32158601888069782  0.33494262321789020  0.34342468476267352  0.35141876239013231
  0.35891702980416601  0.36626223951464304  0.37299737562021590  0.37914160800644930
  0.38511087789176929  0.39152608164027142  0.39802513339227358  0.40560066099485326
  0.41257136815999723  0.41879988636270093  0.42452119464759014  0.43028708422137768
  0.43594494518703192  0.44146387216599181  0.44736017615393442  0.45319895027422991
  0.45850953198425870  0.46385955729949474  0.46914800734442497  0.47468881323580325
  0.48003313515201795  0.48547538390669109  0.49122427204950014  0.49664189470010411
  0.50297136297174250  0.50997982296858269  0.51707139485034925  0.52405774185390308
  0.53077904724749136  0.53658998014231729  0.54309739888096831  0.55033335715293286
  0.55749860628588699  0.56360554654930350  0.56915982445840396  0.57427819907525945
  0.57974749540821124  0.58534372338303919  0.59085526838953883  0.59665840333480036
  0.60225234831736518  0.60770916155641341  0.61275997744051469  0.61759336855292646
  0.62213871840830481  0.62642968491856466  0.63064928252538088  0.63472351616236178
  0.63855635824166512  0.64234524289346118  0.64678958324109637  0.65136541242821955
  0.65633403766008114  0.66179136791197446  0.66820647332920702  0.67539502485211322
  0.68233751829639100  0.68874319138203122  0.69509073338954985  0.70141407934948818
  0.70846370725407681  0.71418310106333494  0.71991984008922394  0.72564687161774577
  0.73073018904565024  0.73568087691910633  0.74072831454560706  0.74611632940943395
  0.75240397150181471  0.75916628253024210  0.76561693985061219  0.77204919036571606
  0.77917374248658799  0.78659940588146460  0.79432566397308635  0.80306236767186068
  0.81243887624254585  0.82284648912969438  0.83440426059365314  0.84867715531833288
  0.86423835938800453  0.88319089585583144  0.91508574957813238  1.00000000000000000
   4.5785833859156711E-042  -1.0000000000000000     
 F F F F F F F F F F F F F F F F F F T T F T T T F T T T T T T T T T T T F F F F F F F F F F F F F F F F F F T T F T T T F T T T T T T T T T T T
  <DiscreteSampler_grid>
  grouped_processes
  1 # 1 for a reference and 2 for a running grid.
  10 # Attribute 'min_bin_probing_points' of the grid.
  1 # Attribute 'grid_mode' of the grid. 1=='default',2=='initialization'
  0.0000000000000000 # Attribute 'small_contrib_threshold' of the grid.
  0.5000000000000000 # Attribute 'damping_power' of the grid.
 # binID   n_entries weight   weight_sqr   abs_weight
    10   10   1.482085403824026E-028   1.055356946678179E-055   1.482085403824026E-028
    11   10   1.482085403824026E-028   1.055356946678179E-055   1.482085403824026E-028
  </DiscreteSampler_grid>
