 -0.00007622753876297  0.00062955182799264  0.00133595374787776  0.00232177613596945
  0.00357151554625410  0.00508508683575407  0.00678853583800065  0.00863988287465115
  0.01076813005630342  0.01324331921492256  0.01596833894909372  0.01885031915005096
  0.02186923864428780  0.02503115929245412  0.02829203693404506  0.03172342240477726
  0.03541814684628743  0.03946602678399749  0.04384840885464737  0.04834247708913218
  0.05292541106106997  0.05759029208151997  0.06239227255689784  0.06737484104541031
  0.07244958650025651  0.07771713331472029  0.08309058937778817  0.08877740182557373
  0.09481888486509557  0.10105040240739303  0.10735916244449845  0.11387300717514079
  0.12080145931285989  0.12802147589851023  0.13537552877822767  0.14296925823552420
  0.15061523351183903  0.15843258975941604  0.16663992449142204  0.17523380036872865
  0.18422708179785882  0.19338707176549935  0.20240623545703540  0.21195367622264372
  0.22222289682101184  0.23258772917809686  0.24313855166824230  0.25410706787822424
  0.26582575319102580  0.27776496122762417  0.29017332881528046  0.30361623903160884
  0.31775085578479828  0.33311804825337560  0.34975515521343392  0.36737027083662271
  0.38632926920307742  0.40671116078224773  0.42833410229742497  0.45022508128303435
  0.47245148398316317  0.49526320849557609  0.51839434068366408  0.54151895721648013
  0.56439788229949528  0.58654965787375823  0.60733181515447598  0.62671458715385775
  0.64517139779396937  0.66332142460992205  0.68091894777576545  0.69815755450735095
  0.71452895836445662  0.73046053780445874  0.74606324865850016  0.76119908391663060
  0.77604455952812412  0.79015529320526223  0.80399585051557509  0.81742618743121243
  0.83048569023018137  0.84335177461081079  0.85594161662651247  0.86826055210290420
  0.88030744209199507  0.89205123948471954  0.90349698518800448  0.91487317427101233
  0.92620951310487898  0.93747470272440481  0.94825765787645844  0.95886902547933417
  0.96958046986996427  0.97976950191546663  0.98987730715240196  1.00000000000000000
 -0.00322606766711685  0.01120995123057915  0.02327088286575646  0.03508423292640669
  0.04630900803227844  0.05712010743264424  0.06758560148665464  0.07803450369816468
  0.08861133752176169  0.09909440625350049  0.10879293084952459  0.11800106773726708
  0.12790451066243852  0.13874393816458397  0.14933620270645792  0.15968211061251966
  0.16999442624904187  0.18097756951098706  0.19197671137060748  0.20235529136054936
  0.21206461361577864  0.22141375162185084  0.23117717173930066  0.24180267862969454
  0.25281363550869101  0.26350456092538460  0.27387636857215947  0.28417808942079570
  0.29461413216780724  0.30495340075727156  0.31504446977971456  0.32508349822943672
  0.33543341341699678  0.34614414114033570  0.35702901507804596  0.36720324704343316
  0.37648653381054753  0.38524970736135139  0.39410283118250772  0.40366986217187667
  0.41337017195824788  0.42340710977798579  0.43379493237366157  0.44481303265431427
  0.45619825166669276  0.46833463341096843  0.48052223589199744  0.49150564952997566
  0.50211546339743796  0.51261544321987840  0.52377627214966471  0.53546860600964719
  0.54706578635851999  0.55863533550112054  0.57004487084639410  0.58173067238061538
  0.59365987721760372  0.60586422162875064  0.61795852704951404  0.62933209294859471
  0.64016216517245039  0.65091006878456104  0.66137110629890705  0.67149389232628298
  0.68149485665440435  0.69144402188169207  0.70144405726622772  0.71186934433617555
  0.72259274520450967  0.73313599939627905  0.74321852783877795  0.75323286231572117
  0.76355351001904459  0.77416596960676787  0.78489742682212371  0.79593876808977582
  0.80671179643488533  0.81698387341642287  0.82712138149129466  0.83738762964382107
  0.84790015554460996  0.85845211240452202  0.86924660164390166  0.87994139531458004
  0.89011813539081774  0.89985388521886789  0.90955976513667269  0.91904112709620356
  0.92823041753147617  0.93763864967779753  0.94782465145590200  0.95763594844536359
  0.96834408610040101  0.97888644437975147  0.98957275392745292  1.00000000000000000
 -0.00359939993227576  0.01865794846215132  0.03412734393274354  0.04735954086435422
  0.05804737892698894  0.06897605538089603  0.07918883385836341  0.08917052976105329
  0.09904988562530675  0.10957396567636124  0.12040248969952064  0.13055246513536947
  0.14037439635951438  0.15036352712642775  0.16034720831354546  0.17034399711305007
  0.18045688427628470  0.19089560183301535  0.20169729929004954  0.21273403129370758
  0.22382643727990373  0.23457096016674506  0.24532200537430465  0.25645530326154442
  0.26803637464016383  0.27969027546311487  0.29099836505769244  0.30200286560757328
  0.31310123156719294  0.32441184603534090  0.33525704950232321  0.34547951081720690
  0.35572333749488771  0.36635328831348185  0.37682637426600279  0.38702392295275240
  0.39754355465428787  0.40823523988185101  0.41859795442645742  0.42856322621760884
  0.43895062012723191  0.44988022847701475  0.46090618234179337  0.47137272674096470
  0.48282999334772964  0.49536394924385418  0.50659484845665570  0.51665559348014811
  0.52632822309899097  0.53575330836272461  0.54524308637366081  0.55495151160981271
  0.56488396749841574  0.57538391881874640  0.58604375518305585  0.59673961794113228
  0.60781749972843779  0.61867857472975751  0.62942056384987943  0.63976083004342810
  0.64967061367618040  0.65941789111169324  0.66950973224404164  0.67987537947517784
  0.69018669519788833  0.70013446193223916  0.71013244148903520  0.72028069125641259
  0.73055163893838093  0.74113046262353988  0.75198846996292446  0.76301561767988035
  0.77378234614187669  0.78383070480892247  0.79318312071325459  0.80196189500844983
  0.81064447171834142  0.81927691472395381  0.82841712386420741  0.83782852325622559
  0.84743522265509597  0.85673835465210446  0.86568212244202369  0.87471091931627976
  0.88372365916457329  0.89259658261743791  0.90086130272907994  0.90892465356130259
  0.91753982478739293  0.92681464396697522  0.93612422760714975  0.94570287929890096
  0.95579163851545701  0.96733799995270831  0.98193036066511896  1.00000000000000000
 -0.02005835062306876  0.14386192733170863  0.19474059994997001  0.23072316975905122
  0.25896849870849792  0.28168362221343313  0.30226032835163247  0.32095892644454260
  0.33810298773664443  0.35308534967748861  0.36663217042235313  0.37954832208196965
  0.39232388745796387  0.40524469514781208  0.41782995756949431  0.42932593819116943
  0.43988114682741181  0.44991678704437577  0.45943927042563004  0.46817637729990935
  0.47622087535794921  0.48419503707186373  0.49218226770113666  0.50040920926609012
  0.50866577935482793  0.51681373414766130  0.52497869281973297  0.53327578437924017
  0.54152708882248957  0.54916454318960561  0.55635148120252265  0.56343747797246857
  0.57020861747383145  0.57693294562017572  0.58370023677178184  0.59030987082694641
  0.59672185765913965  0.60310386608557154  0.60949081589537812  0.61577638682950597
  0.62210329628136618  0.62806420810003460  0.63327940079893652  0.63862797594790432
  0.64393087426608597  0.64906704948693972  0.65411342630706770  0.65910638390973464
  0.66403272288775073  0.66892652493824678  0.67374354063508091  0.67847104837921612
  0.68319490443666042  0.68785284778094902  0.69236711309609034  0.69682308497940548
  0.70115602261383481  0.70552489271757202  0.71008415495006927  0.71495007307375447
  0.71993262143110881  0.72483026043090404  0.72983422713136781  0.73465293469881732
  0.73942672872061332  0.74416777310557081  0.74883742980402690  0.75347605419726094
  0.75809570288296269  0.76279268874211670  0.76733019610265762  0.77185974263039625
  0.77632073475351759  0.78070063502687359  0.78515431950290637  0.78957442301812519
  0.79413502190588225  0.79904156959217387  0.80415380468419884  0.80938997239480404
  0.81487294111026987  0.82056702070835619  0.82627103934802548  0.83217385656092091
  0.83853014348302435  0.84507541684217602  0.85197541058339388  0.85942238147959094
  0.86734146607936213  0.87564120410384616  0.88450462352014814  0.89434251804712761
  0.90690313821857516  0.92292510874483347  0.94719775344276225  1.00000000000000000
   9.3150495903803712E-016  -1.0000000000000000     
 F F F F F F F F F T F F F T F F F T T F F F T F F F T T T T T T T T T T F F F F F F F F F T F F F T F F F T T F F F T F F F T T T T T T T T T T
  <DiscreteSampler_grid>
  grouped_processes
  1 # 1 for a reference and 2 for a running grid.
  10 # Attribute 'min_bin_probing_points' of the grid.
  1 # Attribute 'grid_mode' of the grid. 1=='default',2=='initialization'
  0.0000000000000000 # Attribute 'small_contrib_threshold' of the grid.
  0.5000000000000000 # Attribute 'damping_power' of the grid.
 # binID   n_entries weight   weight_sqr   abs_weight
    10   10   1.095515787511850E-003   4.304840930255851E-006   1.095515787511850E-003
    11   10   1.095515787511850E-003   4.304840930255851E-006   1.095515787511850E-003
  </DiscreteSampler_grid>
