 -0.00002117831007896  0.00024713736594506  0.00041990227977237  0.00057765598184247
  0.00072351537881362  0.00086431883274759  0.00100542629696027  0.00114034244711464
  0.00127587271206105  0.00140882054803609  0.00153508383085566  0.00165946625868231
  0.00178385679361611  0.00191058013159632  0.00204263314964676  0.00217647466914410
  0.00230498579495971  0.00242945724528611  0.00255441311307980  0.00267351878640697
  0.00279603313456476  0.00291990949269657  0.00304019200845767  0.00316589989027026
  0.00329428507918523  0.00341679961670822  0.00355043408921591  0.00368357022840221
  0.00382513172128091  0.00398261807668087  0.00414474642827780  0.00430179730447072
  0.00445450564003056  0.00460903504447155  0.00477402911705427  0.00493225603147652
  0.00510083605975178  0.00525724716961111  0.00543971010028643  0.00559228911645344
  0.00574593079027483  0.00591106607739810  0.00607754836602338  0.00624621221063634
  0.00642852321100994  0.00663030269688406  0.00682910562652603  0.00702537414210731
  0.00719790465386594  0.00736946219550073  0.00754162137082870  0.00771375565685991
  0.00790993817584874  0.00809292785684600  0.00828770886710989  0.00851143214954603
  0.00877436277355635  0.00906607203175696  0.00929057697795939  0.00958452836712882
  0.00990872975346004  0.01025323941194096  0.01062391363293420  0.01104593022672058
  0.01151685592986450  0.01192424422744057  0.01232903934765421  0.01276933916332356
  0.01327957432743640  0.01408821855457011  0.01511419084180638  0.01604405390175761
  0.01697114649922726  0.01794512245991442  0.01902746022334705  0.02027942304900364
  0.02229480740533013  0.02534971661357465  0.02875875117000342  0.03178805870300583
  0.03466017157179462  0.03745141812760817  0.04007029523939078  0.04268917235117341
  0.04573108074595247  0.04895382798730664  0.05186800516327415  0.05460907392924913
  0.05717849932136478  0.05964488336560684  0.06217680880541449  0.06481359037205570
  0.06747419768935041  0.07019337177701193  0.73264447951373901  1.00000000000000000
 -0.00250509504661992  0.01071071109544320  0.02093719660208942  0.03465740762715533
  0.04856126554001586  0.06425170781997500  0.07819352068788207  0.09100385314119649
  0.10282186321421695  0.11431522026170035  0.12542675602588074  0.13614547624068912
  0.14697625928332753  0.15720214164680524  0.16757708259632842  0.17887000774826337
  0.19120397795129918  0.20200750309336393  0.21222989022633473  0.22312294900904878
  0.23495879371499803  0.24757831629057708  0.26061971855885940  0.27330044819483978
  0.28058936803592455  0.28861698053567758  0.29599115192770553  0.30323584260515735
  0.31118674927337042  0.31895087073018652  0.32659927992604443  0.33538368378793426
  0.34580913012496783  0.35723652910645676  0.36911575542663894  0.37990321757828621
  0.39097242663602116  0.40157500967559273  0.41172308203857089  0.41897727623090075
  0.42537252999050962  0.43205595956966769  0.43811938766958924  0.44451423728892481
  0.45380352230247611  0.46588590612027758  0.47746821447280868  0.48879074673687511
  0.49917550901321300  0.51029018527286851  0.52145864285108046  0.53210797687202993
  0.54297058712688584  0.55289332951450176  0.56092058049767679  0.56813568729043418
  0.57582795696851263  0.58402988137500367  0.59534560534005398  0.60581658429888730
  0.61639414726002639  0.62780705494445721  0.63814652763809876  0.64846937462163012
  0.65982171891007024  0.66876860421279383  0.67849737476522443  0.68913564274056771
  0.70022219486964266  0.71315761189708315  0.72580376498900245  0.73862387713202282
  0.75080278598909700  0.76167507315784722  0.77225028233351478  0.78379125227398272
  0.79521380276322517  0.80663049998630021  0.81813005181761889  0.83067141420044244
  0.84346792731364639  0.85583322693052211  0.86789643385044324  0.87947442546250987
  0.89162074231037625  0.90463982786302732  0.91607051050796484  0.92627880476095825
  0.93484646971338503  0.94367704537071961  0.95285726093955803  0.96230704881346518
  0.97168758634711017  0.98118194390348679  0.99047403267811263  1.00000000000000000
 -0.01451592464162777  0.12775006613623061  0.20890432801169717  0.27395872886140971
  0.32526996618627435  0.36832401730098613  0.40512107151844984  0.43793491125644601
  0.46912062044713720  0.49726928067896642  0.52282369915341265  0.54579746601998769
  0.56719682064860633  0.58648515135658486  0.60512906465218430  0.62277412587568715
  0.63837994626196237  0.65146463756154138  0.66329683308637633  0.67531667566094333
  0.68692666292152427  0.69786996008243152  0.70805394166891800  0.71780374300282501
  0.72704589678124132  0.73564817069458954  0.74396359417497127  0.75248000862915909
  0.76110650218372178  0.76910266707956709  0.77704788140980541  0.78513881783161721
  0.79231665166024989  0.79823195470347563  0.80367066284677113  0.80906927752230529
  0.81428080497383637  0.81909060595296312  0.82384935714652918  0.82850695413750808
  0.83320670805812291  0.83766369425549358  0.84195859305627307  0.84597856245927694
  0.84997562489907508  0.85406092091863306  0.85825294201691849  0.86236156078727599
  0.86638003077782000  0.87047961874892332  0.87472595993822810  0.87881097656013951
  0.88283864391456746  0.88667249565975637  0.89016266136739441  0.89358455334807896
  0.89700637482889589  0.90024072279609091  0.90341649684779268  0.90648627455760855
  0.90962041049926634  0.91296005963277649  0.91657375805629870  0.92021464143514442
  0.92363533634906925  0.92683865587043901  0.92978963862731823  0.93244869871883740
  0.93491647418137047  0.93733150314347446  0.93974651527389363  0.94221630151210334
  0.94481086810897230  0.94724720314829836  0.94973119952143914  0.95224661105559971
  0.95473941976921417  0.95720722220469423  0.95964906833333352  0.96201992051932450
  0.96444643147114983  0.96689313173040325  0.96889925067924421  0.97090851400402456
  0.97308406108984791  0.97559842833082011  0.97827301516320175  0.98112485651244996
  0.98334819773268012  0.98558772703399977  0.98757904679948727  0.98946420579436056
  0.99148820964553774  0.99359890806341122  0.99597147466110136  1.00000000000000000
 -0.01915476426876234  0.12050149068917800  0.15359915547156303  0.17657138391035559
  0.19382713070419408  0.20944141171812528  0.22287045323924057  0.23428584029293326
  0.24522500167428635  0.25493440634821729  0.26372952759458312  0.27176074657737620
  0.27924945792247147  0.28732166320618113  0.29514026415790329  0.30365324345506528
  0.31238999737063605  0.32099388337706591  0.32832801557226260  0.33510076083773288
  0.34167291880978296  0.34820927883679126  0.35517459361659892  0.36286469758600376
  0.37082658157845116  0.37833215880267074  0.38556903139518278  0.39327603806551509
  0.40094260913392199  0.40759116030102055  0.41350236756879288  0.41913610896206949
  0.42438027562980857  0.43043703805844014  0.43631466663131435  0.44158111801087707
  0.44693610208484008  0.45242185402096247  0.45791143829595565  0.46329573931914703
  0.46826347393405215  0.47320213751645990  0.47809634776659299  0.48335283521751815
  0.48859067284980801  0.49369693458473962  0.49890678192952886  0.50458464931088387
  0.51073684216798521  0.51703033402422660  0.52275020197333155  0.52833857191740008
  0.53376571774831572  0.53931016521211783  0.54475879206395617  0.55008306563826781
  0.55479430085523218  0.55901306533444850  0.56370099045354594  0.56857005796424986
  0.57406017060263859  0.58021605730631354  0.58631799598353296  0.59231810832681087
  0.59892632551475122  0.60549075270663799  0.61256860478378650  0.62030889182699334
  0.62815508544135934  0.63592836559142629  0.64344166207147724  0.64969671531598872
  0.65389665481724868  0.65759943273230737  0.66152081310784105  0.66560946348893568
  0.67054056475232626  0.67783119288483418  0.68631645897631222  0.69430927494157502
  0.70268401604756603  0.71191256987119145  0.71937573719955350  0.72633408581995973
  0.73280510569849255  0.73908057877661448  0.74661789116978627  0.75498760465046655
  0.76428729961738107  0.77415945133354458  0.78630011362175578  0.80236736195403258
  0.81990696633985605  0.84311724970553570  0.87759218637870018  1.00000000000000000
   9.3969329318020278E-012  -1.0000000000000000     
 F F F F F F F F F T T T T T T T T T T T T T T T T T T T T T T T T T T T F F F F F F F F F T T T T T T T T T T T T T T T T T T T T T T T T T T T
  <DiscreteSampler_grid>
  grouped_processes
  1 # 1 for a reference and 2 for a running grid.
  10 # Attribute 'min_bin_probing_points' of the grid.
  1 # Attribute 'grid_mode' of the grid. 1=='default',2=='initialization'
  0.0000000000000000 # Attribute 'small_contrib_threshold' of the grid.
  0.5000000000000000 # Attribute 'damping_power' of the grid.
 # binID   n_entries weight   weight_sqr   abs_weight
    10   10   8.562645642352433E+001   2.947692855804587E+004   8.562645642352433E+001
    11   10   8.562645642352433E+001   2.947692855804587E+004   8.562645642352433E+001
    16   10   8.562645642352086E+001   2.947692855804585E+004   8.562645642352086E+001
    17   10   8.562645642352433E+001   2.947692855804587E+004   8.562645642352433E+001
  </DiscreteSampler_grid>
