 -0.00003964781991520  0.00063770890206045  0.00127568665796519  0.00188405083396403
  0.00245946468166285  0.00307106676490082  0.00370922362895598  0.00420982325685567
  0.00468833649382630  0.00525645435546750  0.00591929333278907  0.00647306518212934
  0.00695426501885112  0.00748307291369796  0.00791800797414397  0.00828106049822117
  0.00864233624252317  0.00901646942732898  0.00937871497375172  0.00974906797342474
  0.01013553776957589  0.01052423000088872  0.01103876057596930  0.01169525540298274
  0.01240173117784078  0.01326018354659326  0.01414030311725842  0.01492276514464768
  0.01526395239884670  0.01566814356148295  0.01605381183841584  0.01645934718318341
  0.01691201169852554  0.01739125682563815  0.01787620574861061  0.01832983276488546
  0.01873852611997291  0.01911124306051528  0.01950169979400802  0.02019058738066928
  0.02118038016023552  0.02239564932535296  0.02348657096108326  0.02428037597436765
  0.02486159639532341  0.02544099939868519  0.02604897214158171  0.02658688675049993
  0.02769786071201844  0.02917964051199732  0.03080741719839334  0.03236071810838097
  0.03383366017439694  0.03531124580629070  0.03686365676540915  0.03713407337454856
  0.03729485887270865  0.03745496079878013  0.03767358808948978  0.03806372315639964
  0.03854777776371084  0.03923357050940950  0.03983300586650779  0.04039245346438971
  0.04086870401898682  0.04123627926987201  0.04160767400301647  0.04198200660491404
  0.04236603061456833  0.04284469311476839  0.04340644740830261  0.04395520648986811
  0.04446014427156042  0.04488145017713295  0.04533212643436042  0.04578636167127550
  0.04630152040887105  0.04687431711783255  0.04749251183363988  0.04817865624735916
  0.04882287029361634  0.04914273212001220  0.05019345046356231  0.05286506088321693
  0.05553667130287154  0.05820828172252616  0.06216821282659982  0.06697625541772959
  0.07178429800885937  0.07659234059998914  0.08431712011278315  0.09273449377164605
  0.10115186743050897  0.10833802103878636  0.13974981001393921  1.00000000000000000
 -0.00373055553413264  0.01845996226036066  0.03717794107973148  0.05366841080843428
  0.06833803666012184  0.08294745673574019  0.09519700194171042  0.10667370620427534
  0.11796109417005117  0.12884009213310035  0.14108015974711066  0.15647208427723958
  0.17479948717259508  0.19137513884374019  0.20300841066755723  0.21492793443809419
  0.22617062790775330  0.23603975845134070  0.24667338797050739  0.26143651788384670
  0.27867419813977640  0.29486525777382833  0.30636163004635830  0.31547364429118863
  0.32390460911549457  0.33098882923604589  0.33769720513927487  0.34465581761028941
  0.35115418478030902  0.35698411807548630  0.36513165431307221  0.37488779851333065
  0.38597428587573818  0.39506028626540068  0.40719146390047645  0.42321873645252794
  0.43680951381576194  0.44373756713785284  0.44901679340602468  0.45395339031792886
  0.45841293506004099  0.46171850957336608  0.46591780723462667  0.46930011797636029
  0.47266905806594872  0.47805997339973794  0.48418137984014037  0.48991191626520086
  0.49514692810836969  0.49859385714352794  0.50869761861670371  0.52148403187477654
  0.53551855612065125  0.55085168954029406  0.56793146578045395  0.58368656793730078
  0.59816645757237030  0.61252181847717369  0.62655051333811107  0.64044457543661826
  0.65565776061846370  0.67298941664961043  0.68940871767592360  0.70460419804171315
  0.72046572977212053  0.73410102582747383  0.74218643550532604  0.75113875455462931
  0.76012364102195717  0.76745969201692199  0.77470100896416039  0.78100009432972106
  0.78734843696246670  0.79544806179603744  0.80632653667153242  0.81550655006754458
  0.82137022316529418  0.82771040193420686  0.83462542339654366  0.84065218566154221
  0.84608776380055284  0.85183929050127394  0.85802017031794720  0.86461571829898876
  0.87161477298478485  0.88341195608568535  0.89897710979816936  0.90922896716730628
  0.91963184720268265  0.93028596795375329  0.94099743836519245  0.95107830885348144
  0.96165258237081463  0.97317710251052192  0.98592592461064954  1.00000000000000000
 -0.02142314920393718  0.25366360786151942  0.39638629992431856  0.49271722454463851
  0.56648709681798637  0.62827179807743383  0.67701965564745392  0.71918156809502587
  0.75352328020526649  0.78168933688680531  0.80323841904710014  0.82181014756311843
  0.83750974052026372  0.85064930518333381  0.86219058365101409  0.87312904450639595
  0.88406171498215191  0.89386419677007467  0.90262741508345090  0.91022880369705161
  0.91709779842356409  0.92309502421504164  0.92808028874866455  0.93262557153156322
  0.93682798176118764  0.93953776742901396  0.94229406711307473  0.94480324469588572
  0.94681118667374176  0.94857599085009348  0.95034451882461890  0.95220096824936284
  0.95405671249885393  0.95592552286254651  0.95763978520471782  0.95913187422785118
  0.96047443328131443  0.96169804563123928  0.96287983551822653  0.96407667056061419
  0.96529771136082421  0.96653098214820532  0.96767478158369480  0.96867797150955504
  0.96952266756562944  0.97035595937452412  0.97124991615494716  0.97221948503458377
  0.97314822833522052  0.97400135616172223  0.97481050777811451  0.97556484362960427
  0.97633852111268826  0.97712720581949819  0.97793090077201006  0.97877274277259108
  0.97944715999335186  0.98006479603103458  0.98063449775525913  0.98115754248592324
  0.98168132787867524  0.98222413579405321  0.98279695559476354  0.98343667373060428
  0.98387934089641549  0.98422655691069427  0.98455274215645838  0.98490455678091648
  0.98525802668469975  0.98558492083799265  0.98589100940712460  0.98617915273291357
  0.98647791974359955  0.98677703590540933  0.98705229858536303  0.98728154417099478
  0.98764777888946531  0.98807259916307399  0.98864793964891573  0.98922348115653957
  0.98976496624428412  0.99028888446101937  0.99078714733789452  0.99123937209406054
  0.99166680649037331  0.99215021113778001  0.99264860474893335  0.99314665153754311
  0.99361724645781624  0.99407685805573887  0.99454437274477714  0.99506570656149096
  0.99568181484701157  0.99664666811469593  0.99784137823076413  1.00000000000000000
 -0.02100091532512801  0.13397651561297072  0.17391952111647022  0.20248952483001781
  0.22833444800497499  0.24983277625420142  0.26753923999500101  0.28291295420938167
  0.29746173828584527  0.31303959003320397  0.32821237587923791  0.34299206713046027
  0.35598457296805863  0.36923248906257272  0.38190610504458750  0.39362623765607457
  0.40466405561216812  0.41521544447248587  0.42526602085157117  0.43605771392501469
  0.44680612910364664  0.45650475738792928  0.46564780138321238  0.47356786906981735
  0.48136136880961033  0.48930827940367849  0.49748722144563534  0.50616798448149669
  0.51436164977460974  0.52273738263639224  0.53140573611764463  0.54174865829862340
  0.55212073280421958  0.56238995421644600  0.57178007305205225  0.57932058251177532
  0.58414319716032514  0.58625330453648672  0.58786569887260898  0.58970178116945060
  0.59148063474113810  0.59322322034421271  0.59500707786349893  0.59736078953296901
  0.60305394348387287  0.60849982789949231  0.61343301692666186  0.61744660341691515
  0.62115702032971554  0.62504561894472666  0.62923417437632068  0.63332050170030962
  0.63685481562342383  0.64010582681055028  0.64316519017811691  0.64658118086032967
  0.65003873016842051  0.65345913817260826  0.65658939172460706  0.65945655802629610
  0.66240680085302961  0.66562994969341438  0.66973315431793867  0.67351601469887845
  0.67699653016120953  0.67942655836058208  0.68206226472756915  0.68490923385037150
  0.68796726491749360  0.69126417786928662  0.69460662756939751  0.69804634182190861
  0.70220173962367372  0.70567785430605967  0.70904040052146744  0.71342283314385735
  0.71852268675470965  0.72450344329347394  0.73088835823602261  0.73678348319898412
  0.74225728786288925  0.74746355258621022  0.75351995134598682  0.76085395102974640
  0.76887974914646195  0.77748296130448702  0.78669345879821817  0.79653781847101801
  0.80959511573333276  0.82778098368033859  0.84816996673878720  0.86908224723396110
  0.89504316944505347  0.92123526250063537  0.94779605508493103  1.00000000000000000
   3.5666669000853033E-044  -1.0000000000000000     
 F F F F F F F F F F F F F F F F F F T T T T T T T T T T T T T T T T T T F F F F F F F F F F F F F F F F F F T T T T T T T T T T T T T T T T T T
  <DiscreteSampler_grid>
  grouped_processes
  1 # 1 for a reference and 2 for a running grid.
  10 # Attribute 'min_bin_probing_points' of the grid.
  1 # Attribute 'grid_mode' of the grid. 1=='default',2=='initialization'
  0.0000000000000000 # Attribute 'small_contrib_threshold' of the grid.
  0.5000000000000000 # Attribute 'damping_power' of the grid.
 # binID   n_entries weight   weight_sqr   abs_weight
    10   10   1.097702587563228E-034   3.878439200695969E-068   1.097702587563228E-034
    11   10   1.097702587563228E-034   3.878439200695969E-068   1.097702587563228E-034
    16   10   2.373729080602573E-034   2.925503337769397E-067   2.373729080602573E-034
    17   10   2.373729080456150E-034   2.925503337291200E-067   2.373729080456150E-034
  </DiscreteSampler_grid>
