 -0.00008545992078316  0.00077446399320819  0.00169564672421113  0.00305943847349796
  0.00476473520343223  0.00683645147731881  0.00938426800709224  0.01231230307388959
  0.01566182615097695  0.01936310125725274  0.02321505162245226  0.02726256647826736
  0.03159295789715955  0.03633363702991847  0.04127199501859014  0.04634842836488894
  0.05192250133398731  0.05779985649212546  0.06397785140355139  0.07056766000985391
  0.07741808446203155  0.08429305920086978  0.09135292645595762  0.09868385187851159
  0.10645485483564372  0.11434197033332073  0.12203973139267564  0.12999813324181905
  0.13810265428542720  0.14649453996457923  0.15542934460552324  0.16426138180672389
  0.17308931364019600  0.18186320434550168  0.19076547198229329  0.19988606009079174
  0.20984434435644064  0.22042749889520391  0.23092108878722811  0.24157741126153703
  0.25227479382754525  0.26331879934096930  0.27418336931774290  0.28580853645479570
  0.29787594919358301  0.31001715088104065  0.32264545158521685  0.33550690589122961
  0.34846514237840881  0.36151530997321951  0.37452494408529780  0.38732909270329169
  0.39997043161455698  0.41263535662467715  0.42549139515490647  0.43887000267809867
  0.45266261685572545  0.46646707275479760  0.48026749386778966  0.49428457517907037
  0.50857964079550588  0.52313077381291861  0.53899011855467371  0.55397432288055559
  0.56853006907986858  0.58277965370822682  0.59684578069831340  0.61095551707368012
  0.62540148487911174  0.63997052392812570  0.65411146840240941  0.66845882298332737
  0.68300817128741476  0.69749821387941613  0.71185999272152567  0.72690729425515999
  0.74193450490686585  0.75711877427606544  0.77194254189827760  0.78619521548343119
  0.80022703959470520  0.81416558603819733  0.82795812094839227  0.84173655291352623
  0.85553738465140272  0.86927818171162896  0.88297380876993137  0.89661082165170081
  0.91007404026947680  0.92331877204365309  0.93638534948868835  0.94927462893808490
  0.96201113371050917  0.97470841923278995  0.98739182159405459  1.00000000000000000
 -0.00266619130443361  0.00989035446334378  0.02113537843433055  0.03274288046089439
  0.04391061283179244  0.05514398698745014  0.06620233062867786  0.07651129099769476
  0.08608790471348221  0.09544375988427917  0.10560831764896782  0.11657585418587568
  0.12759097713781695  0.13815928851349632  0.14836055456727201  0.15830249718700951
  0.16845776596303624  0.17825437397342228  0.18813752293369221  0.19812990162092420
  0.20849246376788474  0.21930472879376744  0.22978315593985066  0.23979366487049336
  0.25014561826563342  0.26116711593413838  0.27222347858368290  0.28221200798058943
  0.29183692542791678  0.30094336542103312  0.31002975995195770  0.31939323086637844
  0.32905338729874167  0.33879280073939300  0.34827639805768551  0.35820001065028823
  0.36870711820666724  0.37895555301217726  0.38866041778503085  0.39846608206879680
  0.40799666930955675  0.41754555810368471  0.42704752919259015  0.43647681021231949
  0.44608536195172027  0.45591458481567670  0.46661856007741365  0.47793839500992341
  0.48923397443554884  0.50074819234979651  0.51164520247954870  0.52238324759472909
  0.53300282517216213  0.54343636215939584  0.55375803338966245  0.56480477066662282
  0.57638778074539743  0.58791440635385805  0.59917301903146292  0.61004328712199429
  0.62072876134558264  0.63058823470633019  0.64049580217148916  0.65063919612011423
  0.66106521567890753  0.67250353116991524  0.68396297479302737  0.69450553488881006
  0.70499634775376241  0.71588267769664626  0.72716729521444379  0.73819372649890191
  0.74848120304308841  0.75980293487638240  0.77137598905382176  0.78325222205620637
  0.79504975292382918  0.80774685970436144  0.81977739262450033  0.83217120763563668
  0.84280823326863019  0.85358878848888553  0.86440810541274304  0.87498949146537808
  0.88532351667156284  0.89574391356888083  0.90711260342769284  0.91844481466692696
  0.92986685775847189  0.94065231037057906  0.95144410355972020  0.96133506399200397
  0.97111945257566146  0.98105219677960953  0.99055589473848016  1.00000000000000000
 -0.00246240866830488  0.01773668533372048  0.03290943597421199  0.04571893299799854
  0.05745714850902250  0.06866414417009029  0.07903524806140404  0.08862051097271753
  0.09784307797321189  0.10692842684112486  0.11578178480252624  0.12416553800778860
  0.13243208732568645  0.14067733201247476  0.14920281921923703  0.15822643870533920
  0.16739966298593817  0.17652667072170825  0.18568201785157237  0.19405943613684690
  0.20229490518219742  0.21055548087671946  0.21861851867818122  0.22636324886916487
  0.23407383071484369  0.24199968110140160  0.25010630767797332  0.25820623145519017
  0.26630194768457105  0.27439083317248536  0.28265106259248951  0.29072182290647808
  0.29847886103158622  0.30613404436247560  0.31384638398292686  0.32182346426903774
  0.33013534440712566  0.33857233768828421  0.34737503791628832  0.35612501030447513
  0.36484081748760561  0.37350879221591610  0.38207296828383269  0.39057495070141718
  0.39887612551323443  0.40680813831719709  0.41482384286649671  0.42223058906045374
  0.42957502161960082  0.43705120653963103  0.44475079038967097  0.45248501366103328
  0.46040339435235927  0.46858459348243992  0.47694225537948925  0.48546730362718560
  0.49401598992925200  0.50222891858674001  0.51008451118045472  0.51800072457442170
  0.52641871053160016  0.53524892669677127  0.54409731072286371  0.55300695898692021
  0.56201362961587309  0.57110537012579621  0.58008441204383498  0.58880382526241459
  0.59770063999199496  0.60708437042952701  0.61704969335066351  0.62698619567556557
  0.63764232706884172  0.64853481299619586  0.65965517777688598  0.67072248000676471
  0.68147948516844714  0.69210498680932619  0.70257007532258031  0.71371716257394757
  0.72535120246175577  0.73783884619009232  0.75056990421616221  0.76303443188908504
  0.77495712168610786  0.78672052952920934  0.79858401955300173  0.81136263186185187
  0.82460107247385861  0.83821456974997033  0.85313936553626979  0.87039540173747987
  0.89133347949434782  0.91421643587376267  0.94363915121946895  1.00000000000000000
 -0.02026143645472536  0.13125536074295638  0.17941095385654787  0.21066879925003720
  0.23622455835522160  0.25766143166417194  0.27513779925476650  0.29148510767986086
  0.30717794962649525  0.32203334012478740  0.33540271347179951  0.34770372634494529
  0.35919274243786992  0.37013057132204857  0.38073356596743474  0.39077671600839231
  0.40026273699841081  0.40929151893425386  0.41825406757957889  0.42713864642410504
  0.43595348790376059  0.44451158298614901  0.45292087686185617  0.46146715462474741
  0.47001662313879028  0.47831579924773493  0.48627700308940325  0.49396610706185856
  0.50132048613891478  0.50865529241625695  0.51588885490186709  0.52315235087079837
  0.53043418359101679  0.53766684706943402  0.54494187268423422  0.55211534535087381
  0.55927886211089572  0.56597623014838694  0.57230559396787117  0.57841404451253742
  0.58439406569255870  0.59018884472181954  0.59602141953354915  0.60191254894757462
  0.60760783937584273  0.61313618748992960  0.61866551067892217  0.62419866331253215
  0.62963965030008218  0.63492437180217653  0.64014694402812011  0.64535928813269849
  0.65060825957909363  0.65580710792088914  0.66097786420394367  0.66621393272641083
  0.67156318089732048  0.67689783578141882  0.68217617480368864  0.68747019342098636
  0.69286674062608600  0.69837298571202533  0.70386502059622735  0.70925490167933369
  0.71461873126726871  0.72000788498122925  0.72540218057101535  0.73048444548426772
  0.73531323145721772  0.74017786599935864  0.74509861564083912  0.75018201494860615
  0.75555927275997259  0.76095061087621030  0.76652260402183880  0.77202419517798726
  0.77762700877929714  0.78323842764026519  0.78896594046816582  0.79489763670089975
  0.80097694693354149  0.80717379167140901  0.81363225974606490  0.82050582573944353
  0.82754200765981900  0.83477925876097725  0.84259745769191219  0.85070626431635643
  0.85909455066954099  0.86772919659769843  0.87711240209799313  0.88745867937510070
  0.89973877877567399  0.91645760617598149  0.94187495156466960  1.00000000000000000
   1.6079741394030846E-003  -1.0000000000000000     
 T T T T F F F F F F F F T T T T T T T T F F F F F F F F T T T T
  <DiscreteSampler_grid>
  grouped_processes
  1 # 1 for a reference and 2 for a running grid.
  10 # Attribute 'min_bin_probing_points' of the grid.
  1 # Attribute 'grid_mode' of the grid. 1=='default',2=='initialization'
  0.0000000000000000 # Attribute 'small_contrib_threshold' of the grid.
  0.5000000000000000 # Attribute 'damping_power' of the grid.
 # binID   n_entries weight   weight_sqr   abs_weight
    10   10   3.557931234206778E+008   1.282694183628835E+017   3.557931234206778E+008
    11   10   3.557931234206778E+008   1.282694183628835E+017   3.557931234206778E+008
  </DiscreteSampler_grid>
