 -0.00002816898081554  0.00076794720327666  0.00151969715130495  0.00220814839056686
  0.00287940282192454  0.00353534837710742  0.00414738956912034  0.00473388972578805
  0.00533177162922605  0.00592629683429997  0.00653037934328655  0.00717153268979623
  0.00788542088787057  0.00857816699203413  0.00929632137564812  0.00986344260664005
  0.01034379314267730  0.01083703985719044  0.01133866051777875  0.01185637729025404
  0.01239069652516852  0.01292591037090682  0.01350817484862537  0.01414781637303904
  0.01482708472455325  0.01562897244567006  0.01653026822538540  0.01747706179431729
  0.01826379530568238  0.01902020109162780  0.01974705483835646  0.02043671290978626
  0.02108788758397188  0.02175804070467774  0.02247201472514328  0.02325673706142169
  0.02404023735911829  0.02477946788562450  0.02546297881487848  0.02617863587440620
  0.02692846380277341  0.02788832650496050  0.02891033994933932  0.02982928131932567
  0.03064507597578212  0.03149257130914382  0.03229089282312015  0.03344251983262140
  0.03482638785321512  0.03633580515531511  0.03814665649816450  0.03967411088674913
  0.04094570609034342  0.04204907281283536  0.04320343422149200  0.04420575000123737
  0.04520916974778535  0.04618835074520924  0.04718493971975149  0.04820224768442422
  0.04914374342634471  0.04994910345434456  0.05068983996601195  0.05150211248083266
  0.05231642614310390  0.05317544372789106  0.05401655183254703  0.05478938311577916
  0.05638897668858479  0.05818811330961399  0.06016789611813406  0.06233542900393094
  0.06494552661002559  0.06779295402102994  0.07015078074105947  0.07193563762731497
  0.07345514100746678  0.07487691391047144  0.07626051275228289  0.07770253353033853
  0.07921706343794296  0.08075547728697441  0.08641418942189984  0.09097983685100262
  0.09706966212753625  0.10138538296512117  0.10598734978043695  0.11099789471190226
  0.11648948674262800  0.12365207381378204  0.13111538331557157  0.13665625202396775
  0.14132147828000863  0.17726791005105291  0.42486424234617803  1.00000000000000000
 -0.00179262524162608  0.00787022798507207  0.01584867272698217  0.02552612748358606
  0.03617656565243125  0.04975303951735306  0.06758987138295781  0.08013670812733951
  0.09161416623351232  0.10241515216418635  0.11320263270056644  0.12500297964177917
  0.13776739251769354  0.14900607830827234  0.16153708760572402  0.17206804110735649
  0.18200835345769298  0.19124394889294521  0.19995637761801194  0.20892648378481923
  0.21821988649537638  0.22803500679095220  0.23813399712359287  0.24839483463256384
  0.25979015839751685  0.27212556196946175  0.28244934307734171  0.29202999616075265
  0.30124396925866426  0.31198303154348173  0.32303069806777041  0.33486362530409025
  0.34592949394622735  0.35704324846625696  0.36774911711020269  0.37782793335621512
  0.38805468158555440  0.39846709894284327  0.40902012324952414  0.41870611770415145
  0.42843452496323442  0.43998573442505395  0.45327197593899438  0.46641874676914102
  0.47740155655981947  0.48782408325773308  0.49796915067907610  0.50826041074431050
  0.51894481095280720  0.53048572438239083  0.54372680587335176  0.55599610516378772
  0.56647487913575290  0.57453148107545970  0.58292186653662059  0.59074568267501137
  0.59820408624753185  0.60451176784379268  0.61032061532225501  0.61687614120665102
  0.62523672328622937  0.63475109445498601  0.64478723462570353  0.65627085694686893
  0.66936856683121437  0.68343369587382730  0.69841712295721181  0.71155163770592078
  0.72049843313063089  0.72898573679539835  0.73684332612596315  0.74463835944122614
  0.75282355976798399  0.76050670029891210  0.76706137435818311  0.77369136333153410
  0.78151701867693635  0.79136878431520641  0.80269685393352719  0.81584189981863042
  0.82988692405225084  0.84395663072624338  0.85737565676746741  0.86877535981272969
  0.87937699655530743  0.88959230885040586  0.89932825539919392  0.90931944683774335
  0.92146165175474060  0.93479234890721052  0.94755228755731302  0.95981294403464557
  0.97115240461603414  0.98137754909847730  0.99049979636813645  1.00000000000000000
 -0.00583225173504393  0.07949278864095395  0.14011513959985764  0.18895315441140678
  0.22711559047713631  0.25673580562945131  0.28522198387121034  0.31634538802575757
  0.34166151919897908  0.36300886966943535  0.38739551072504858  0.41100939954801741
  0.43242775798969113  0.44871278679020654  0.46386778951866042  0.47837323278663657
  0.49215699432862930  0.50570035861002938  0.51996323412705014  0.53488676509285848
  0.54879225321717418  0.56110181555665084  0.57334128163028442  0.58649771086282232
  0.60169260687355863  0.61460282159905166  0.62660544672098428  0.63823510716430432
  0.64859886497090979  0.65883193674246010  0.66884468221642301  0.68070420654034280
  0.69087275195882547  0.70038301650421086  0.70840033197156060  0.71501056417675146
  0.72102932544005971  0.72713158865256544  0.73325319155560520  0.73948463864877634
  0.74513695436741778  0.75077207757174036  0.75639049788996016  0.76168775583529791
  0.76708049446445759  0.77312526169795226  0.78018620941295991  0.78734850802342538
  0.79322540303663969  0.79988593887038195  0.80535801524385919  0.81015889843219402
  0.81471619114963312  0.82013911711795817  0.82538294890360298  0.83051525387534220
  0.83552963494647592  0.84124076364860445  0.84823112497122644  0.85322985964572251
  0.85737299823930735  0.86112593486719047  0.86465481746139239  0.86813765175488078
  0.87189035287062722  0.87545159554123442  0.87885988214560373  0.88212309685745083
  0.88532543213033399  0.88855567801251578  0.89192060368759118  0.89540215818770297
  0.89871737025772369  0.90205022718975747  0.90524871283496988  0.90847363045193597
  0.91204923794709036  0.91575706212554575  0.91927796751086088  0.92253897672627105
  0.92571768601617210  0.92900182118672536  0.93232229988999304  0.93551976905917644
  0.93864655079542503  0.94185883818748639  0.94529743947631795  0.94875118837097960
  0.95197115059174586  0.95533491521996017  0.95886941221068145  0.96297514197077982
  0.96836474130312966  0.97430210050135635  0.98157651420641201  1.00000000000000000
 -0.01660240330164487  0.10460790066448690  0.14709432640850670  0.17073368320762994
  0.18953378963058060  0.20514438676540281  0.21782005271065158  0.22842125677717823
  0.23819310034309588  0.24817489241040103  0.25797513378515952  0.26762025146124374
  0.27645067803807050  0.28519969707192239  0.29315102179605723  0.30064867022457142
  0.30756483380004213  0.31446256889217883  0.32201331491004581  0.32966639149971577
  0.33642618459547846  0.34218986059492745  0.34745083318514586  0.35297504686541298
  0.35863015479712779  0.36435575537184961  0.37022075127571036  0.37609961843078460
  0.38174578869019271  0.38697839014207913  0.39194382206322792  0.39691803255695807
  0.40194158303495692  0.40686407894212501  0.41146215719860213  0.41576336292983673
  0.42034044140147470  0.42425429294811251  0.42898620025409728  0.43400073491852298
  0.43943411016922496  0.44547553280444879  0.45116569664111367  0.45703505229355373
  0.46307152328202317  0.46927482020417310  0.47556960049296976  0.48209014551900492
  0.48858134691820887  0.49500283318123495  0.50146638272003341  0.50830171449709560
  0.51501311931310989  0.52071309322223636  0.52591325589487126  0.53079207977597687
  0.53585571449325420  0.54063002509304259  0.54524877707255726  0.55000260596611394
  0.55504028356378543  0.56061043938975652  0.56619936417543615  0.57176520163750910
  0.57752219915972069  0.58344469307971625  0.58878440619752936  0.59401919429642791
  0.59923327067680510  0.60538128258382851  0.61249261493255291  0.61977288446643608
  0.62699825317333779  0.63412685233182053  0.64123696417449438  0.64856172413226210
  0.65587137333642487  0.66328344925691596  0.67101580000996308  0.67889933726178786
  0.68652843474969483  0.69395944015319955  0.70139545518537183  0.71006786650095788
  0.72096669259704882  0.73298479533411731  0.74343106130271663  0.75438292361551873
  0.76611662815801840  0.77744690980965203  0.78926435269785578  0.80637287498735044
  0.82925482568177167  0.85739298420483945  0.89175800406004613  1.00000000000000000
   1.1688078245659036E-011  -1.0000000000000000     
 F F F F F F F F F T T T T T T T T T T T T T T T T T T T T T T T T T T T F F F F F F F F F T T T T T T T T T T T T T T T T T T T T T T T T T T T
  <DiscreteSampler_grid>
  grouped_processes
  1 # 1 for a reference and 2 for a running grid.
  10 # Attribute 'min_bin_probing_points' of the grid.
  1 # Attribute 'grid_mode' of the grid. 1=='default',2=='initialization'
  0.0000000000000000 # Attribute 'small_contrib_threshold' of the grid.
  0.5000000000000000 # Attribute 'damping_power' of the grid.
 # binID   n_entries weight   weight_sqr   abs_weight
    10   10   8.609284962139907E+002   4.949812941258027E+006   8.609284962139907E+002
    11   10   8.609284962139907E+002   4.949812941258027E+006   8.609284962139907E+002
  </DiscreteSampler_grid>
