 -0.00004024475283631  0.00078106565145354  0.00144176129773254  0.00204137064315199
  0.00258278980682130  0.00308813934255255  0.00358377471623381  0.00405114150742100
  0.00451334572524147  0.00499576059743098  0.00549311036583126  0.00596304784505954
  0.00639645434448181  0.00679235099972641  0.00717685720687767  0.00758246767794849
  0.00799549803003696  0.00840805775369756  0.00878027505998137  0.00914763959264590
  0.00951043318191877  0.00991010679434515  0.01032358456249727  0.01073267269922105
  0.01113639581933838  0.01154340413453959  0.01199224424310147  0.01247383982935443
  0.01293939289355856  0.01339905763279953  0.01385434206805835  0.01429771443377102
  0.01474222582042822  0.01519555447238153  0.01565960795892656  0.01614428676191865
  0.01667320170959795  0.01722237499419116  0.01777660312873590  0.01830626691935259
  0.01883423305842125  0.01932433460009868  0.01983351620542039  0.02039386391113160
  0.02099279177560602  0.02164551411319444  0.02235300436590982  0.02305427234604978
  0.02366510558343714  0.02423325278999287  0.02481485407965894  0.02546277300651492
  0.02635328254947090  0.02735846519149612  0.02850822359960812  0.03002270319236773
  0.03162657139384953  0.03321769069741157  0.03463758832250578  0.03590677272457631
  0.03728704579284243  0.03856004664530313  0.03976108860109765  0.04091555087682824
  0.04153119854773280  0.04231447689243197  0.04327315982699813  0.04424878052154727
  0.04516625169397716  0.04603286412091569  0.04694459376081397  0.04770825934714999
  0.04838185311750107  0.04905390351763543  0.04966617951249321  0.05052542825680963
  0.05169491730073633  0.05309130521876866  0.05454858202134481  0.05598776210532763
  0.05739900715877167  0.05867397057280255  0.05965633753976800  0.06036112441825061
  0.06119390171790002  0.06278717077795741  0.06639715100736307  0.07052817960744029
  0.07359317606780293  0.07592559746393747  0.07802366749775824  0.08076842300333338
  0.08321665303797939  0.08594799272847863  0.19783865597611477  1.00000000000000000
 -0.00211559559448312  0.00915727945551618  0.01859534880822648  0.02856361019380161
  0.03812761523302766  0.04750687407081837  0.05674228139766456  0.06595774590224945
  0.07561624899827382  0.08568502101725628  0.09596607763093637  0.10713060385522497
  0.11792799024428485  0.12726703204509640  0.13712263259571766  0.14700121063940752
  0.15729595913308095  0.16815533830897431  0.18068570845456644  0.19166681257391868
  0.20317700077356327  0.21520941181420788  0.22678874623770975  0.23675693956833693
  0.24568760678673995  0.25503742950508779  0.26489420268158487  0.27473828996921190
  0.28521053806015223  0.29642170514300731  0.30799119465953229  0.31977794832457729
  0.33204911720434033  0.34422244377295924  0.35604679185615112  0.36774618254128383
  0.37920290767475906  0.38997513181948401  0.39951736009832273  0.40821641991089502
  0.41742416740326804  0.42726611966570194  0.43799963817839027  0.45047660693521713
  0.46158109239756456  0.47357366254329997  0.48516118151796467  0.49730475781896660
  0.51037111092043952  0.52229481860255589  0.53224141450943974  0.54123523758229009
  0.55153939119545403  0.56184801062930068  0.57213850948258149  0.58270918959603046
  0.59187749986712634  0.60006010765803741  0.60840545666255674  0.61690553638992518
  0.62464764338864343  0.63306108306628384  0.64233955156841416  0.65322633324834711
  0.66477849741100425  0.67493084759548683  0.68424669612802524  0.69349865314954606
  0.70302614548307074  0.71269694686634233  0.72205151356675901  0.73124372148681316
  0.74034265184654080  0.74952897233193805  0.75877054978850456  0.76939574136385702
  0.78057269824770914  0.79253460365201944  0.80457259761270916  0.81614290983892268
  0.82950335869220504  0.84119513099732968  0.85315978128153902  0.86541556784238560
  0.88087153657769335  0.89435041967169737  0.90557517192516590  0.91517108410073678
  0.92396337321358923  0.93372744851100142  0.94380842969984580  0.95413780477462540
  0.96434092275730909  0.97411653309493540  0.98598631150317817  1.00000000000000000
 -0.01186866932892322  0.13283515349618025  0.20846587804613503  0.26214621008626748
  0.30453283574928791  0.34105641048322977  0.37378721219281369  0.40173095677875748
  0.42562594257621644  0.44763824521590528  0.46894067128805322  0.48896652062979240
  0.50990051921982082  0.52959065807029537  0.54676845737486823  0.56257601147388403
  0.57681665393687109  0.59019781163202600  0.60334012278374172  0.61487465916450124
  0.62666600498762959  0.63675747003654015  0.64667893262187481  0.65588640900285389
  0.66434204372568773  0.67239395635172894  0.68081348164363420  0.68899893045234917
  0.69671796667148922  0.70383610920932849  0.71088060717369628  0.71704337496802806
  0.72317185696446962  0.72955108040679462  0.73600778841096171  0.74249546771572339
  0.74881433646423123  0.75507721978438502  0.76137064197041782  0.76744148338347240
  0.77302951513475437  0.77838714305178747  0.78355634403890750  0.78867993964664507
  0.79380062461962331  0.79880149089160357  0.80353393359124481  0.80807924271534004
  0.81269741368749748  0.81753219615296924  0.82273089680697586  0.82799841444573352
  0.83333140028257557  0.83815236707006913  0.84234803103251032  0.84613322710121930
  0.84962496684209776  0.85306671742981277  0.85646007279664838  0.86021359886146054
  0.86416585030750892  0.86813745741117598  0.87208835430982834  0.87608368123523572
  0.87959582037387118  0.88295939379661359  0.88647540219759369  0.88986201170197321
  0.89324076844535460  0.89649475203405438  0.89960676461972089  0.90274669360152571
  0.90579562579656792  0.90870090782801649  0.91161305580071039  0.91459160428003117
  0.91754166710159124  0.92055284091307155  0.92398771961364823  0.92725473657129043
  0.93028272250680288  0.93294158382790948  0.93546736759232862  0.93800546686010311
  0.94065802599741433  0.94347685521287716  0.94635337039177247  0.94951126879676528
  0.95263275977542172  0.95546919956502485  0.95849883405796543  0.96271350998548155
  0.96773614298089583  0.97369209522605193  0.98291746218694376  1.00000000000000000
 -0.01981858362151260  0.13005369593269009  0.17661369842893071  0.20521784872625271
  0.22829886884684025  0.25016070361932174  0.26823219956436106  0.28237995837243174
  0.29406440099511705  0.30509342552974694  0.31694887057333537  0.32910393811406319
  0.34121896269970231  0.35350207553752816  0.36484710921011448  0.37509175500965719
  0.38477793180559144  0.39382955143774306  0.40189861684266326  0.40929804443383150
  0.41669536106485822  0.42344289807945185  0.43083796800443047  0.43769996078935891
  0.44504452147368456  0.45282565103601558  0.46086454454712539  0.46879578841881120
  0.47613073330077288  0.48303533694985651  0.48965081023712936  0.49617903258410961
  0.50281315262110871  0.50888330401339288  0.51457303794425724  0.51966638117483088
  0.52486748847647724  0.53034471743865308  0.53578501686660673  0.54108570419645963
  0.54665358097620753  0.55255126436419943  0.55821506388659614  0.56348036586992645
  0.56819957195205484  0.57276388233631281  0.57704582416018790  0.58149923523499059
  0.58633263791859846  0.59142977856844992  0.59702325960863989  0.60215359642606092
  0.60677153840300457  0.61096352521420938  0.61489302123863376  0.61881526094357420
  0.62293550683775378  0.62811410564542935  0.63421039455191530  0.63984749439563460
  0.64521908500612335  0.65039724642911367  0.65565741549093448  0.66102303733513512
  0.66684185703959920  0.67397484772370819  0.68056995325850833  0.68666591173856051
  0.69226455087697680  0.69769508673952985  0.70333238160198552  0.70880941526594887
  0.71404775952333144  0.71924978620719549  0.72466524920085684  0.73040838731062296
  0.73615549641628497  0.74152972441170761  0.74660542271545127  0.75198760526015596
  0.75761412567707931  0.76330609217383316  0.76927567440416744  0.77587801444207671
  0.78269364718488732  0.78941800398856754  0.79694888004094511  0.80513838135896110
  0.81353638674408546  0.82244629427115157  0.83266756301723244  0.84688380133345098
  0.86370488719863825  0.88374737227759204  0.91757685674253042  1.00000000000000000
   4.5576176120087442E-042  -1.0000000000000000     
 F F F F F F F F F F F F F F F F F F T T T T T T T T T T T T T T T T T T F F F F F F F F F F F F F F F F F F T T T T T T T T T T T T T T T T T T
  <DiscreteSampler_grid>
  grouped_processes
  1 # 1 for a reference and 2 for a running grid.
  10 # Attribute 'min_bin_probing_points' of the grid.
  1 # Attribute 'grid_mode' of the grid. 1=='default',2=='initialization'
  0.0000000000000000 # Attribute 'small_contrib_threshold' of the grid.
  0.5000000000000000 # Attribute 'damping_power' of the grid.
 # binID   n_entries weight   weight_sqr   abs_weight
    10   10   8.559494110791487E-030   4.851547381228732E-058   8.559494110791487E-030
    11   10   8.559494110791487E-030   4.851547381228732E-058   8.559494110791487E-030
  </DiscreteSampler_grid>
