 -0.00002631233505592  0.00031355000568828  0.00058820976212000  0.00087967594957748
  0.00116024052492444  0.00144038901459729  0.00171747617908535  0.00197183568300494
  0.00221865517094206  0.00246708700397490  0.00273423953821930  0.00298903281950945
  0.00325440913797423  0.00351014733083942  0.00375351434343041  0.00399821567964295
  0.00423610231589834  0.00446169721836001  0.00469966790594067  0.00495374807134381
  0.00522480601939779  0.00550349726164458  0.00579764092253525  0.00609915379571132
  0.00639944976948840  0.00667100132422325  0.00695341369007408  0.00717031625766450
  0.00736294851118733  0.00755571936002221  0.00774177283965809  0.00792224554487263
  0.00812031802871718  0.00832922195853198  0.00855205049492753  0.00877033896216716
  0.00897838910551680  0.00917862643259253  0.00937447283602758  0.00958701445970067
  0.00986942215674185  0.01017563713462586  0.01046974475158818  0.01071933580325270
  0.01095441202634002  0.01120234301238715  0.01145183440074908  0.01166600799342452
  0.01189653468935435  0.01214414039690052  0.01239151394491494  0.01263513873265278
  0.01286327513722081  0.01308323646616303  0.01330378784332509  0.01353027786520736
  0.01376387484859178  0.01403080464252082  0.01434913628464832  0.01473729116183669
  0.01523393927822479  0.01570296052900272  0.01616552304275469  0.01669514894558235
  0.01731684008501815  0.01785044678989410  0.01847098152614456  0.01927917983140884
  0.02033778743952889  0.02163104427224585  0.02292826531869843  0.02423319043523201
  0.02535352178476600  0.02627677880338085  0.02736850783364200  0.02842592727844629
  0.02923346541435937  0.03030388939330722  0.03294518219662146  0.03558647499993570
  0.03926388580092700  0.04346094229346839  0.04762134859939361  0.05056598891002015
  0.05351062922064669  0.05673836246924852  0.05980781725737821  0.06246484065612672
  0.06627694257215874  0.07087895216902865  0.07699059271070445  0.08295284396181953
  0.08875830050680582  0.09587687188560017  0.38831693142388884  1.00000000000000000
 -0.00233423971727981  0.00997193449033271  0.01999578653644830  0.03163963520051219
  0.04268717468754479  0.05553454609809406  0.06972905370950548  0.08493368852703830
  0.09984948558478589  0.11452367609733785  0.12922348148971285  0.13918397508143443
  0.15147228032032617  0.16233618668713048  0.17340878548212926  0.18435720838445779
  0.19655957853820552  0.20971029151784804  0.22193166649557330  0.23424461227771162
  0.24721232356761874  0.25874793580481603  0.27152162602266289  0.28287683974712591
  0.29285565040709655  0.30292733673407241  0.31458561093630377  0.32551011086859521
  0.33512712015071994  0.34396376024404196  0.35375197521043378  0.36372777603142820
  0.37327059898289644  0.38312213468547640  0.39362697418428844  0.40556074913462620
  0.41806874085876244  0.43002636342908740  0.44380401379668605  0.45661778569186245
  0.46788372991856542  0.47851621408402023  0.48676692781086356  0.49522093531459105
  0.50419426532036837  0.51276932104034756  0.52038764674303484  0.52558881651765255
  0.53170711739292675  0.53891083258690764  0.54568479981059426  0.55227377473336214
  0.56005636390470914  0.56936330302596450  0.57663446368556681  0.58310170144845264
  0.59169133716981892  0.60286023131428845  0.61678447817775006  0.62916895402487150
  0.63853796018865794  0.64755064938654261  0.65721674666456931  0.66817977213789015
  0.67982215151788894  0.69148775991827205  0.70248606894433230  0.71257336851069464
  0.72216083811778586  0.73094885138794030  0.73899168494278744  0.74600051492886799
  0.75220693154823004  0.75905470151930809  0.76690084025650751  0.77630930514808905
  0.78788390842567524  0.80006020575063119  0.81251637680256261  0.82399547586311783
  0.83492483553808705  0.84483327373669725  0.85337717874584906  0.86185857814871580
  0.86952983115841975  0.87967770388527411  0.89260659959509048  0.90479634795970842
  0.91410881418025358  0.92487701019875057  0.93587274599776715  0.94704670647859579
  0.95922985705584751  0.97183228264132704  0.98552976963240635  1.00000000000000000
 -0.01378971272309039  0.12250147108597725  0.20366352634677529  0.26851436933805095
  0.32412088027776159  0.37098955086282331  0.41401237769990223  0.45454149346178052
  0.48898378546508542  0.52107843577197055  0.55101054789050341  0.57815870442185446
  0.60263907193863109  0.62442374288628466  0.64428661266500142  0.66327429408564620
  0.68057380593604255  0.69651143614693012  0.71123418355932211  0.72606485791913011
  0.73969637653808473  0.75132245429511069  0.76104730024676248  0.77047043153195438
  0.77914945088866228  0.78718750277771821  0.79491509806979110  0.80284057537694997
  0.81091620746358262  0.81881529319164803  0.82643776184798989  0.83333918104864735
  0.83920395419740512  0.84498835121531657  0.85089567612179373  0.85683141479085490
  0.86265596866036687  0.86812793369787111  0.87299948379236747  0.87721254028118101
  0.88102998330265447  0.88461409321325479  0.88821821830730441  0.89175653795347687
  0.89506386011907546  0.89898904453363893  0.90305818717712838  0.90713525124536942
  0.91107052332354654  0.91486865684934437  0.91802839437470629  0.92018888290320378
  0.92241602212039564  0.92474675763491165  0.92706086491281603  0.92935490686122413
  0.93167878120143621  0.93412562744147065  0.93662800504537547  0.93893422296148588
  0.94106791258549616  0.94297667943537022  0.94463621379818208  0.94621093258643874
  0.94780005479150897  0.94940659827203955  0.95099136326334122  0.95267835250400967
  0.95443196011101783  0.95605064670537687  0.95758160544719739  0.95903326160300195
  0.96047397367286280  0.96191836880300963  0.96337173505466722  0.96486964006334131
  0.96661423669201130  0.96824734133093160  0.96984354781413384  0.97142211393735156
  0.97293446248480042  0.97437686724124539  0.97579792658100362  0.97720054480767682
  0.97867453356825773  0.98020083698721971  0.98185154159330679  0.98348065533395834
  0.98510301040050041  0.98673690492612220  0.98838068631277831  0.99003433432089150
  0.99175132286774381  0.99371914501874870  0.99619642669020281  1.00000000000000000
 -0.01608842181780198  0.09799991096822171  0.14050362161565227  0.16846712735864858
  0.18954890872688876  0.20377588520743395  0.21431756088744947  0.22428651707154804
  0.23492029613553495  0.24715474065200566  0.26078152311479985  0.27424695242753150
  0.28561012869093333  0.29562597545813174  0.30468221995685513  0.31274970128097013
  0.31957875421962589  0.32619088393973195  0.33301768131919185  0.34103067679530957
  0.34935785673879161  0.35758581012970736  0.36515009415740685  0.37296770763766551
  0.38051025889422951  0.38820393651081087  0.39608016230490928  0.40397906143830886
  0.41162660350029290  0.41834684921606552  0.42437236420873159  0.43006117857256443
  0.43558979289607352  0.44061194814070831  0.44541338493919813  0.45058025941434787
  0.45601928719141799  0.46158297239490020  0.46684002753419424  0.47229493264491740
  0.47783132719420407  0.48348822535870256  0.48945460206282271  0.49539383495110256
  0.50080210994844987  0.50579895390709051  0.51071514749583136  0.51582865021991930
  0.52176715806207530  0.52846394486814108  0.53515594354630591  0.54121936410968108
  0.54736689938703553  0.55349414179831591  0.55972579331800953  0.56608746248256092
  0.57158523648859738  0.57734535513246377  0.58158416799173318  0.58560255338970468
  0.58962346257289411  0.59370428218944171  0.59787656675558587  0.60186364026389527
  0.60594605194992823  0.61069905974892347  0.61633577134092454  0.62237989819682893
  0.62995958726953705  0.63825627552075670  0.64494468928152404  0.65113914901537417
  0.65742437966210521  0.66416612831036270  0.67182256612947822  0.67995395253454749
  0.68761300578350681  0.69550177527614632  0.70381333471696550  0.71307786080699698
  0.72127876298524796  0.73007800155857905  0.74006361794843001  0.75249804285410737
  0.76265474251232190  0.77108334182797211  0.77850042755990656  0.78701949225531798
  0.79681441797285768  0.80615052580718882  0.81464822067565656  0.82366259423998200
  0.83620632261368810  0.85501622031020619  0.89512434383528594  1.00000000000000000
   5.6045650069852436E-012  -1.0000000000000000     
 F F F F F F F F F T T T T T T T T T T T T T T T T T T T T T T T T T T T F F F F F F F F F T T T T T T T T T T T T T T T T T T T T T T T T T T T
  <DiscreteSampler_grid>
  grouped_processes
  1 # 1 for a reference and 2 for a running grid.
  10 # Attribute 'min_bin_probing_points' of the grid.
  1 # Attribute 'grid_mode' of the grid. 1=='default',2=='initialization'
  0.0000000000000000 # Attribute 'small_contrib_threshold' of the grid.
  0.5000000000000000 # Attribute 'damping_power' of the grid.
 # binID   n_entries weight   weight_sqr   abs_weight
    10   10   8.957689686541526E-001   3.465621301413114E+000   8.957689686541526E-001
    11   10   8.957689686541526E-001   3.465621301413114E+000   8.957689686541526E-001
    16   10   8.957689686541531E-001   3.465621301413118E+000   8.957689686541531E-001
    17   10   8.957689686541531E-001   3.465621301413118E+000   8.957689686541531E-001
  </DiscreteSampler_grid>
