 -0.00002985564522728  0.00062402297821864  0.00118403372128745  0.00173438935459248
  0.00229950633070857  0.00280975464693048  0.00331555984666551  0.00381878049384528
  0.00434098051836012  0.00487025103690289  0.00535710315635011  0.00581269874017191
  0.00624202435969849  0.00667836815715416  0.00716447009787680  0.00766615210637729
  0.00820298348573518  0.00871634630201774  0.00926798395574509  0.00978386191798025
  0.01027549624437430  0.01078182244048543  0.01140677090926992  0.01192788055296544
  0.01240812446915630  0.01290577117900499  0.01340168090299149  0.01392026385215709
  0.01444934921220228  0.01494326554152009  0.01540757633951304  0.01584527037844904
  0.01635359846027587  0.01688923993136363  0.01739092828815520  0.01785139223850533
  0.01829392596912169  0.01873286787305181  0.01915924692297608  0.01961507316776607
  0.02018074145763177  0.02079925158869822  0.02140144421080445  0.02197895811343244
  0.02252362876716275  0.02305814050920666  0.02362608087576133  0.02428720431936742
  0.02507686411184079  0.02594713330507091  0.02676432613242609  0.02756091474984422
  0.02835899462491787  0.02918578537357591  0.03005867744220677  0.03092944386509632
  0.03185330045460055  0.03267356743113478  0.03344725907203461  0.03421172447154173
  0.03497967519754445  0.03575157515273827  0.03650774783189300  0.03699881932080767
  0.03740072605329686  0.03800422506438325  0.03869540987974223  0.03932214698900572
  0.03986014370979318  0.04036638395816831  0.04102487016790215  0.04179208249583012
  0.04264868064498602  0.04323165750618705  0.04395833507238756  0.04460560850832221
  0.04537463497147837  0.04603088332951635  0.04650971739711950  0.04689463648083548
  0.04723899237633505  0.04757983426323394  0.04793939202227028  0.04834437976114307
  0.04881105840981403  0.04927960218853893  0.04988671163034938  0.05064886432956230
  0.05174796466977307  0.05330890921871811  0.05530342581729854  0.05717604731542024
  0.05993802007439035  0.06542473015521968  0.10403841299555701  1.00000000000000000
 -0.00131153383176961  0.00736543573908670  0.01369045432722619  0.01973455623389572
  0.02616585173145129  0.03332314194842650  0.04029337278509376  0.05164535545489810
  0.06430314392287195  0.07769931985693339  0.08857762570738943  0.09838912589842333
  0.10849339260141182  0.11717973657542421  0.12508199871300685  0.13327746051845216
  0.14116042902748793  0.15198549328158445  0.16603321069614727  0.17677071472130151
  0.18840937732920460  0.20129224970121762  0.21329011405857359  0.22288282512498764
  0.23147751899716440  0.24111361347985166  0.25000868578508645  0.25850851944735803
  0.26677592361272928  0.27887418184164420  0.29311409773865060  0.30693802181490010
  0.31984613784951604  0.33194805912393061  0.34240626123420859  0.35237775174880598
  0.36199456986571427  0.37159001395284108  0.38216847297130918  0.39336576271905160
  0.40364580280774282  0.41300940743224024  0.42352139585749593  0.43553657475703478
  0.44729442823623028  0.45803479859394852  0.46872216580910642  0.47943752485190105
  0.49126285566927386  0.50287478830389043  0.51287824372445223  0.52296614479102044
  0.53449517472507957  0.54702588755495452  0.55915595982006205  0.57012737351090315
  0.57952994539357094  0.58962770622522143  0.60017660197127931  0.61016667641855016
  0.62600914189898793  0.64174290136499024  0.64939035670411505  0.65495436677647612
  0.66157694593674821  0.66873737930218047  0.67562604844218199  0.68190539646770543
  0.68788051315358800  0.69388619948423425  0.70083400168177001  0.71007375188137734
  0.72206751059154450  0.73592759159301857  0.74994179036990183  0.76382620046970473
  0.77724577294474140  0.78981518774058468  0.80155365576734761  0.81292504987441649
  0.82400080583646607  0.83516090269981813  0.84625598608173247  0.85745660569970417
  0.86870651905664764  0.88068328241348404  0.89276766270052199  0.90400806191660621
  0.91512546622152924  0.92601894341269697  0.93707511584343695  0.94774872231571383
  0.95910176977019890  0.97171126858030044  0.98573807467808416  1.00000000000000000
 -0.00647558008364645  0.07467582836435914  0.12698244786755522  0.17005491497056927
  0.20885490120264641  0.24466887362509782  0.27647361850216540  0.30535274734040979
  0.32871524570798016  0.34906302136648421  0.36731898897899068  0.38634064704489701
  0.40560068863106591  0.42429218733475599  0.44250265524431520  0.46029378558491441
  0.47850106005536863  0.49585425166766373  0.51081760465213266  0.52538538868860385
  0.53887373681536499  0.55218633132565698  0.56519701846298753  0.57709893572628790
  0.58738949273503871  0.59628935852159659  0.60446284263256789  0.61339036822927062
  0.62230794927975286  0.63281584910366950  0.64262443237211542  0.65293935085438348
  0.66369930429129553  0.67283965985833538  0.68235253159960840  0.69111031764001662
  0.69931721208403175  0.70637305313284826  0.71296857940583613  0.71932227672284854
  0.72543912740594518  0.73169043300223802  0.73797777662650632  0.74433104556583785
  0.75112457566538338  0.75857921505949044  0.76806787586780478  0.77328761145155667
  0.77703467687810812  0.78093016854360631  0.78513678800452680  0.78983299799620854
  0.79418906620606255  0.79825838167613350  0.80185212961090513  0.80578591042746206
  0.81008089809040451  0.81433790214822810  0.81842681962719332  0.82241786899200875
  0.82634807838909741  0.82998342186793606  0.83327437692512951  0.83689560436457111
  0.84084233958200405  0.84506433103117473  0.84948671169532375  0.85409522635638013
  0.85915366771091595  0.86407407356072274  0.86868836914370828  0.87308688335052009
  0.87722184518709800  0.88113545353855149  0.88527729354733908  0.88908042702934098
  0.89331944973052524  0.89688565638859619  0.89996800990990722  0.90306534170947672
  0.90607064399499182  0.90883631059950010  0.91149192393531453  0.91453078680223499
  0.91796123715533240  0.92127206289464458  0.92475409900940475  0.92797164161671208
  0.93102605355915402  0.93422405634968675  0.93786722772162234  0.94228984030001395
  0.94752067816772823  0.95386410239387598  0.96576752512600228  1.00000000000000000
 -0.02296197401046538  0.14230982194270816  0.17848004208947457  0.20123046838243186
  0.21997849846542936  0.23621919050614831  0.25284317558794900  0.26417468608960670
  0.27302980959973100  0.28057179932695542  0.28813931911818053  0.29556091120131001
  0.30296063717702076  0.31009847236311006  0.31725794942256108  0.32463723987231952
  0.33214367823013502  0.33981444095837254  0.34807535980044879  0.35632238123773785
  0.36197202539298512  0.36740381675977041  0.37251306052969185  0.37675944356040236
  0.38055871703746247  0.38436533191217215  0.38865917467849254  0.39338721022729228
  0.39777693577560719  0.40144907528436241  0.40507286688245575  0.40838355651982616
  0.41166372576130478  0.41483246343442298  0.41831077839310304  0.42219037707249707
  0.42611637880227721  0.42966799587623405  0.43326237855477401  0.43732264791493686
  0.44198364985643079  0.44620571405256204  0.45015119046872598  0.45377139635663377
  0.45758980661863807  0.46250534701344115  0.46820943353555311  0.47375024983679770
  0.47873328783179936  0.48353259391102210  0.48846375310811668  0.49372542020165283
  0.49967890559553407  0.50654197833834080  0.51351759879305803  0.52023581200946045
  0.52656448672216372  0.53254523447821012  0.53810178013296761  0.54353486401882012
  0.54919991673399615  0.55544683838216902  0.56214861636512303  0.56917650763344418
  0.57619699233290178  0.58263131693703984  0.58846517198398307  0.59391027750974523
  0.59948348630203674  0.60521035020712155  0.61023053031631647  0.61517042674515954
  0.62048530006900182  0.62578608283597037  0.63252601417026877  0.63952618878681300
  0.64650706078824993  0.65383522202823374  0.66112419069210526  0.66844839241587506
  0.67583413951245641  0.68326701400774692  0.69116660934241259  0.70036483752328449
  0.71022113763860617  0.71862474272948929  0.72712835813879995  0.73696121244513901
  0.74776212063225145  0.75757716617555593  0.76668032660401464  0.77956569613288729
  0.79777817471444756  0.82332531080603111  0.86620624061830032  1.00000000000000000
   8.4460567640569125E-012  -1.0000000000000000     
 F F F F F F F F F T T T T T T T T T T T T T T T T T T T T T T T T T T T F F F F F F F F F T T T T T T T T T T T T T T T T T T T T T T T T T T T
  <DiscreteSampler_grid>
  grouped_processes
  1 # 1 for a reference and 2 for a running grid.
  10 # Attribute 'min_bin_probing_points' of the grid.
  1 # Attribute 'grid_mode' of the grid. 1=='default',2=='initialization'
  0.0000000000000000 # Attribute 'small_contrib_threshold' of the grid.
  0.5000000000000000 # Attribute 'damping_power' of the grid.
 # binID   n_entries weight   weight_sqr   abs_weight
    10   10   1.521464280900114E+002   5.256412661824519E+004   1.521464280900114E+002
    11   10   1.521464280900114E+002   5.256412661824519E+004   1.521464280900114E+002
  </DiscreteSampler_grid>
