 -0.00002979562206703  0.00040859995357510  0.00074827106170626  0.00107358988860536
  0.00138704140604870  0.00169464088686729  0.00201267170536251  0.00234030878690891
  0.00264734165357808  0.00294152481687976  0.00324205232162802  0.00355974440153836
  0.00388982142462881  0.00423689553942554  0.00459487395721893  0.00493143113764596
  0.00525290902260792  0.00556020674055796  0.00583814023901034  0.00611631676256616
  0.00638738961789170  0.00666797818494463  0.00698554672860700  0.00730644828915902
  0.00758795016004029  0.00785874344479955  0.00813192450987794  0.00840997860485105
  0.00867073787491186  0.00894552706096480  0.00919290482475164  0.00944993646909767
  0.00974303813827127  0.01007149679694551  0.01039413444749545  0.01071811787197593
  0.01106723138486316  0.01144522043118410  0.01187775676577175  0.01242398096293097
  0.01296033054396046  0.01337330767489099  0.01368486979552829  0.01398636791529687
  0.01430477667406728  0.01465791545141222  0.01503134430633073  0.01541010808578577
  0.01578918614715052  0.01616695752474561  0.01654843314574433  0.01694144082639330
  0.01735873851746334  0.01775297365259413  0.01818116312915834  0.01885011844143242
  0.01955941039570740  0.02014229564480713  0.02068172585088858  0.02141516499949016
  0.02232570923338321  0.02335971219971323  0.02456433954582839  0.02534875614469086
  0.02610762276461652  0.02698351086827537  0.02850554942259756  0.02973809868853451
  0.03039944955353924  0.03096270175278815  0.03152430415144198  0.03186865662450896
  0.03221300909757594  0.03405525238162090  0.03592113351999048  0.03762941914225804
  0.03929431446305321  0.04093234494098331  0.04245902214981556  0.04398569935864782
  0.04556812804886887  0.04724542179274335  0.04892271553661783  0.04963672363929539
  0.05010923456812224  0.05182718792232117  0.05485341720432559  0.06208874590804949
  0.06749277985400079  0.07159219949945292  0.07456267309334062  0.07844547006860450
  0.08410572953938369  0.08909722777267721  0.83320018283756037  1.00000000000000000
 -0.00223637203747281  0.00957100819153073  0.02027309730565312  0.03421418256813103
  0.04722232946975052  0.05650277822425162  0.06557871514871812  0.07456829936604756
  0.08399621246978964  0.09479667240477747  0.10551424279333647  0.11635510769178986
  0.12769098800078751  0.14011925706248715  0.15098150375156857  0.16185605347959311
  0.17215621004915968  0.18338307183544542  0.19623232975137639  0.20906926820140598
  0.22069625533950435  0.23314405361762217  0.24650374791173230  0.25858773543434738
  0.26790875310329826  0.27823639681085843  0.28558559841195408  0.29233517029302758
  0.29776314099436296  0.30304729073081976  0.30839754976539790  0.31712195986296632
  0.32570677034189766  0.33424558144944805  0.34251327393029618  0.35084916839239705
  0.36075208467243464  0.37003176911715185  0.38002610020368421  0.39111740527382372
  0.40331994793986958  0.41670769263794810  0.43079352435038148  0.44498448386154449
  0.45862013200581014  0.47165817495180595  0.48430088884657574  0.49609802030036843
  0.50784983222794677  0.51993055190040527  0.52975569826997781  0.53952616854636593
  0.54945181309394242  0.55866551624931593  0.56733285502571540  0.57612718985453981
  0.58603998325596163  0.59663186582481953  0.60741015422778433  0.61901871950149301
  0.63052509611350416  0.64195795931223287  0.65336426729590091  0.66331528527585237
  0.67248809928548448  0.68195935854979373  0.69282448566905108  0.70452034283289766
  0.71568315925565817  0.72691333675901593  0.73995497107068853  0.75284937029827714
  0.76458786980969640  0.77689303558544009  0.78952673356901604  0.80281507073768310
  0.81544398795481665  0.82716406946825216  0.83758611808630612  0.84763660522718010
  0.85733129667451435  0.86671459983927168  0.87653393993942152  0.88740456900254361
  0.89802413244965418  0.90793785708830221  0.91798483927089447  0.92843060669126565
  0.93984055729704796  0.95269921460677298  0.96370389931531364  0.97047923807280045
  0.97696177881729529  0.98317136319437337  0.99032750006275638  1.00000000000000000
 -0.00222912333761123  0.04802211377410663  0.08514954526039271  0.11708241879546823
  0.14592157607751821  0.17300090409551958  0.19809413701274178  0.22185194362355218
  0.24479631603068278  0.26759367027604086  0.28800326599024439  0.30638249263891332
  0.32375812355322059  0.34034068741605933  0.35657332171432454  0.37191132940983818
  0.38636172427656740  0.40016665813616303  0.41388595707594561  0.42901618879842823
  0.44251815643400610  0.45655795171321262  0.46961253616037585  0.48250697877292470
  0.49598359808753562  0.50922551772525715  0.52192285621611967  0.53118044665331865
  0.54011047664711831  0.54831456814255364  0.55665892819476670  0.56416626918219859
  0.57170681960779413  0.57910787344892789  0.58730673434909997  0.59582367351283372
  0.60439147039408025  0.61169098521216192  0.61837369350953242  0.62513912936047089
  0.63208424659308271  0.63872638285338412  0.64492442173275377  0.65188961067541262
  0.65926966979124157  0.66632579236638345  0.67324542897884943  0.68065125980033991
  0.68803625042239680  0.69517501595699449  0.70193812464245631  0.70850599186294849
  0.71504453154928482  0.72162481126373090  0.72814187126123531  0.73411976152495850
  0.73967748299101310  0.74536535104658974  0.75063767604728993  0.75496404174490583
  0.75980937318445751  0.76492319210168791  0.76997367114884663  0.77483468263932287
  0.77991348906633240  0.78516802530235397  0.78950414610853070  0.79405783636613847
  0.79858231219537057  0.80334707137644323  0.80753016448692960  0.81262586912495849
  0.81912891802208598  0.82618776735460375  0.83318048196001038  0.83938006683298261
  0.84512340401563002  0.85206415765895593  0.86002344722905733  0.86870976746010287
  0.87650930337304733  0.88327353279820864  0.88911744145126737  0.89411376119085773
  0.89854302963304267  0.90259787910229372  0.90759224618392242  0.91280875699117336
  0.91741971547992751  0.92207388265535772  0.92700580425776091  0.93272577663708434
  0.94460891970677374  0.95588194670911708  0.97165516236983318  1.00000000000000000
 -0.01716318849427020  0.10439762365346861  0.13437565603737775  0.15242849984659373
  0.17342978120055094  0.19300417355065883  0.20933132025457202  0.22358651379031177
  0.23794919149267466  0.25120621154804323  0.26332521083607313  0.27238563006441291
  0.28030103800097100  0.28797991540896317  0.29514660782606217  0.30133719987716201
  0.30779874813239089  0.31443022448548819  0.32081496670480614  0.32694418026904271
  0.33315111308155465  0.34031517820881296  0.34752334014465286  0.35417719328934927
  0.36011150080311100  0.36616221421568118  0.37228135464213219  0.37833099524557101
  0.38422289603741616  0.38987219795044514  0.39535826549590497  0.40103103928029588
  0.40760220504076006  0.41343660626290635  0.41904108469858886  0.42462619585738032
  0.42996752847649505  0.43542342451236138  0.44223175174226703  0.44956901331747745
  0.45752547937738564  0.46495740698223442  0.47199571299169352  0.47825931791757176
  0.48471295996526137  0.49124960635775239  0.49747695668247721  0.50330000333815783
  0.50886705051272396  0.51424430948546673  0.52112657247905780  0.52886890897868566
  0.53702443480024920  0.54515115223103350  0.55270678596385114  0.55972308502616164
  0.56542004016231806  0.56963232138421782  0.57344135237889104  0.57752852427626378
  0.58166281870921821  0.58627035905034730  0.59108725329399037  0.59906893477073719
  0.60561440449329795  0.61039986917375799  0.61411689346989862  0.61824381385947758
  0.62299398594418143  0.62838831266522011  0.63411696830964881  0.63983608788549862
  0.64560174079256316  0.65078707620205056  0.65603210913844612  0.66125911212654775
  0.66777189985862428  0.67662527948998241  0.68545885723990529  0.69358298035492261
  0.70204868626440675  0.71037067954510347  0.71829337240572411  0.72673703805435941
  0.73595396584372308  0.74649032789322178  0.75854745924832023  0.76968909759964355
  0.78004794904349650  0.79106494252789206  0.80632163391025735  0.82341996844808085
  0.84238813958734493  0.87100771787186160  0.91144194889365282  1.00000000000000000
   1.5164425781340140E-013  -1.0000000000000000     
 F F F F F F F F F T T T T T T T T T T T T T T T T T T T T T T T T T T T F F F F F F F F F T T T T T T T T T T T T T T T T T T T T T T T T T T T
  <DiscreteSampler_grid>
  grouped_processes
  1 # 1 for a reference and 2 for a running grid.
  10 # Attribute 'min_bin_probing_points' of the grid.
  1 # Attribute 'grid_mode' of the grid. 1=='default',2=='initialization'
  0.0000000000000000 # Attribute 'small_contrib_threshold' of the grid.
  0.5000000000000000 # Attribute 'damping_power' of the grid.
 # binID   n_entries weight   weight_sqr   abs_weight
    10   10   6.024765678452381E+000   9.632833847265326E+001   6.024765678452381E+000
    11   10   6.024765678452381E+000   9.632833847265326E+001   6.024765678452381E+000
  </DiscreteSampler_grid>
