 -0.00001662001119312  0.00036507763252223  0.00062412310718204  0.00085817120193338
  0.00107322601581127  0.00127775574923749  0.00148053253016215  0.00167489974517733
  0.00186479040233087  0.00205559170301634  0.00223408920686015  0.00242203155426833
  0.00260372106550878  0.00277475597712695  0.00296406161722309  0.00314716942143567
  0.00332557209400418  0.00350917863189119  0.00369433310021202  0.00388270378536761
  0.00406729641998938  0.00425015269304570  0.00442520892689325  0.00459235486643588
  0.00479548180937883  0.00502279656938242  0.00526678195870559  0.00549560215185142
  0.00569898044479063  0.00589838381433461  0.00607660398767297  0.00626981072853466
  0.00644576626103010  0.00662882249953312  0.00681510000078372  0.00701368270257917
  0.00722884581765833  0.00744574062675787  0.00765831200487060  0.00787360575687261
  0.00809937384502063  0.00833806845073688  0.00859242776693610  0.00885452180824300
  0.00913892782128425  0.00945660157834588  0.00981176332773818  0.01023436259966397
  0.01062068189011912  0.01095493319868172  0.01123446057433867  0.01148731621614131
  0.01180567725309857  0.01214409192908873  0.01245867714746515  0.01275928529463255
  0.01305385639131279  0.01335195450435235  0.01365757429168790  0.01396374691339422
  0.01428628984479308  0.01468284012556845  0.01517516431503405  0.01577902065154770
  0.01636083003362236  0.01688570822166012  0.01739601891148155  0.01795325986116273
  0.01851295078816946  0.01913495789044766  0.01976849540711290  0.02053579285979740
  0.02131224816393816  0.02200473214666452  0.02295723791150824  0.02394335587347805
  0.02488330037718879  0.02581035431856178  0.02705455131740499  0.02857731071811098
  0.02986632321255772  0.03100884621961934  0.03218770264475883  0.03337897073303055
  0.03455957738619393  0.03573677015586645  0.03763810371602294  0.03974273305788081
  0.04169771574766602  0.04358553839088797  0.04985024450220898  0.05848341891642814
  0.06589812460346146  0.07784309437204513  0.29261367779996417  1.00000000000000000
 -0.00256541018678952  0.01021174644596518  0.02059398076588132  0.03223213039654911
  0.04311160006208672  0.05339562012918241  0.06326123736263427  0.07276176860388364
  0.08260889619184140  0.09327521746515484  0.10357227555649964  0.11388794867818472
  0.12354601918422059  0.13290341640292244  0.14191302477267095  0.15105664649286496
  0.16020913319106522  0.17010705886208488  0.18088844780874258  0.19212015450043432
  0.20302302537055214  0.21394466115987890  0.22425727840792897  0.23440774930009947
  0.24379063040838686  0.25275226893528924  0.26189654169009763  0.27127238354714589
  0.28130886674120470  0.29064860595040415  0.30111054025590972  0.31041885240613043
  0.32112264776165667  0.33269791972641105  0.34518940514730262  0.35843431117184571
  0.37116721736569808  0.38175695375743868  0.39177742366288987  0.40126771772969888
  0.41020301273942567  0.41986507884109492  0.42944163286093895  0.44040411674617685
  0.45402715896559742  0.46943393469896783  0.48392303487475247  0.49659816442402899
  0.50888201177181913  0.52101243797077046  0.53127531260234739  0.54062286222388189
  0.55000752318255819  0.55933079076744918  0.56807484950558107  0.57683336216915282
  0.58713980404762900  0.59823226380477379  0.60881073582596235  0.61874781533394962
  0.62953468726798867  0.64131859721840889  0.65466138836618193  0.66739790477439720
  0.67838407458885319  0.68871365390195971  0.69845650782828106  0.70768669995849331
  0.71661387853950975  0.72513890573804496  0.73341710355598855  0.74095101146852138
  0.74949490923374695  0.75867497005006712  0.76855127542359980  0.77780326023231916
  0.78714858748678074  0.79656854895639229  0.80655939885124661  0.81666980256237742
  0.82610265899360302  0.83831780457411897  0.85352876030602232  0.87058436998897548
  0.88510965825655252  0.89780227781010113  0.90904231282866355  0.91881827413213302
  0.92783072113788001  0.93784259121572988  0.94966652365771909  0.96177049186398544
  0.97250226020221864  0.98234596110522276  0.99132462010669720  1.00000000000000000
 -0.00109956511071517  0.03516940529728657  0.06260229497921105  0.08547575178871206
  0.10587973851249961  0.12522198672718876  0.14441011402022691  0.16232605487007329
  0.17944100866448520  0.19524718452316550  0.20936067397078434  0.22274330036295739
  0.23558885345827915  0.24810069909813534  0.25949633129847732  0.27122077581739934
  0.28165176782479295  0.29296105790747334  0.30292277472151813  0.31273816978884489
  0.32253427898719184  0.33239350597501521  0.34211018280741373  0.35136979021156001
  0.36045334216397196  0.36957113603894420  0.37855546701163689  0.38752393061984147
  0.39623404125811251  0.40479823515009239  0.41307342831409277  0.42122933794670470
  0.42898407062206789  0.43700866636761249  0.44566570998851085  0.45344894968616328
  0.46047216267886287  0.46820561090582041  0.47624183376693785  0.48469457545051031
  0.49298741005539026  0.50052108736380596  0.50820396877559848  0.51664748369775149
  0.52538579095055182  0.53361131961592201  0.54202988062263513  0.55096096900709102
  0.55993237139597785  0.56759874510504138  0.57414274935615384  0.58047978839116587
  0.58646587817222617  0.59249141678891526  0.59851948774665831  0.60481928815284614
  0.61173677655190872  0.61886899958341091  0.62569895968544653  0.63157824199591639
  0.63732440819685421  0.64329812589410185  0.64968497500252853  0.65635170349494176
  0.66295860753847291  0.66940657907757761  0.67595850492029785  0.68208959766638233
  0.68811492526998153  0.69593590567577956  0.70466262013035907  0.71375887038180519
  0.72280069313067064  0.73047570813442619  0.73671544419026358  0.74263477465686822
  0.74969637310138693  0.75686281203568861  0.76343568493693137  0.77004472870683416
  0.77652155192855010  0.78301091671466694  0.79078187805160760  0.80080079268460025
  0.81302320983944421  0.82590859059264099  0.83785656054292157  0.84992895185278428
  0.86218485447800519  0.87533905580374693  0.89144323664877645  0.90755194783404691
  0.92418633788618698  0.94335531979213272  0.96816388646283003  1.00000000000000000
 -0.01876266217815327  0.12230364899062439  0.17271259255244226  0.20604622769148584
  0.23217025571662867  0.25499877116687697  0.27496593172847023  0.29345296564891438
  0.30800224706321322  0.32086775415017760  0.33303733570877880  0.34551444406222404
  0.35681776131524773  0.36661646495727773  0.37572754040561251  0.38458307324408303
  0.39343358153654084  0.40220160433984520  0.41088459668442762  0.41987051250014046
  0.42969695421603094  0.43944438122000518  0.44835625834510789  0.45621987899619065
  0.46336334175646121  0.46983484638314432  0.47590657101365580  0.48167468819832815
  0.48724000363231662  0.49251546406543922  0.49783408637498427  0.50334781024537223
  0.50881329285348220  0.51369574448091648  0.51836106086941103  0.52336137762348800
  0.52891665010652333  0.53453225364811552  0.53972933349128882  0.54502061862531259
  0.55015294999532027  0.55522471037939469  0.56036680936621197  0.56571796829346233
  0.57099526896612052  0.57542036362126270  0.57983979281955478  0.58451101854405818
  0.58973752309288241  0.59545739579638279  0.60089651656091936  0.60616966137450001
  0.61159053362355742  0.61720568706082990  0.62296192195396027  0.62890995104955572
  0.63464043948172455  0.64049113916270339  0.64572080787335817  0.65071671415069976
  0.65543594968812646  0.66002480780104200  0.66470683135338104  0.66930114002306662
  0.67391013360364582  0.67912941929101511  0.68444462340694201  0.68982867699504957
  0.69535708400700968  0.70072423777841275  0.70589212908930432  0.71112045746917463
  0.71657602578406621  0.72215988303528056  0.72772459550589774  0.73308814137080891
  0.73824063311285626  0.74340156917242561  0.74885990347325138  0.75577534844535843
  0.76298542556999227  0.77008312079649255  0.77743539454993238  0.78503038084964649
  0.79270787758818173  0.80037521561291036  0.80819341738440509  0.81607534029230877
  0.82496848668768785  0.83541390548746208  0.84674198237058207  0.85865097522076927
  0.87192643503578615  0.88975550148021276  0.92046332649251694  1.00000000000000000
   1.3960215818457296E-027  -1.0000000000000000     
 F F F F F F F F F F F F F T F F F F T T T T T T T T T T T T T T T T T T F F F F F F F F F F F F F T F F F F T T T T T T T T T T T T T T T T T T
  <DiscreteSampler_grid>
  grouped_processes
  1 # 1 for a reference and 2 for a running grid.
  10 # Attribute 'min_bin_probing_points' of the grid.
  1 # Attribute 'grid_mode' of the grid. 1=='default',2=='initialization'
  0.0000000000000000 # Attribute 'small_contrib_threshold' of the grid.
  0.5000000000000000 # Attribute 'damping_power' of the grid.
 # binID   n_entries weight   weight_sqr   abs_weight
    10   10   1.332235820881909E-014   4.326297500144294E-028   1.332235820881909E-014
    11   10   1.332235820881909E-014   4.326297500144294E-028   1.332235820881909E-014
  </DiscreteSampler_grid>
