 -0.00007868486796757  0.00062789193062925  0.00132865297075140  0.00234867685963700
  0.00358731744688066  0.00506528098033264  0.00684144444763775  0.00888669919553866
  0.01113658880286553  0.01369368062939772  0.01647657530645244  0.01934870078914180
  0.02252200578308308  0.02617568402786700  0.02993933486116545  0.03367800956248433
  0.03762030918642683  0.04182379351350055  0.04617761284677765  0.05050485377376579
  0.05503637325068485  0.05968854269185545  0.06442159630685680  0.06923828995693718
  0.07443762509078929  0.07996203843188440  0.08590364627532975  0.09232188753617361
  0.09885925018953219  0.10542647097547804  0.11201208886885163  0.11860852745315464
  0.12546509379516044  0.13265973526423230  0.14018332028767519  0.14805809587094074
  0.15629132174821808  0.16489588735584396  0.17389310120928705  0.18332337033836352
  0.19312786613963856  0.20305405736319301  0.21312523497856678  0.22358740058671445
  0.23461121365759485  0.24619702965212115  0.25842987585477917  0.27096484747994098
  0.28350573227264514  0.29640913244640377  0.30973552715803726  0.32391507631016542
  0.33867081996121551  0.35425089460087938  0.37110325161813984  0.38901159421322262
  0.40795744490806973  0.42845472838842702  0.45047191057634522  0.47393523659868469
  0.49826500572432197  0.52274075454913260  0.54574983238620400  0.56742116169753232
  0.58747765997789747  0.60709062250611590  0.62667070758454391  0.64610154714095214
  0.66512004354319287  0.68360930632745343  0.70117184789615328  0.71777182204147583
  0.73368237147425042  0.74909877690156013  0.76393221433345992  0.77774309365982053
  0.79081379870838442  0.80375635607814544  0.81686930621405496  0.82978535665706832
  0.84253976603331182  0.85498762409279305  0.86694720310275741  0.87829512979304214
  0.88938868196185972  0.90041962356440219  0.91128931231138877  0.92198461669111342
  0.93260241529048871  0.94301319025047514  0.95320420901127789  0.96311832579769308
  0.97256651129081417  0.98180895809282032  0.99094594917702494  1.00000000000000000
 -0.00273262153096083  0.01343648050732107  0.02537267181666921  0.03616567340237895
  0.04653624885367948  0.05673169322105861  0.06724089788032234  0.07776766802437519
  0.08868370668865801  0.10049479567253611  0.11226882630102543  0.12360253833699687
  0.13438741297450396  0.14523182318950917  0.15597835958086639  0.16663408869929050
  0.17682555882722828  0.18666827615284423  0.19677159413637987  0.20738432170430304
  0.21785392618661292  0.22756494071577232  0.23699761869966621  0.24663129555834493
  0.25673066835264458  0.26673215144451784  0.27703768626330094  0.28800325824757045
  0.29788796338823836  0.30775054417603948  0.31740867375543119  0.32691828897761160
  0.33656216232466052  0.34617527564811124  0.35671763460705969  0.36798860801026734
  0.37907517486708203  0.38967161730094252  0.40023451650160857  0.41081615633954049
  0.42163471863753432  0.43261521908084322  0.44445997774826507  0.45627870424221673
  0.46695891520167448  0.47729662094459335  0.48822848604605551  0.49952174246812286
  0.51053168276231953  0.52084836484402075  0.53049720041489634  0.54024654440023512
  0.55028328794297077  0.56038619767736253  0.57072201216138341  0.58127740221918656
  0.59281554990507646  0.60445691803466184  0.61588725089984397  0.62739355988555545
  0.63877388389761569  0.64972364395443827  0.66030601306992398  0.67099865270709680
  0.68208654749395703  0.69308696429520222  0.70364238398921175  0.71373030990501485
  0.72356769210797534  0.73279068558187188  0.74154483635750257  0.75057059960649930
  0.75980125128848042  0.76916995323445059  0.77768585488977182  0.78645714846866999
  0.79546767393342521  0.80495601762960500  0.81474589738988168  0.82396469177100962
  0.83367342647344445  0.84426758488065135  0.85511782864447516  0.86544855963767264
  0.87610604450504914  0.88691256803311280  0.89822080742649790  0.90895443540760801
  0.91930972936986288  0.92985951270414835  0.94071157311973408  0.95249213370469488
  0.96450983915080268  0.97656090845365762  0.98827094621299316  1.00000000000000000
 -0.00243473004054571  0.01477767134534920  0.02867311057722573  0.04132215999889621
  0.05360350517328784  0.06594042053419769  0.07776977953254280  0.08969672758531655
  0.10111770592747477  0.11235616378885395  0.12355660691871265  0.13445987002998747
  0.14541634467960809  0.15567286245347095  0.16568427646515829  0.17552733169911766
  0.18545405488885158  0.19578908483106927  0.20627760521228800  0.21703126648878204
  0.22805508404496727  0.23912362167684023  0.24985291365861068  0.25975521064336926
  0.26930044106044038  0.27919751002089638  0.28922612792517804  0.29894644233629064
  0.30845234666125143  0.31827549040903597  0.32824578163833112  0.33819011402251309
  0.34852653465760386  0.35915231873908654  0.37005759932790527  0.38120110065165935
  0.39260143088738436  0.40400704191211667  0.41535258435580391  0.42684708304721058
  0.43815860769317544  0.44951693190852532  0.46072994851312515  0.47156489814558361
  0.48224979591191341  0.49281061892320960  0.50323432019016701  0.51327754660808866
  0.52404501580600160  0.53559059612379367  0.54726042894639237  0.55848888778266703
  0.57017545805710768  0.58197117458330261  0.59335864824587758  0.60437050910814727
  0.61546862128501290  0.62633968307186993  0.63678993571669995  0.64701316971343281
  0.65672775014408924  0.66660188059846837  0.67607241133034024  0.68560474473525401
  0.69456397637295320  0.70301474071471215  0.71155979656299340  0.72019143946689201
  0.72910736264322873  0.73842555534076670  0.74772664178388393  0.75719295139674903
  0.76689559729390200  0.77614509234618745  0.78522086207406927  0.79444132959974445
  0.80324619885341941  0.81187750333517805  0.82009824788412067  0.82845079130170196
  0.83706857576715421  0.84577239639541812  0.85490974810144005  0.86491302393228153
  0.87466219707000237  0.88357953129291855  0.89259819914617844  0.90224898600593006
  0.91242105434190046  0.92186431544051950  0.93151071329025636  0.94164340925542145
  0.95297408717469867  0.96529231706597773  0.98076955866647120  1.00000000000000000
 -0.02062141689698735  0.13382454327413792  0.17863895709775299  0.20820059502808902
  0.23175384953453265  0.25173303499587113  0.26968671626409407  0.28538616432122693
  0.29979894917103395  0.31331978994753151  0.32596441358103023  0.33792109161355327
  0.34926220284180837  0.35989719704063816  0.37036831498677775  0.38031561389354013
  0.39010156198958484  0.39951577250480991  0.40885304757378349  0.41804008005961196
  0.42692955427359075  0.43568631686796711  0.44425660570793890  0.45271783092755585
  0.46106536257209307  0.46931730489553847  0.47731400399312179  0.48488310174344873
  0.49211550066847487  0.49920210056135439  0.50597981131910830  0.51245388039902084
  0.51883117964989145  0.52516496517220457  0.53152668601529496  0.53795385136841867
  0.54402848525969871  0.55001260776062666  0.55594727517594444  0.56172174135800867
  0.56719107829800075  0.57267851209128062  0.57830874703030788  0.58407493432525859
  0.58976878883214801  0.59526994461098637  0.60062858271349739  0.60593960623710197
  0.61123424858559960  0.61655206524234352  0.62196437316713038  0.62738449146740272
  0.63290534627796025  0.63830772523471246  0.64349138362390002  0.64864715490565139
  0.65381209419532760  0.65915579224473231  0.66427170839624505  0.66931040450984158
  0.67439609429038316  0.67960012783846069  0.68499898614224797  0.69056717810413348
  0.69612243592594936  0.70164635461228497  0.70717898796879108  0.71288594438632591
  0.71903645785102543  0.72493899709073761  0.73084328359036954  0.73674390789599431
  0.74264640532604653  0.74848990402137616  0.75400241869780416  0.75929375343244421
  0.76465845654324283  0.77035621920219610  0.77590585935317680  0.78170374666069575
  0.78740630268427336  0.79321991605752795  0.79914654199667368  0.80522227669113267
  0.81156777201362085  0.81874450682906930  0.82632761389667142  0.83460765480398180
  0.84372431602773112  0.85338311024295066  0.86337856830375059  0.87466176530894324
  0.88771465301134400  0.90434244637711458  0.93140850953327781  1.00000000000000000
   2.5242964308224998E-015  -1.0000000000000000     
 F F F F F F F F F T F F F T F F F T T F F F T F F F T T T T T T T T T T F F F F F F F F F T F F F T F F F T T F F F T F F F T T T T T T T T T T
  <DiscreteSampler_grid>
  grouped_processes
  1 # 1 for a reference and 2 for a running grid.
  10 # Attribute 'min_bin_probing_points' of the grid.
  1 # Attribute 'grid_mode' of the grid. 1=='default',2=='initialization'
  0.0000000000000000 # Attribute 'small_contrib_threshold' of the grid.
  0.5000000000000000 # Attribute 'damping_power' of the grid.
 # binID   n_entries weight   weight_sqr   abs_weight
    10   10   3.385609638031856E-003   4.046952976805041E-005   3.385609638031856E-003
    11   10   3.385609638031856E-003   4.046952976805041E-005   3.385609638031856E-003
  </DiscreteSampler_grid>
