 -0.00005005329149134  0.00083849994581034  0.00156813314770647  0.00219356650090411
  0.00276204971563615  0.00332944643657429  0.00387921382499666  0.00442398710183899
  0.00496349912709076  0.00543436913180625  0.00587803810088829  0.00632975577164434
  0.00678297175991589  0.00725714015153895  0.00776002551373492  0.00828758764046305
  0.00880414943556068  0.00930032381562407  0.00975942540007473  0.01022270034993921
  0.01068118465329328  0.01117655576029655  0.01167468256607637  0.01221081601368813
  0.01278819680405982  0.01333579308025380  0.01386273882345387  0.01440314511497028
  0.01495526157311067  0.01552615588918271  0.01612481756729407  0.01667000716204117
  0.01720544329983706  0.01771833470069478  0.01820813987759580  0.01877867396175927
  0.01938624809127245  0.01993631134671409  0.02045490481758263  0.02097604681038781
  0.02151958114704597  0.02209109355539830  0.02267365009560812  0.02325764105062331
  0.02384252344879789  0.02440399806660786  0.02492302338078442  0.02543752047269143
  0.02594487430073711  0.02641458396633314  0.02687151539886799  0.02735222752873402
  0.02785308711750306  0.02834993332176657  0.02886436957018460  0.02938513752826418
  0.02995176254695775  0.03052151536003440  0.03107365081085996  0.03160648389644838
  0.03217018179991143  0.03264086978033932  0.03324340984481877  0.03427330146644396
  0.03568869579217512  0.03734971727067864  0.04005636609292941  0.04298438945438196
  0.04579632719591523  0.04820991360500529  0.04933632395100612  0.05074993541085648
  0.05248073269659233  0.05436896150518007  0.05620752139416248  0.05800618580057634
  0.05982481231726552  0.06173480981346191  0.06375054814296763  0.06614552131464940
  0.06878192047734133  0.07187534132289408  0.07493087967504383  0.07827619851802116
  0.08233048756325805  0.08577445704274550  0.08928541040053221  0.10362690547262549
  0.11888772690448329  0.12268176227844596  0.12976014723548196  0.15079855399704861
  0.21038219706864969  0.34965867262243910  0.52802227096802434  1.00000000000000000
 -0.00267119955178644  0.01204662130035041  0.02403250019545420  0.03490134893955803
  0.04566072356710765  0.05659231299936202  0.06848712415957650  0.08034212625319109
  0.09257160556754902  0.10480900544460539  0.11752726967638492  0.13079138737345489
  0.14243753617098487  0.15296887872491099  0.16263417135415037  0.17292231839636607
  0.18420186618196535  0.19557151338686204  0.20742004169045672  0.21879769449101766
  0.22958381803884911  0.23984683316518937  0.24958258105426095  0.25925962525186436
  0.26910083206689372  0.27921893898128969  0.28828396041398657  0.29574777921756495
  0.30227491842637139  0.30931524872808769  0.31696268297927233  0.32497587546285589
  0.33315469770406447  0.34185973595570612  0.35038718378565148  0.35986324873909048
  0.37037765867653288  0.38157287237938747  0.39327576650906226  0.40519308960119793
  0.41748421704461491  0.43029819430140981  0.44273117413113106  0.45453551636234613
  0.46621653143686254  0.47798898053122596  0.48937596038185283  0.50045739694588254
  0.50904249652963562  0.51761672380056012  0.52694674505444905  0.53814661723295643
  0.55151109686152799  0.56427173166218969  0.57628056778486536  0.58780595573673622
  0.59986479577145924  0.61133787485863533  0.62273504727879359  0.63494932252511105
  0.64703603902715101  0.65790458851005074  0.66750131884841024  0.67686298005936796
  0.68681924969191921  0.69741374843357617  0.70711095826908765  0.71689338753122145
  0.72713698348634170  0.73758421208953329  0.74867163997651986  0.75845993450297799
  0.76758103795024690  0.77693969090750825  0.78658792969381197  0.79614474692921244
  0.80555445623150301  0.81481431157820072  0.82597583590991064  0.83767665144071279
  0.84907211995943133  0.86070334286105010  0.87249917635451613  0.88437334886540264
  0.89506242017816029  0.90359473327101680  0.91208962914763569  0.92082430146728500
  0.92955706789113934  0.93765743760093156  0.94545151297266705  0.95314726431875918
  0.96221317923200489  0.97443263845847772  0.98637981085966164  1.00000000000000000
 -0.01400871481735876  0.13336396910965714  0.20475485671283356  0.26087395505827604
  0.30671037144229252  0.34544018480269045  0.37946291000466847  0.40881679184375469
  0.43531238417586310  0.45696134280018330  0.47759099513430509  0.49829053785092070
  0.51641805871968061  0.53254621693486537  0.54690754179779955  0.56113430926757046
  0.57619876323768482  0.59080872753426517  0.60332192469332402  0.61469696454825695
  0.62596917668025276  0.63694792911766507  0.64704283253096595  0.65646925984562854
  0.66556537087076917  0.67493905366513018  0.68449544222930392  0.69372483413316743
  0.70219819870422040  0.70997823348933708  0.71743442595368645  0.72521319358336600
  0.73231053032182680  0.73873890439722634  0.74492120023928532  0.75100674107193388
  0.75679087912234155  0.76221872129312918  0.76760126340948498  0.77304056664571030
  0.77869523723334388  0.78423926447614889  0.78950030616740874  0.79489785492171683
  0.79994488670337016  0.80495570511483971  0.81004403613697984  0.81513502730999965
  0.82010871130226770  0.82480802522940611  0.82939904957506971  0.83370325654732758
  0.83784629833603941  0.84179301265709061  0.84553460007366077  0.84912077957436205
  0.85265701526778159  0.85618260319302186  0.85958900764818580  0.86320959418454479
  0.86698918231126554  0.87095439530955077  0.87480121706129121  0.87839366484191739
  0.88177666446135361  0.88501673995346164  0.88809252830297958  0.89118063503923739
  0.89428366800717307  0.89726350803488275  0.90000107904678883  0.90252627710828026
  0.90510055885659180  0.90785117552882766  0.91070064781128257  0.91387482910146101
  0.91707493640582316  0.92022930107314616  0.92334808872493990  0.92632023557194909
  0.92898430999124315  0.93170899387226358  0.93441731000259998  0.93710421417667911
  0.93995153395292663  0.94311402908445696  0.94651419595821740  0.94982794772371737
  0.95327129714188075  0.95675786236310112  0.96117685570879052  0.96623258125473555
  0.97220188257384477  0.97857994282539040  0.98687714324974474  1.00000000000000000
 -0.01872102318490908  0.13421402119171899  0.18106819896796014  0.20941712720940220
  0.23119622708260745  0.25026220204102712  0.26753130592712754  0.28355845594177675
  0.29715309780633309  0.30955507599624910  0.32190954897035029  0.33482219732789731
  0.34756352784481603  0.35890714656998790  0.37041314472863873  0.37929219450444829
  0.38693584044094326  0.39377752368486907  0.40025455191305070  0.40674364199134311
  0.41382249735637572  0.42069773272748412  0.42707118707726854  0.43317391027654067
  0.43906469206144672  0.44497345382541303  0.45065579947447065  0.45617318212900548
  0.46178561025688042  0.46785753061284496  0.47418404250298329  0.48107056774849094
  0.48852862754861726  0.49517802624092705  0.50142394581618943  0.50755116489731422
  0.51364801355713752  0.51961382467418349  0.52507004460880036  0.53015887668646200
  0.53562312964818681  0.54146104518593463  0.54603265090983555  0.55098943893402141
  0.55663522855584402  0.56227795485051790  0.56762446903355690  0.57277786158299282
  0.57769787395336836  0.58224025111045230  0.58672863300906952  0.59121045207651224
  0.59581356611952208  0.59999186285854056  0.60443518045626754  0.60947082463613544
  0.61455716116062209  0.61953026280515022  0.62437104811222521  0.62922589210027680
  0.63422886589944971  0.63954117046185410  0.64500910745088935  0.64996664928091219
  0.65492229892778897  0.66035109649297896  0.66650620966650742  0.67343907203000852
  0.67954013388643131  0.68480737424468896  0.68992080440608494  0.69478401356210895
  0.69983256826391027  0.70533838203829935  0.71099566482456888  0.71669862149446395
  0.72229676349956062  0.72780912209584914  0.73346203039491431  0.73944795014312770
  0.74549227184545064  0.75262545888843269  0.76145376569032552  0.77054558853284194
  0.77999463772614885  0.78940453627733709  0.79786628340743548  0.80641825174575432
  0.81599119650136520  0.82596047122446947  0.83664286472632610  0.84853208425244708
  0.86400668214490550  0.88515857381250862  0.91902738551331620  1.00000000000000000
   4.2906506525983836E-042  -1.0000000000000000     
 F F F F F F F F F F F F F F F F F F T T T T T T T T T T T T T T T T T T F F F F F F F F F F F F F F F F F F T T T T T T T T T T T T T T T T T T
  <DiscreteSampler_grid>
  grouped_processes
  1 # 1 for a reference and 2 for a running grid.
  10 # Attribute 'min_bin_probing_points' of the grid.
  1 # Attribute 'grid_mode' of the grid. 1=='default',2=='initialization'
  0.0000000000000000 # Attribute 'small_contrib_threshold' of the grid.
  0.5000000000000000 # Attribute 'damping_power' of the grid.
 # binID   n_entries weight   weight_sqr   abs_weight
    10   10   3.945630488178609E-030   3.621256168708520E-059   3.945630488178609E-030
    11   10   3.945630488178609E-030   3.621256168708520E-059   3.945630488178609E-030
  </DiscreteSampler_grid>
