 -0.00001316803430652  0.00046136146550715  0.00084811353172853  0.00121515007131999
  0.00156797742073915  0.00190192396737627  0.00220000761958267  0.00250163519561114
  0.00281929480301733  0.00313125974614969  0.00342834970197944  0.00374524569319890
  0.00405750628364204  0.00435452443339414  0.00463347958147124  0.00492491085321133
  0.00523430952329629  0.00556248683923587  0.00589219115255883  0.00621973044139960
  0.00653278835904650  0.00682400794244512  0.00713558317565549  0.00745813713560382
  0.00777907475953597  0.00807663852354472  0.00839851819546395  0.00875704154652123
  0.00915404750803190  0.00953415110970047  0.00985809383946686  0.01015029430111794
  0.01042850684140257  0.01070405633391105  0.01099628664762708  0.01131065042538039
  0.01164874957971348  0.01200480837423075  0.01233266679418520  0.01264487366583115
  0.01291803221767329  0.01330612861567105  0.01376541453739145  0.01429195909983909
  0.01490103805356799  0.01559566027702704  0.01632766922754271  0.01708116273274154
  0.01781026000596551  0.01847237964053399  0.01916977838207124  0.01977347384440026
  0.02037378090600968  0.02096678353574212  0.02155414642616330  0.02215923089729173
  0.02277194699678493  0.02343819199326056  0.02410874820067794  0.02476283929500189
  0.02539715574956146  0.02600639831742039  0.02647383134330701  0.02701086774612297
  0.02758038387737219  0.02818537234994179  0.02882123490026564  0.02948859611699164
  0.03017761582617005  0.03089063458433603  0.03159153692455881  0.03214054631130135
  0.03269857855953619  0.03341314308526110  0.03501803351012534  0.03650106019188389
  0.03787313802378527  0.03905199928169339  0.04016900841255411  0.04121745948698408
  0.04266447782993807  0.04462051565816876  0.04809880786694316  0.05096195911067353
  0.05370421606815906  0.05693504261005163  0.06036945216455040  0.06375012792127416
  0.06642871379777428  0.06921569408347890  0.07206168564165932  0.07434735703570444
  0.07660172737673746  0.07854632719886977  0.43870499659945261  1.00000000000000000
 -0.00264272594678484  0.01153444335552683  0.02261331214418168  0.03409938217077950
  0.04594512072687351  0.05966258519494387  0.07321782778780789  0.08496658616947624
  0.09619398827268139  0.10772430358101703  0.11852013400618769  0.13025069111417947
  0.14249211753630348  0.15495653749711039  0.16704179703638949  0.17830546773621256
  0.18846610513143114  0.19723077480635343  0.20589423302059282  0.21482987391101263
  0.22439002111137113  0.23450197702061565  0.24419679355443924  0.25443799691584640
  0.26636400357601203  0.27620951544834060  0.28500621225801437  0.29339580896835954
  0.30142182996543676  0.31265632014920325  0.32479466713190858  0.33736065759987904
  0.34956370022748412  0.36138906854370528  0.37296663132894020  0.38498770331481230
  0.39678895781420787  0.40744298651430028  0.41740353428451676  0.42752186677326048
  0.43829552929016663  0.45035461392848541  0.46157395821964481  0.47065161993608662
  0.48013582714158642  0.48950336981348375  0.49939364549001503  0.50920800273891376
  0.51959562408627835  0.53119370657451181  0.54421281609831018  0.55681953710375143
  0.56782401659179382  0.57754647257004588  0.58824170614039883  0.59777934800437249
  0.60539851805150247  0.61151919007936317  0.61763573097626046  0.62463983423649760
  0.63438660024388538  0.64624808703770398  0.65755961824210174  0.66919449482196502
  0.68161909048342106  0.69470665035895229  0.70783702330540499  0.71765153759055500
  0.72675793392917287  0.73495861587942246  0.74253350364208004  0.75049622329050136
  0.75866488083631423  0.76671418107323186  0.77565555456561952  0.78504489925206922
  0.79454523631574325  0.80478814163531953  0.81634715518844436  0.82887454554098394
  0.84281668870916937  0.85620728045557615  0.86739283461376515  0.87860656617206678
  0.88911161932783034  0.89891707522510045  0.90910284038701461  0.91979781019593487
  0.93043157425821554  0.94076386865437878  0.95217948101353744  0.96348352211929511
  0.97309687089032937  0.98194782487532595  0.99030092142122428  1.00000000000000000
 -0.00301461045466944  0.05174926786246439  0.09391883788410421  0.12800864814952706
  0.15664164314621926  0.18148201523027205  0.20372183909472202  0.22346392563134884
  0.24208985166581082  0.26083331243049879  0.27842055324363935  0.29416915311724823
  0.30943787494568531  0.32450010775995608  0.33885504690572704  0.35221649597679733
  0.36520093891993877  0.37832010872827143  0.39111842172949224  0.40430819583081967
  0.41751778023818020  0.43115836243841305  0.44452632402124381  0.45645972848831329
  0.46820011266410494  0.47842428584619529  0.48694570370451462  0.49506840575268823
  0.50414658446685168  0.51341549844143330  0.52257578008325800  0.53128699859551543
  0.53961470098763975  0.54849658654575495  0.55815211060826986  0.56825674414974980
  0.57867257707116060  0.59014266858686248  0.60091177239311122  0.60973681661807810
  0.61745471241719085  0.62552346117003721  0.63285743885391954  0.63985335978412394
  0.64668189077761451  0.65325379326715427  0.66036535158449650  0.66828048436876186
  0.67694425138339254  0.68566989456951932  0.69307055929462691  0.70013892382399201
  0.70716720836158686  0.71335853634033042  0.71866584461365679  0.72392980789528305
  0.72867911195496260  0.73321853274095594  0.73779675724868976  0.74279967625696941
  0.74805386509635130  0.75333436293469047  0.75852462659205588  0.76360490922366897
  0.76879565009330009  0.77452211944448268  0.78089396244764719  0.78717881036491166
  0.79287842197139780  0.79923585251528673  0.80577003196197072  0.81249759093712492
  0.82003644238330053  0.82712775527720406  0.83407214357154813  0.84064517989131760
  0.84699990605623210  0.85323457814268044  0.85898859313115772  0.86449399130489579
  0.87015042057317471  0.87560749804576588  0.88119624773472838  0.88643584708749013
  0.89164689076773462  0.89719143218319763  0.90267150279635555  0.90748804188300580
  0.91189638660150119  0.91677418426609447  0.92279436214828214  0.93135747410359593
  0.94123075531370270  0.95133608440819384  0.96457257810981023  1.00000000000000000
 -0.01634092998303693  0.10596671686214013  0.14679114449189176  0.17126880007699222
  0.19069230954405847  0.20789352739314582  0.22247846437565696  0.23443430357037073
  0.24522021395328658  0.25577892041728839  0.26642682604139539  0.27731312646864453
  0.28805424492227888  0.29794678832863952  0.30692271556603107  0.31435489117560123
  0.32133010603850121  0.32812129531441847  0.33475772310731683  0.34117501351615787
  0.34746488771863748  0.35391877673713973  0.36025774872051403  0.36611539815314248
  0.37159036813039581  0.37674417124299708  0.38167541750101214  0.38686754690702635
  0.39207248237228820  0.39684356563424766  0.40211739849662481  0.40627423604769364
  0.41052138532598076  0.41472383564319543  0.41937651049048441  0.42466312169090858
  0.43025763018102980  0.43525043453114010  0.43962303837066863  0.44393624551223554
  0.44832892356391452  0.45288793924166409  0.45849441871546276  0.46449027831502204
  0.47080624730246884  0.47741438397930380  0.48377347617902711  0.48921438262672534
  0.49470820047515096  0.49984846327402815  0.50643509349000071  0.51361252668997703
  0.52105489708464847  0.52801465041857154  0.53390707483003264  0.53918535129393330
  0.54438292796181598  0.54919786828703721  0.55355491837726700  0.55781723747417444
  0.56223922680126137  0.56689820019812054  0.57189863682467457  0.57721561758653872
  0.58273455827467424  0.58849659442306590  0.59461490092189251  0.60031065359553937
  0.60633648535332996  0.61211283116320281  0.61833296850189368  0.62454729790001451
  0.63108333887282386  0.63778322779967522  0.64513725649477616  0.65298274020069191
  0.66092556995700336  0.66884700295346200  0.67678961224370393  0.68473183677005489
  0.69259407030706366  0.69991799195037607  0.70661783924764887  0.71535557704182573
  0.72518060052268352  0.73579168777180892  0.74720679130695633  0.75897768037275803
  0.77170571582616709  0.78362540853751528  0.79625265127016298  0.81068861985179286
  0.82929256187233469  0.85415059707783181  0.89263658813591673  1.00000000000000000
   5.1256884454578356E-011  -1.0000000000000000     
 F F F F F F F F F T T T T T T T T T T T T T T T T T T T T T T T T T T T F F F F F F F F F T T T T T T T T T T T T T T T T T T T T T T T T T T T
  <DiscreteSampler_grid>
  grouped_processes
  1 # 1 for a reference and 2 for a running grid.
  10 # Attribute 'min_bin_probing_points' of the grid.
  1 # Attribute 'grid_mode' of the grid. 1=='default',2=='initialization'
  0.0000000000000000 # Attribute 'small_contrib_threshold' of the grid.
  0.5000000000000000 # Attribute 'damping_power' of the grid.
 # binID   n_entries weight   weight_sqr   abs_weight
    10   10   7.583454166401940E+003   3.575386661944262E+008   7.583454166401940E+003
    11   10   7.583454166401940E+003   3.575386661944262E+008   7.583454166401940E+003
  </DiscreteSampler_grid>
