 -0.00001903064365173  0.00014882086610049  0.00031676911100734  0.00054817830540100
  0.00085952440676478  0.00123583841862351  0.00170197377389486  0.00222746375947167
  0.00282528823870815  0.00349658100610708  0.00425867079163224  0.00510122183085089
  0.00598933955258379  0.00694315189583059  0.00798981928017387  0.00909934076896412
  0.01035739769611164  0.01169641806066194  0.01307848912292604  0.01453084845298092
  0.01610607586987862  0.01781233903886029  0.01960537980226181  0.02144335695089689
  0.02334392734826850  0.02532906689348987  0.02741445824453744  0.02957841185538674
  0.03184356732412515  0.03423345941184789  0.03673137040111252  0.03930588881703209
  0.04218251259538230  0.04516243230066112  0.04830754892649795  0.05161280072432664
  0.05514033415367237  0.05876036006678417  0.06239524829187459  0.06612940205803668
  0.07004322522823279  0.07405972595266348  0.07836317802575674  0.08306293757672133
  0.08795812915198144  0.09294256193320548  0.09804827461448208  0.10336063980684697
  0.10898363813120474  0.11479433336589687  0.11992867671122871  0.12470103902848446
  0.12959068327255133  0.13474357854855823  0.13996311099307404  0.14537392533893914
  0.15090187451087742  0.15637777289856417  0.16249289043954934  0.16972808505072393
  0.17702822137052496  0.18363609287226898  0.19044790530446723  0.19745175799755277
  0.20455242402171891  0.21208203507852838  0.22143923922226985  0.23212491183122994
  0.24291283343495193  0.25459839266937823  0.26719948705914925  0.28057799804705846
  0.29471952075078417  0.30979928216669245  0.32583332784853569  0.34165647782220165
  0.35829671917430184  0.37540978500685518  0.39317432179845435  0.41205635497610582
  0.43156902573372818  0.45225878435932509  0.47477659411683809  0.49847301804534278
  0.52385193419592735  0.55098699806120877  0.57915604675999566  0.61047308487565366
  0.64460427876727955  0.68189611192187038  0.72266196887562917  0.76667392576899385
  0.81391136715488199  0.86515215392414768  0.92802358306338817  1.00000000000000000
 -0.00131501484325080  0.00650390093145448  0.01347828510260168  0.02084199745602549
  0.02846485917231354  0.03614695194640747  0.04389402211458487  0.05153049202072420
  0.05911209628647630  0.06838384352778637  0.07980981204540727  0.09219897077563982
  0.10474549508137258  0.11675096879680825  0.12835537650401901  0.13929873417131952
  0.14938405474245658  0.15927239125819984  0.16936456665184682  0.18125869697447694
  0.19270983640004283  0.20420949173760661  0.21552570337475691  0.22712827683760947
  0.23816668786817680  0.24919694727153341  0.26000185116958197  0.27084145769866230
  0.28156705024045647  0.29278158881020255  0.30416018418660962  0.31538664469646926
  0.32665113095710130  0.33813456769308836  0.34995454869158021  0.36192542476358669
  0.37384560118264737  0.38548149573010687  0.39658604857625701  0.40751588946003303
  0.41845819642309245  0.42941498401282641  0.44040501219889294  0.45079075299441451
  0.46090233309034390  0.47096397093841957  0.48150354267311934  0.49280210276558645
  0.50421462964409636  0.51483473276793157  0.52533743572239933  0.53571792726486578
  0.54631109645030407  0.55698166930537407  0.56773735084170163  0.57865148338779382
  0.58924118037125084  0.60000383795919721  0.61110310747587182  0.62247208204894899
  0.63348341409538833  0.64446034586584988  0.65534195807759954  0.66596573563237560
  0.67609298789273697  0.68628919073974315  0.69682157026591451  0.70745994339085938
  0.71797427696190264  0.72833503627644991  0.73881409620861649  0.74933137214751588
  0.76026190341160460  0.76909537488683588  0.77661069855366194  0.78436602169011926
  0.79189451877533168  0.80033711434645127  0.81076208762064828  0.82186161041703198
  0.83292083257080696  0.84390038598650319  0.85471729213102532  0.86567321370185735
  0.87684743565757906  0.88818761949317793  0.89951131411515539  0.91064614885715300
  0.92207596729907626  0.93353541175174937  0.94488369516966830  0.95587906424726721
  0.96696672207288215  0.97802740394855991  0.98908619735314540  1.00000000000000000
 -0.00784765528338866  0.04475791724536581  0.07339960729131102  0.09728085985728391
  0.11834847610989938  0.13485949052658511  0.14991605035787925  0.16314329812720471
  0.17582309113180908  0.18783746928131501  0.20009395909904740  0.21232309170473579
  0.22391958020028174  0.23468967682209502  0.24500609239892382  0.25439234376288244
  0.26350849550500821  0.27264053303222474  0.28244673633676282  0.29241660345807169
  0.30230619238297324  0.31239353918712853  0.32240187935617542  0.33202676626815802
  0.34122911498221276  0.35050218834611235  0.36004027694325969  0.36936415067339651
  0.37832400533645649  0.38713814590775864  0.39612609469342897  0.40498907042709542
  0.41382433418291842  0.42265365486278361  0.43136492534417614  0.44016285476124439
  0.44909091228080517  0.45791562802422658  0.46673218102755348  0.47516852837779266
  0.48327865127844910  0.49121365197115252  0.49956178781805788  0.50820231138178618
  0.51697424251380508  0.52565067895800388  0.53423645167151657  0.54291469282329552
  0.55180421565946214  0.56092474936764114  0.57008516733357162  0.57906878932548256
  0.58798412577558523  0.59702395618132909  0.60595378245942511  0.61474991052392713
  0.62376502563547620  0.63269744212962031  0.64169209107988279  0.64963709278827619
  0.65506851129840493  0.66080781336564987  0.66610811998673158  0.67023594771903638
  0.67618545283412168  0.68287257060253204  0.68949156390321242  0.69597953424077907
  0.70247180145171439  0.70894086123419298  0.71557693085132135  0.72234613461683528
  0.72946263314962434  0.73774733934385162  0.74679952327882348  0.75606871573555245
  0.76565801468251515  0.77527882550535476  0.78533531266801337  0.79545841959652519
  0.80557051065511742  0.81513280895326024  0.82431326478084110  0.83366628177377622
  0.84332314547434351  0.85350069714588805  0.86437020163371525  0.87589212260643956
  0.88784674442190403  0.90045819372885383  0.91339713868976513  0.92683390505847862
  0.94095665254086014  0.95649242494793940  0.97540736687184659  1.00000000000000000
 -0.01858873435624877  0.12179209267221677  0.17228615328542146  0.20521690834328180
  0.23143968387354283  0.25461171577326719  0.27582711384137543  0.29581890082267320
  0.31387379276839439  0.33023161334366252  0.34552579784924148  0.36009675743270936
  0.37373928374123722  0.38640790394587737  0.39860591063094614  0.41034532569981774
  0.42177080121825578  0.43300781165540692  0.44405584937812520  0.45473118213850694
  0.46508702029713783  0.47540216851407130  0.48533248366584225  0.49504773392843510
  0.50465107220670835  0.51424927110184315  0.52361114164699685  0.53250045067482732
  0.54100655517160390  0.54937026703233893  0.55785941284493867  0.56618448977885105
  0.57396605318622584  0.58137738484090307  0.58865767664579149  0.59589428473352224
  0.60316275637199201  0.61044961731257619  0.61747448727458409  0.62441503519090613
  0.63115862756360619  0.63784639903641926  0.64431639206439562  0.65062419168899044
  0.65691697189100784  0.66308808576518941  0.66854671364401219  0.67323483245871818
  0.67798026719413129  0.68267635349067901  0.68726915681838741  0.69229954792329995
  0.69816364602254743  0.70400568030278776  0.70918183953434066  0.71338098612762624
  0.71723277833985688  0.72101216427187298  0.72453087136233463  0.72818270243027228
  0.73178532962762088  0.73562580092908891  0.73958749118948952  0.74359836761951992
  0.74776963601043245  0.75179525450255169  0.75582619942745410  0.75964527516625990
  0.76348715916790055  0.76723751839775289  0.77083255429304465  0.77648744010992443
  0.78200962533187868  0.78759219146993409  0.79325972683928170  0.79900093133146022
  0.80474713559276545  0.81038323862499395  0.81588776364939253  0.82142329579243811
  0.82701296306335770  0.83277057309487923  0.83879238894508168  0.84517811305008472
  0.85170353020345491  0.85833925779497011  0.86510826996260781  0.87212709542152511
  0.87977557259556693  0.88797309825647464  0.89667030294705141  0.90634961870957376
  0.91732907338155356  0.93127716160451768  0.95227774577419533  1.00000000000000000
   1.8200297901698893E-004  -1.0000000000000000     
 F T T T T T T T F F F F F F F F F F F F F F F F F F F T T T T T T T T T F T T T T T T T F F F F F F F F F F F F F F F F F F F T T T T T T T T T
  <DiscreteSampler_grid>
  grouped_processes
  1 # 1 for a reference and 2 for a running grid.
  10 # Attribute 'min_bin_probing_points' of the grid.
  1 # Attribute 'grid_mode' of the grid. 1=='default',2=='initialization'
  0.0000000000000000 # Attribute 'small_contrib_threshold' of the grid.
  0.5000000000000000 # Attribute 'damping_power' of the grid.
 # binID   n_entries weight   weight_sqr   abs_weight
    13   10   4.516451295748256E+008   1.735460904026631E+018   4.516451295748256E+008
    14   10   4.516451295748256E+008   1.735460904026631E+018   4.516451295748256E+008
    16   10   8.704944865638192E+005   1.404635812676146E+012   8.704944865638192E+005
    17   10   8.704944865638192E+005   1.404635812676146E+012   8.704944865638192E+005
  </DiscreteSampler_grid>
