 -0.00040107775697141  0.00206277915857593  0.00341927092597630  0.00480952299502294
  0.00639089780835020  0.00815515909806470  0.01013077070361340  0.01242256672156433
  0.01486323252478897  0.01736929164929919  0.02001247126376638  0.02277267937805194
  0.02576656056428970  0.02889012208654194  0.03210453288156450  0.03547710509477392
  0.03899865645984525  0.04251712512487132  0.04615554383175850  0.05014187003631679
  0.05441927377958772  0.05871818656171816  0.06308593143919394  0.06768233470523335
  0.07261948848960104  0.07765973968283479  0.08265235058613209  0.08775271456913848
  0.09315794617777029  0.09886249551922474  0.10483266545517254  0.11101999568926837
  0.11733845047850593  0.12366448759643169  0.13005829575916047  0.13656835164218947
  0.14339719154382582  0.15053707811558942  0.15791643234901570  0.16543303615014984
  0.17289003355297761  0.18060309196120272  0.18892212564749195  0.19795296706710155
  0.20761413591329478  0.21784859626569555  0.22837597152577913  0.23889451488091076
  0.25020079928200262  0.26195419397441344  0.27454658418694677  0.28859020370180027
  0.30348271135453253  0.31888681190844143  0.33535116536492299  0.35326703112163765
  0.37378102513858047  0.39639249637154517  0.42096974926440950  0.44588690706627332
  0.47109015365030510  0.49831604582080158  0.52754765744654475  0.55839488870463549
  0.58830829175983579  0.61576815026058218  0.64180672669371397  0.66511403376386946
  0.68653565806320505  0.70643989218242298  0.72461088322654699  0.74081785279549539
  0.75541731390461153  0.77004941260346527  0.78402514894425168  0.79748798256558373
  0.81025933561764074  0.82235681666329796  0.83389996474173489  0.84507515650911402
  0.85628393987885876  0.86748642916279017  0.87866926278049207  0.88978884367408240
  0.89995183191007111  0.90992938391047673  0.91967284212362588  0.92915760843434736
  0.93830104577542695  0.94719779145535377  0.95608707280400362  0.96503455517204362
  0.97392541010748268  0.98267084396267046  0.99134701157186500  1.00000000000000000
 -0.00266350091868535  0.01063891936929536  0.02166591468597233  0.03253752919867377
  0.04331454041593129  0.05397381013293254  0.06518137556610343  0.07640137136423350
  0.08753397479400229  0.09824888679700590  0.10816525570298079  0.11772820962921544
  0.12728145953376280  0.13694491147981902  0.14663671852434967  0.15570203222843224
  0.16462359124947029  0.17392576938088364  0.18349777869217240  0.19325375234574438
  0.20317789739238376  0.21284064033843492  0.22229842178598672  0.23179232213772574
  0.24146879651303227  0.25109698972324601  0.26098207771715737  0.27117567959598754
  0.28186448441041223  0.29248430127924879  0.30278526635622294  0.31330838095166830
  0.32407852531162590  0.33525334131192930  0.34585797302367355  0.35612187652520072
  0.36572792721708541  0.37513204296308994  0.38441674203409026  0.39421504552976305
  0.40473679539538787  0.41539292178128256  0.42589094102953218  0.43634284596307538
  0.44748746595062594  0.45945886514364154  0.47123080472363893  0.48296176703617544
  0.49472315982924020  0.50598833755392325  0.51652697634433420  0.52730629431429776
  0.53813165281669717  0.54932859252133759  0.56013381206148494  0.57083966300917743
  0.58190265278457576  0.59294513355264566  0.60447268406068222  0.61575998637843044
  0.62695015339789084  0.63768999429826656  0.64805756358263966  0.65928014423349035
  0.67053301021693135  0.68221474342852695  0.69369530871816298  0.70464345916781768
  0.71503579968123498  0.72511270767981217  0.73610654417430321  0.74770221565429684
  0.75802354680598005  0.76836712535025198  0.77853315844178939  0.78846929824408019
  0.79785460514063433  0.80696483178938794  0.81628177214878306  0.82782589817556906
  0.83980087272357917  0.85263068965044264  0.86466411711490754  0.87592228714432652
  0.88676508045626679  0.89719632925876658  0.90740218824392571  0.91760601761740546
  0.92780152635516711  0.93806203014492973  0.94829809601667003  0.95915082693531351
  0.97019402155967904  0.98087627740518391  0.99049907538850401  1.00000000000000000
  0.00073659596970861  0.02188070600069073  0.03962570614364327  0.05489796258457447
  0.06873573691493096  0.08162057457162827  0.09342477936221112  0.10528036110652066
  0.11757956817996279  0.13077786398650965  0.14431608376521146  0.15773529347737567
  0.17035190986154475  0.18261534752957598  0.19495803746407958  0.20800390369009858
  0.22109111443616181  0.23371343424666463  0.24667841884021321  0.25894824033019503
  0.27087200112355148  0.28254099802924593  0.29400446699496308  0.30531654520308338
  0.31650358304605064  0.32756282033071693  0.33876260233605443  0.35042425627528839
  0.36218493275471098  0.37395849683876570  0.38582701707592149  0.39735358431933993
  0.40868346554959317  0.41926987253185932  0.43043062636302953  0.44145278559086998
  0.45243842923057903  0.46302322183818123  0.47308191587961668  0.48302237531561942
  0.49292890505959547  0.50254506445725600  0.51207298704829063  0.52142107941417393
  0.53099242192235652  0.54045229185017418  0.55016460317229066  0.56003853670166626
  0.57055224632195189  0.58119921479449244  0.59083320753848512  0.60008690287354993
  0.60877562300877808  0.61698776997256422  0.62509580445091428  0.63326361973574341
  0.64174351135596364  0.65049232882087604  0.65911883250236580  0.66777760341292491
  0.67621947672231908  0.68397211209584807  0.69142669284240488  0.69885985966793140
  0.70649407784559526  0.71457442013830130  0.72284564139206742  0.73070400726540341
  0.73747106828411024  0.74430720298855080  0.75127664514598014  0.75827623187416882
  0.76562136133718461  0.77250670414289835  0.77936905633976639  0.78610678050738314
  0.79304121351717893  0.80025727056079710  0.80755639481549490  0.81489053557058200
  0.82203398959725205  0.82915272220343472  0.83714765520852275  0.84627900804267497
  0.85518998582602723  0.86321521081875008  0.87111452542301360  0.87913568711245660
  0.88735635939312840  0.89589174376780356  0.90510660001067322  0.91531747742628267
  0.92778893178163324  0.94306074137290596  0.96432252911446303  1.00000000000000000
 -0.02135259791289722  0.15126277177277356  0.20670070072438240  0.24476758012619784
  0.27250686177665934  0.29540162923342977  0.31518923987563163  0.33220044979825719
  0.34733829190313803  0.36081622451580353  0.37300438149279980  0.38420297930253572
  0.39462734170357067  0.40461600921572810  0.41442202429012670  0.42415054261815838
  0.43398842497349560  0.44379948273977909  0.45318247561984032  0.46184638530359939
  0.46985209515147391  0.47754037842680469  0.48502296391332006  0.49225433611151759
  0.49931580297103950  0.50613407079283590  0.51267252686270592  0.51925420675365475
  0.52579407360529651  0.53211703224002793  0.53827760552797799  0.54412174725339257
  0.54972830095600034  0.55529407313042145  0.56056947407435076  0.56592165974284014
  0.57100046735250265  0.57625710544827913  0.58164706481029660  0.58654768602810115
  0.59148574953561739  0.59642173736988024  0.60122910744370550  0.60608200709862758
  0.61089701359562310  0.61581414833844339  0.62070408752332207  0.62552087514959875
  0.63023485431575832  0.63487556952264224  0.63952558118459824  0.64430450619135460
  0.64923756757635243  0.65406789055621950  0.65882633225371223  0.66362294419101797
  0.66841766601499408  0.67331144190773340  0.67817927807632872  0.68293608418880103
  0.68767492159127808  0.69239312116760998  0.69713452974330159  0.70185645195020741
  0.70654885888024577  0.71120474226732555  0.71589906702432615  0.72063763403811953
  0.72544213231667154  0.73038518512318540  0.73540601995939214  0.74032693729379950
  0.74524531113379433  0.75013620839394479  0.75501076273466716  0.76036374718703070
  0.76596383748772856  0.77184741890396757  0.77773772288513698  0.78353110559906991
  0.78935362475562798  0.79543165503480462  0.80191452701819133  0.80856498927141141
  0.81552224960196673  0.82285225160370656  0.83026829537106039  0.83825324340460827
  0.84676968667119867  0.85608916507712440  0.86618051300555898  0.87775572691162695
  0.89153006360986353  0.90918818004947644  0.93476888296397542  1.00000000000000000
   5.6835497358093882E-018  -1.0000000000000000     
 F F F F F F F F F T F F F T F F F T T F F F T F F F T T T T T T T T T T F F F F F F F F F T F F F T F F F T T F F F T F F F T T T T T T T T T T
  <DiscreteSampler_grid>
  grouped_processes
  1 # 1 for a reference and 2 for a running grid.
  10 # Attribute 'min_bin_probing_points' of the grid.
  1 # Attribute 'grid_mode' of the grid. 1=='default',2=='initialization'
  0.0000000000000000 # Attribute 'small_contrib_threshold' of the grid.
  0.5000000000000000 # Attribute 'damping_power' of the grid.
 # binID   n_entries weight   weight_sqr   abs_weight
    10   10   1.033609935137432E-004   1.428343918185694E-008   1.033609935137432E-004
    11   10   1.033609935137432E-004   1.428343918185694E-008   1.033609935137432E-004
  </DiscreteSampler_grid>
