 -0.00001356698614608  0.00044385404235535  0.00080730730950065  0.00114528815909556
  0.00147610529721359  0.00179645550669503  0.00210868969562788  0.00242897626980235
  0.00275511606988539  0.00308337110593318  0.00343089316794325  0.00374237996212053
  0.00406379551234978  0.00438510019126437  0.00468476240938024  0.00497157583928125
  0.00526306332395161  0.00556620215295807  0.00587965925488729  0.00619021312456599
  0.00650382756606485  0.00684482781821338  0.00722668436386265  0.00760662652396416
  0.00794588057083274  0.00825895001572714  0.00856541404443231  0.00887198249709569
  0.00915992225602164  0.00944077489687005  0.00972761788391400  0.01002545173066789
  0.01031677784681048  0.01061200704481153  0.01094461118717231  0.01128503831723557
  0.01161911965499879  0.01198704164329977  0.01239618599124575  0.01278890584294051
  0.01320698195967069  0.01357033219622166  0.01391086867865349  0.01425072038153486
  0.01460235525435833  0.01498576228987931  0.01539243301540301  0.01582783579507742
  0.01629306504617110  0.01679476965161944  0.01726377752551657  0.01774382348791378
  0.01817833934564546  0.01863425983583039  0.01910661522216551  0.01962744875241172
  0.02019458624454349  0.02075670916680645  0.02127239581010586  0.02182089458818930
  0.02236714549004770  0.02287613754143903  0.02340520447107024  0.02410709606590363
  0.02495934688081526  0.02580012092768653  0.02665887313496303  0.02757347012783707
  0.02851551059553728  0.02950942953496975  0.03038165140888160  0.03117971955840926
  0.03193877926091476  0.03266764339288011  0.03352237704804616  0.03437639977844692
  0.03531275799741715  0.03625738768363634  0.03716553263131468  0.03809613018117516
  0.03920185780151555  0.04033857531304414  0.04137136458020675  0.04265199677740174
  0.04392177843518562  0.04551701401337387  0.04732248994931146  0.04844075655766794
  0.04954338129862822  0.05060065523148381  0.05161092280008080  0.05291507162360961
  0.05416220038115502  0.06034127016585872  0.35411074045510160  1.00000000000000000
 -0.00203167528047123  0.00993417669668933  0.01945792855310919  0.02889955776779803
  0.03829486457651297  0.04679847507338886  0.05535302794797986  0.06408659850679901
  0.07339823422135845  0.08261453555234811  0.09237004128468128  0.10388744329454781
  0.11538996560747650  0.12641488489765174  0.13659188016713669  0.14698003662487599
  0.15569423127587401  0.16419702684262244  0.17197540635282696  0.17990710723561185
  0.18866481584596076  0.19811135696956839  0.20726092936449100  0.21774519431919451
  0.22962297329857617  0.24170206320436960  0.25460692685193675  0.26726650198845375
  0.27891977700568177  0.28955272629170026  0.30108499364062391  0.31430196547146161
  0.32509752034039602  0.33462343232890618  0.34331710056876313  0.35154975416469592
  0.36052422550747637  0.37034514244532163  0.38284489434519686  0.39741675588156250
  0.41322639375259257  0.42629916567061321  0.43996703245434671  0.45238368459743439
  0.46284879150459157  0.47221973329684208  0.48142540341442858  0.49109958817868832
  0.50043001759152494  0.50972778071922631  0.51834004636930198  0.52811740619509395
  0.53850547912660784  0.54928447910754086  0.56137289981739624  0.57339188216904957
  0.58604953406814075  0.59448233734434031  0.60285468391361519  0.61115009981584578
  0.62086282361490397  0.63172744404030745  0.64173018399298876  0.65226459648266744
  0.66462585476206493  0.67670004751583346  0.68781130589784278  0.70005060313408074
  0.71216788499800909  0.72415198410979675  0.73705154336732448  0.75111830485802966
  0.76566758263246071  0.77853657583825575  0.78919093815334029  0.79929720394535886
  0.80889755979975353  0.81645325900939680  0.82351559410009301  0.83083150504800862
  0.83904480801789205  0.84782364528945475  0.85728783153920296  0.86734329298982649
  0.87708093959576483  0.88868452236387951  0.89890855482061471  0.90832193777565096
  0.91834595803103869  0.92942707334606145  0.93952908453216222  0.94994383938730576
  0.96032207751203569  0.97312389284504131  0.98688797809602391  1.00000000000000000
 -0.00295776470267946  0.05072906260353910  0.08877259487576419  0.12175696118315771
  0.15098568667624693  0.17652182337372566  0.20023506460880508  0.22131954901881312
  0.24008271064405429  0.25832457409667386  0.27780600608662842  0.29791897349590524
  0.31640109363872992  0.33367081648503394  0.35135327408894307  0.36781792162831040
  0.38163605995130290  0.39385681590380245  0.40583511153639090  0.41803280995524544
  0.43026748429154954  0.44165794105484635  0.45177152478810673  0.46158799961129049
  0.47151453849013769  0.48195402459991510  0.49263961054236133  0.50270646344794634
  0.51256683444549334  0.52191168866213600  0.53164938786835803  0.54228842055758453
  0.55264287398906031  0.56128495809838952  0.56951136052611484  0.57717971151448477
  0.58481179056698329  0.59288233556697556  0.60057731887048271  0.60904612348502263
  0.61887029137306870  0.62841810072567894  0.63811602354034702  0.64798140281569183
  0.65551463456647086  0.66226652988076118  0.66803936982855372  0.67339593511791862
  0.67907832191532869  0.68508260431274737  0.69129424675330764  0.69745522883784106
  0.70317773000307415  0.70837554628160393  0.71323925213625761  0.71810440779622198
  0.72328117404450720  0.72879413719091890  0.73463282454725531  0.74054639051314919
  0.74594773823654736  0.75158247439643155  0.75730758076089366  0.76408327089544981
  0.77053220029609415  0.77699032237187748  0.78382958568563377  0.79048297319514482
  0.79591452874417057  0.80046445828314128  0.80644885167658675  0.81237460594925615
  0.81842848528229217  0.82405440241878780  0.82965014822906102  0.83518041709328394
  0.84054487598585159  0.84573486005517040  0.85092060052779372  0.85663381630463720
  0.86284595965191468  0.86921064262534720  0.87538559311119735  0.88076774040807704
  0.88630790561090644  0.89193358010648638  0.89731249988349016  0.90244864741842068
  0.90790291102058751  0.91380059021246207  0.91964089886654821  0.92562689325100977
  0.93210643507070112  0.94034290859147840  0.95457607208432249  1.00000000000000000
 -0.02234941304909646  0.13907510762913672  0.17633961230270181  0.20160351133656695
  0.22161336945521737  0.23720653339792441  0.25005057421390392  0.26176582714179092
  0.27292933720774437  0.28303265069495576  0.29274261363282655  0.30160449664703554
  0.31014010121753438  0.31860082365754649  0.32526175106350408  0.33132065738365907
  0.33731455550245065  0.34329935106261050  0.34923393698491378  0.35438462518208458
  0.35934953814098419  0.36449607965934278  0.37018609020163629  0.37618359228420067
  0.38170652211486489  0.38728911071538091  0.39298501851462070  0.39873043059965524
  0.40425224217331446  0.40948952501232916  0.41450648796815376  0.41924329215981104
  0.42390907793817062  0.42859033013574005  0.43326256330107882  0.43895804603208910
  0.44560022534397259  0.45215105815624113  0.45804431920553379  0.46330956906773796
  0.46827688567111625  0.47333721011134616  0.47814814411534551  0.48206237471940883
  0.48555296299117634  0.48928498130321163  0.49308853767938510  0.49697629360097290
  0.50107321387185411  0.50523579621343095  0.50933912206736109  0.51350649937952630
  0.51757135164031687  0.52175416123293727  0.52539398859758324  0.52923521436389986
  0.53340871110144883  0.53783738076640908  0.54327772992439372  0.54890085889576035
  0.55454067880645230  0.56017455348444756  0.56594128422157930  0.57232377269162527
  0.57880348505461776  0.58506844713145445  0.59150448031838199  0.59778608095528840
  0.60416110221782049  0.61083191028470796  0.61786900569158321  0.62464103920049208
  0.63048247670190249  0.63569045275984026  0.64135344978877307  0.64596032499165179
  0.65074885505097391  0.65566886199332353  0.66104878344187945  0.66725915368364719
  0.67381893213035782  0.68044426623779453  0.68785747490354332  0.69645804152020641
  0.70587719930682724  0.71523154372342101  0.72468614652834273  0.73402719898102398
  0.74425955995398052  0.75623550810504891  0.77069944077022401  0.78666655308926381
  0.80539410383712751  0.82993387284268660  0.87099120295152055  1.00000000000000000
   4.4254100558940284E-011  -1.0000000000000000     
 F F F F F F F F F T T T T T T T T T T T T T T T T T T T T T T T T T T T F F F F F F F F F T T T T T T T T T T T T T T T T T T T T T T T T T T T
  <DiscreteSampler_grid>
  grouped_processes
  1 # 1 for a reference and 2 for a running grid.
  10 # Attribute 'min_bin_probing_points' of the grid.
  1 # Attribute 'grid_mode' of the grid. 1=='default',2=='initialization'
  0.0000000000000000 # Attribute 'small_contrib_threshold' of the grid.
  0.5000000000000000 # Attribute 'damping_power' of the grid.
 # binID   n_entries weight   weight_sqr   abs_weight
    10   10   1.323581873820564E+004   9.381349116336161E+008   1.323581873820564E+004
    11   10   1.323581873820564E+004   9.381349116336161E+008   1.323581873820564E+004
  </DiscreteSampler_grid>
