 -0.00003022281025900  0.00070460255750218  0.00139685509711945  0.00210653764880745
  0.00277434542387661  0.00342462761651776  0.00407439533206004  0.00475632983588711
  0.00545056386263759  0.00611933491326283  0.00673751100893816  0.00739318055945811
  0.00805677956493761  0.00866100577408430  0.00921668219985560  0.00976280037169925
  0.01028070560456855  0.01082583452574229  0.01140162372988679  0.01202461480832408
  0.01267791612461119  0.01330320848271930  0.01389054909300190  0.01446542946941494
  0.01507457984879372  0.01567488859166695  0.01629209733940375  0.01691970224076984
  0.01754453696040431  0.01813823522186102  0.01862956793163128  0.01908445311286154
  0.01955584918221576  0.02003195088980785  0.02054947080865435  0.02104377970398048
  0.02148877647007017  0.02192938063100477  0.02245507895091422  0.02300410196058423
  0.02357967626340478  0.02429941413764127  0.02544071470436244  0.02652286257728942
  0.02741612799634451  0.02824878805355855  0.02900354570142990  0.02978309288330849
  0.03044718316139049  0.03113959966109066  0.03184048001589940  0.03259337062032539
  0.03348597814364824  0.03451114107105099  0.03554609363868598  0.03658434962947698
  0.03736972047546595  0.03816113078328882  0.03895197623183724  0.03974469359104402
  0.04057159848998216  0.04148341951617363  0.04253701127683824  0.04360176981601578
  0.04464534535817222  0.04569585709317858  0.04694151701562944  0.04825495218996050
  0.04958995963208818  0.05051801032696896  0.05133648710399985  0.05216713422734497
  0.05310750088138887  0.05411617155442771  0.05513138735356100  0.05604383881510303
  0.05698949844681107  0.05796670441580907  0.05906268476525408  0.06008243083750305
  0.06089182948879059  0.06179412063270243  0.06259548379611689  0.06352374516647048
  0.06464748678822897  0.06579307916139278  0.06689255824989170  0.06844560540612171
  0.07133380305086555  0.07422200069560939  0.07723732854765553  0.08428322251919936
  0.09132911649074317  0.09837501046228700  0.19497122489166949  1.00000000000000000
 -0.00237600978790455  0.01037172738980640  0.02283906920877092  0.03610078280420303
  0.05173146778631632  0.06788854270559354  0.08169140178415966  0.09384103045181411
  0.10549950082732551  0.11749459022037509  0.13142578355824530  0.14619042713397432
  0.15878177460907913  0.17002452505822388  0.18063940343857748  0.19163254666767371
  0.20355271386845172  0.21586471500936613  0.22760249398361940  0.23931263352724441
  0.25007826642864667  0.25938241282173663  0.26893882389496165  0.28083263572210071
  0.29498325043153589  0.30391313567992917  0.31295458524328085  0.32049140533184517
  0.32753289032556543  0.33447965791076567  0.34170629662727275  0.34903765206036191
  0.35694982966036065  0.36535818907343598  0.37317249081276466  0.38030682539546695
  0.38741104375658802  0.39498072957858543  0.40299358938102031  0.41158688507919028
  0.41969926913262739  0.42803852920708357  0.43637209980006181  0.44789554066919768
  0.45820605378051993  0.46582861413953741  0.47336463670514473  0.48100053169933693
  0.48918054569697972  0.50066359202518262  0.51167147506312227  0.52189113771519891
  0.53187579267757212  0.54304741510886945  0.55579472061532920  0.56799386491112458
  0.57916147308818355  0.59072581187329498  0.60171166339821913  0.61176813064917512
  0.62036502764226698  0.62924764474123185  0.63953355426273861  0.65134564618534396
  0.66462489853940698  0.67658156587073759  0.68595874677230317  0.69560650939047097
  0.70525678019523497  0.71482907896413750  0.72626840845903828  0.73843543240939791
  0.75132131034795036  0.76676534606631108  0.78023061781682390  0.79294471392250898
  0.80543766434354458  0.81764354552584373  0.82859560577624491  0.83823698246406519
  0.84761357128789361  0.85772594044297901  0.86908344192606934  0.88226996334808583
  0.89559020300557346  0.90582466115810290  0.91525215794223502  0.92456592695031059
  0.93309428993097687  0.94052154281774469  0.94794387037062700  0.95546648389096256
  0.96467259378020209  0.97583467475011054  0.98719111939710502  1.00000000000000000
 -0.00576435176436856  0.07790539688623888  0.13731825522613170  0.18722946590048098
  0.23042355329721889  0.27011394756446461  0.30210670885389457  0.32914556588808569
  0.35587684650018636  0.38234578442765244  0.40244876592482232  0.42071294237638895
  0.43849339203839721  0.45698816429004513  0.47651005713605665  0.49643853301822433
  0.51531093214505030  0.53288303628936395  0.54842785700384533  0.56186133479612399
  0.57420554693686099  0.58629916185681297  0.59781102918177309  0.60879038603358226
  0.61909227938591238  0.62855045925135933  0.63738927992504379  0.64613836563982163
  0.65509200138572854  0.66358224223930118  0.67155477721371737  0.67876824906127109
  0.68605177032574560  0.69378296697490094  0.70187061614831736  0.70933277100298098
  0.71569826292808902  0.72150340215611963  0.72691524506927352  0.73188976020772267
  0.73740883258608780  0.74330683263275155  0.75007889617343715  0.75684591957029201
  0.76333101764601452  0.76900536041856238  0.77462840747874295  0.78021177742107406
  0.78583315805337461  0.79159623568532134  0.79687848435868236  0.80178637170630995
  0.80651704024473514  0.81057351700042524  0.81424305893929028  0.81802954338290623
  0.82199977161986026  0.82579202128686080  0.82948492446615674  0.83309545161289256
  0.83718807996332922  0.84105493648358465  0.84472916630260086  0.84805998485182488
  0.85153415605260396  0.85515069011754641  0.85897317441236887  0.86308303551584220
  0.86746848597361892  0.87200017115306239  0.87661357945120155  0.88227190513119569
  0.88750963225912405  0.89248706699911751  0.89720489291390615  0.90122166372834589
  0.90536063706472381  0.90975360008190143  0.91392560119694954  0.91783337296088097
  0.92118406808344322  0.92421351018498066  0.92708356901947908  0.92996049041022966
  0.93302507559311298  0.93626782623586280  0.93976160734586933  0.94340661844362739
  0.94703043793245933  0.95051607425221440  0.95395408687905980  0.95745086961746728
  0.96156137942511655  0.96630293741655626  0.97342611511132393  1.00000000000000000
 -0.01448142915543158  0.09495924716129546  0.13508389563695533  0.16223264076138022
  0.18639093362642697  0.20796889683709779  0.22369528468446179  0.23784291789235282
  0.24937557861546616  0.25903505440988017  0.26735288970293414  0.27529521540291735
  0.28346065735266368  0.29260062988061297  0.30224430646442063  0.31131400044819746
  0.32007262517272234  0.32827752152861234  0.33663449130179829  0.34488657014412988
  0.35325841631726995  0.36192034039702914  0.37091069139288629  0.38030968754792582
  0.39030281566533748  0.39653886003553179  0.40130572923655933  0.40569717304500330
  0.41045301312011878  0.41527988862445708  0.41991815497287166  0.42445535007092144
  0.42896115412670233  0.43322416775277389  0.43695086152588930  0.44074377549095312
  0.44465134223958364  0.44901230895710675  0.45358144139576934  0.45732465171274028
  0.46248293356897707  0.46815748458495582  0.47426945115208957  0.48088910176785615
  0.48741199173579058  0.49376734665829225  0.49994562925848013  0.50505653631373670
  0.50970478272403308  0.51444112194392089  0.51938980918420019  0.52409809839361221
  0.52866482304438422  0.53314104440349841  0.53810131563517627  0.54292843847024264
  0.54669920500462432  0.55008897234003806  0.55341737916143119  0.55719713725084652
  0.56146168899178384  0.56528113822239534  0.56943547967685526  0.57346522131744659
  0.57734201775220229  0.58126762156412315  0.58567563596149819  0.59070084811554302
  0.59616540938653240  0.60193083139471260  0.60778515999310290  0.61360175887359381
  0.61988739443390539  0.62752856056521400  0.63605380670502565  0.64440834571061423
  0.65151158864784542  0.65865328271942691  0.66598620324940161  0.67433519699365985
  0.68340257300111762  0.69242720511036870  0.70138369181251681  0.71044285342937641
  0.71975289633985495  0.73000118096807909  0.74313810630427668  0.75737373460978363
  0.77458082541087869  0.79153303687957610  0.80723450519978457  0.82376783260674025
  0.84418887980604762  0.87226035540419677  0.91464391059217098  1.00000000000000000
   1.1520685160805540E-011  -1.0000000000000000     
 F F F F F F F F F T T T T T T T T T T T T T T T T T T T T T T T T T T T F F F F F F F F F T T T T T T T T T T T T T T T T T T T T T T T T T T T
  <DiscreteSampler_grid>
  grouped_processes
  1 # 1 for a reference and 2 for a running grid.
  10 # Attribute 'min_bin_probing_points' of the grid.
  1 # Attribute 'grid_mode' of the grid. 1=='default',2=='initialization'
  0.0000000000000000 # Attribute 'small_contrib_threshold' of the grid.
  0.5000000000000000 # Attribute 'damping_power' of the grid.
 # binID   n_entries weight   weight_sqr   abs_weight
    10   10   2.489067588179570E+002   1.615902144978137E+005   2.489067588179570E+002
    11   10   2.489067588179570E+002   1.615902144978137E+005   2.489067588179570E+002
  </DiscreteSampler_grid>
