 -0.00007561774183503  0.00062739741118974  0.00135735232208525  0.00234244973711439
  0.00359015163657057  0.00511202001713100  0.00691979005113808  0.00893427578413240
  0.01117601838428186  0.01364453084842269  0.01636327336135972  0.01923252835737572
  0.02222796261875001  0.02524355308374105  0.02842861846970759  0.03185925729960841
  0.03567725945211826  0.03991872422860490  0.04442093699814859  0.04897336272269813
  0.05360939986877571  0.05840249516477231  0.06342490370619328  0.06857270523418234
  0.07392992162544798  0.07959229573147188  0.08533623160459475  0.09144539447319572
  0.09766453638570097  0.10405578956503155  0.11073466018153751  0.11738883527065770
  0.12411528431700822  0.13097989614679506  0.13803841824255864  0.14536187653286159
  0.15302131450150272  0.16096698763437020  0.16925041927237364  0.17781182954731034
  0.18653035973514132  0.19540465952504241  0.20442086779573154  0.21360724031695150
  0.22307642731403365  0.23315864899556643  0.24391680150458719  0.25525172023171006
  0.26773375584125780  0.28139364920632920  0.29581486028363030  0.31095143845970857
  0.32680307707250361  0.34340625072603170  0.36116830020551433  0.38040002370600046
  0.40095436865494621  0.42209498749188945  0.44366184751434690  0.46654709258740118
  0.49176932860296063  0.51916542052916259  0.54691243266120781  0.57376094146474343
  0.59899317422439935  0.62032868750373604  0.64052970903825668  0.66014058742761117
  0.67901609627168413  0.69681657735438951  0.71369072851006810  0.72996797236239841
  0.74584950702810426  0.76067464781368332  0.77500797222542883  0.78885849680454023
  0.80231681526467657  0.81555367607160478  0.82826597612780195  0.84030757977705495
  0.85171985806095829  0.86264796614410666  0.87329941165820779  0.88345074206782881
  0.89358337383221442  0.90377798167921108  0.91394560874179642  0.92372548567695956
  0.93311061130845119  0.94247595199953660  0.95184783996436273  0.96123954769819231
  0.97091091433871435  0.98058660064419567  0.99027944785883470  1.00000000000000000
 -0.00174926988949052  0.00865680964773584  0.01782739968989065  0.02742739331350847
  0.03686328800169483  0.04578044943073217  0.05464732508632605  0.06398713218932484
  0.07396130931128980  0.08382711091002365  0.09316475901173488  0.10275538030436132
  0.11269275487381156  0.12288756694841577  0.13298672468025327  0.14326081358939860
  0.15395910870447466  0.16521558771680034  0.17695490913339523  0.18895295413651031
  0.20066810993817846  0.21160160793074756  0.22150027922122154  0.23091234914112674
  0.24007352978365101  0.24950176204402502  0.25913304565756889  0.26903308804751480
  0.27907237978529981  0.28919344189248980  0.29949041440495949  0.30936645694064258
  0.31879762015004787  0.32788814403428584  0.33792174099953082  0.34872770901547662
  0.35923666394498532  0.36968528604270751  0.38012450637372819  0.39036682933460010
  0.40035185958516079  0.41001808129903722  0.42032122252500076  0.43138902018943909
  0.44220676526630243  0.45228319240687298  0.46168434041770468  0.47056208476821049
  0.48014036676420441  0.49064957229801320  0.50152562405437895  0.51229415290218283
  0.52252874381149617  0.53248115825718800  0.54246488295016515  0.55237802435476102
  0.56231196162557517  0.57205045394031107  0.58214644399367488  0.59238993410403062
  0.60191738990817922  0.61177693538578626  0.62199886829883844  0.63339889124459414
  0.64485477972821181  0.65696421069165289  0.66915554359220752  0.68092302479552791
  0.69215024527006630  0.70296556989129255  0.71344192404564932  0.72461594418658593
  0.73594411108976121  0.74771768422233964  0.75885903216337036  0.76974109193330842
  0.78039318507864286  0.79115804797433675  0.80208428489290495  0.81318233936910556
  0.82420270253249717  0.83539633792811474  0.84707087071720288  0.85877388949687361
  0.86995716288076752  0.88124134527370213  0.89334335352157346  0.90588800144804804
  0.91940225705811540  0.93331926076813643  0.94630232869570496  0.95893131006837673
  0.96920838965268219  0.98018159352598866  0.99014648041193110  1.00000000000000000
 -0.00278166441419800  0.01687024595724987  0.03165582282290409  0.04511420974334265
  0.05773891952133273  0.06959082482129533  0.08095007073169075  0.09271961923660758
  0.10472450868823932  0.11661174238667826  0.12824545867580769  0.13972230879339087
  0.15107598293917804  0.16259752255021845  0.17430068414826025  0.18613000756026016
  0.19757340731174153  0.20905382823757782  0.21985853975610298  0.23044459437763401
  0.24119288647212023  0.25141062118511409  0.26114797712869303  0.27146082597043208
  0.28242862366014104  0.29330171739886940  0.30430832659166668  0.31604089533112195
  0.32861494595143997  0.34128442281922089  0.35361665212330268  0.36525921759244045
  0.37603766648706793  0.38634147069951980  0.39651431421799183  0.40700624032314880
  0.41792809904429745  0.42927243261745657  0.44067558381058075  0.45196438332870231
  0.46316786027635604  0.47460744913779257  0.48650535457697813  0.49883376315404199
  0.51127822366107878  0.52375026653548451  0.53592146582706623  0.54801271765188320
  0.55991161050711402  0.57112936076172571  0.58222912420705297  0.59392152924628616
  0.60558997421594829  0.61715701579857851  0.62822947692436326  0.63882307279243122
  0.64892392385430753  0.65891935526886436  0.66908313327184499  0.67900461898756792
  0.68887556736522781  0.69908296964680428  0.70987231484851143  0.72063946304001192
  0.73074581133782734  0.73907917516928756  0.74720010473143350  0.75535835653139582
  0.76351394550542118  0.77155111939857612  0.77930412398667870  0.78746327784012915
  0.79574023741092992  0.80423328045242393  0.81283341860669123  0.82147397382219034
  0.82969060463925159  0.83780118059983022  0.84619652049131322  0.85486249625090760
  0.86342387776718910  0.87207628876398202  0.88039164133392500  0.88878027291729533
  0.89709976392830226  0.90482405924338272  0.91291721888297694  0.92035246136271120
  0.92772081624099312  0.93463542871849881  0.94248208912186993  0.95028873159181759
  0.95861341161704972  0.96821729983348637  0.98089152890425302  1.00000000000000000
 -0.02026733582169258  0.14747376050493505  0.19768414994752626  0.23266775639214707
  0.25905214709107222  0.28294966163641216  0.30370568068600368  0.32281450026850939
  0.33994306450270823  0.35601198463783129  0.37062959413534163  0.38464146102335256
  0.39736168289294888  0.40927998830006856  0.42052205135121645  0.43144518805491094
  0.44119876863643986  0.45039948276069708  0.45917964445327941  0.46753512266073771
  0.47553100311880803  0.48360887862326496  0.49170826653394001  0.49950812691648772
  0.50712412346690183  0.51469543939559403  0.52198421386346527  0.52914038115476347
  0.53618165277002039  0.54325074588958566  0.55036051908590367  0.55759502855734000
  0.56465491404526102  0.57138168532324762  0.57775853803212063  0.58410113631794858
  0.59067158459244740  0.59736343986154383  0.60401691747580233  0.61052815291675877
  0.61686158403179392  0.62297143975811731  0.62876127815849636  0.63427033148049594
  0.63994107698170100  0.64549905486991155  0.65093205903347684  0.65603389472883666
  0.66114104421812947  0.66623162025594873  0.67128237498088106  0.67629164114549400
  0.68122135105452242  0.68600221966222996  0.69057554749600603  0.69494226210649224
  0.69924430880489430  0.70371191129200394  0.70822816597879856  0.71288670029891554
  0.71751352399800972  0.72213799365408082  0.72675973936455707  0.73134140257798652
  0.73583576782880289  0.74025219113969087  0.74467962694164269  0.74912688965427932
  0.75361926166204118  0.75812776954603089  0.76261776721175711  0.76735394745466112
  0.77230370053648123  0.77737036797166259  0.78244335979638646  0.78746196504426547
  0.79260548680792364  0.79812259803019814  0.80355735827823360  0.80918029683395576
  0.81499208864070716  0.82093315428360980  0.82697262606693533  0.83309399646910043
  0.83929611754726052  0.84564934446408868  0.85235158643928799  0.85956158262061877
  0.86724752303743957  0.87535256361104030  0.88436205783977195  0.89440721014236424
  0.90687059558442595  0.92312499641655588  0.94765987985529587  1.00000000000000000
   9.5013598665594864E-016  -1.0000000000000000     
 F F F F F F F F F T F F F T F F F T T F F F T F F F T T T T T T T T T T F F F F F F F F F T F F F T F F F T T F F F T F F F T T T T T T T T T T
  <DiscreteSampler_grid>
  grouped_processes
  1 # 1 for a reference and 2 for a running grid.
  10 # Attribute 'min_bin_probing_points' of the grid.
  1 # Attribute 'grid_mode' of the grid. 1=='default',2=='initialization'
  0.0000000000000000 # Attribute 'small_contrib_threshold' of the grid.
  0.5000000000000000 # Attribute 'damping_power' of the grid.
 # binID   n_entries weight   weight_sqr   abs_weight
    10   10   8.988273007624958E-004   2.534440302708917E-006   8.988273007624958E-004
    11   10   8.988273007624958E-004   2.534440302708917E-006   8.988273007624958E-004
  </DiscreteSampler_grid>
