 -0.00008887735873422  0.00074770610151842  0.00170657549583262  0.00307052276954213
  0.00490885095880958  0.00706750520259635  0.00964665460632724  0.01268166292730286
  0.01615017551742584  0.01981976660764031  0.02374091385313225  0.02795156338548912
  0.03239486329760788  0.03725349007228569  0.04238559405909573  0.04786571638788541
  0.05376931832356204  0.05991083769512416  0.06624396939722438  0.07258532080364714
  0.07911982309465630  0.08589764185553346  0.09284752782510439  0.10001845693757039
  0.10730370363820389  0.11461256078143815  0.12205564679990764  0.12963346864748734
  0.13767875777281785  0.14610483291768925  0.15469363833268576  0.16334721728565094
  0.17192723095497814  0.18066976541364463  0.18955963861976696  0.19895177419407573
  0.20863071746765754  0.21867440745132680  0.22897663466231766  0.23942075695713280
  0.25012842316074863  0.26113379679322768  0.27224337810622096  0.28332246765481206
  0.29457347752451007  0.30620330274042973  0.31781819617267537  0.32929764327622607
  0.34115379061923568  0.35315635705066306  0.36531448135407496  0.37785223266052148
  0.39065845454632631  0.40372294051628788  0.41695242000525812  0.43016380647535579
  0.44326930935312947  0.45621304356262715  0.46934681006677215  0.48230748028288428
  0.49528537677753848  0.50853941805435487  0.52184716479243620  0.53500192342388486
  0.54813028918379669  0.56125392772600513  0.57433511377081747  0.58759233857169446
  0.60078806849180133  0.61394308501979700  0.62693398891140095  0.63975287507056700
  0.65253786768246436  0.66525298078045680  0.67787308177460137  0.69067288191215481
  0.70383297195109817  0.71741299947889015  0.73129076855321240  0.74514626767750458
  0.75949722556303378  0.77408034452139407  0.78961523828927016  0.80541747387500440
  0.82060257945942594  0.83570754802482805  0.85200591718003782  0.86835399330818386
  0.88428116831338166  0.89976894177679079  0.91610641650108116  0.93282766179310450
  0.94965811960115154  0.96640212095143629  0.98317420598883642  1.00000000000000000
 -0.00238954240871641  0.01054664554899783  0.02147246471348809  0.03176947189608250
  0.04245462157933724  0.05364741146881256  0.06487353947788589  0.07535383541387715
  0.08568424263682781  0.09646736836255629  0.10741085488018075  0.11868331569642016
  0.12996498283515934  0.14131818980925781  0.15166416649421088  0.16181679536639018
  0.17203588659788424  0.18242798194345766  0.19256124239105260  0.20219699482417797
  0.21196567488737272  0.22188962760969780  0.23161002483142071  0.24125695363805957
  0.25122428966645804  0.26155752720878128  0.27170478067731257  0.28144100544709399
  0.29123326979256520  0.30181776674152050  0.31258658910102427  0.32330556920504816
  0.33313599433874286  0.34466574895739188  0.35589289707009308  0.36696452088879727
  0.37773891925356906  0.38891544815584161  0.39989936934385090  0.41098581070651935
  0.42260827539591589  0.43445015876768078  0.44624741520700484  0.45797150919046536
  0.46990242523797615  0.48171434858500023  0.49309004715270904  0.50409988926606630
  0.51457582659660539  0.52489721016519797  0.53542822682712765  0.54579749084119433
  0.55599987925363048  0.56684569363630222  0.57812891027890456  0.58917685792188479
  0.59973447804250390  0.61098082223273198  0.62303936947824445  0.63528944958113243
  0.64702625124291513  0.65799476883658992  0.66807749069077393  0.67748564132964739
  0.68696233720922750  0.69655612648445897  0.70627210162336196  0.71625895261333372
  0.72664195334588977  0.73746282235202976  0.74792415255041611  0.75758255290278276
  0.76700950426917525  0.77682536282246450  0.78749829492049406  0.79802588805927566
  0.80808278045793980  0.81794468864696701  0.82840641490472655  0.83863324138791673
  0.84906453036669571  0.85914367896128419  0.86865354857669730  0.87792824867178798
  0.88727356561149451  0.89669032169978791  0.90629096470826087  0.91628231461857590
  0.92665697274240677  0.93740887724424748  0.94701848898502805  0.95694684593917778
  0.96752821798780808  0.97850389246931646  0.98925463104442490  1.00000000000000000
 -0.00366660459698993  0.02418523417992142  0.04448637041185824  0.06129968557905807
  0.07643122632466570  0.09068059015579051  0.10417087949216836  0.11715518522711857
  0.12946467914120491  0.14132164911492709  0.15299637093463672  0.16445051077802383
  0.17536469163617485  0.18628143502877506  0.19711433358059136  0.20787819751425779
  0.21821100452211237  0.22832055232620302  0.23807441441636759  0.24776439620803029
  0.25745351443464931  0.26654790816841833  0.27531197313338640  0.28424779833719488
  0.29401269438189231  0.30468093266845020  0.31539208715093453  0.32601341423359309
  0.33662171217298681  0.34783056948250407  0.35792321881688893  0.36732944859259148
  0.37654531843770173  0.38664982621962590  0.39645649050330062  0.40654295189100303
  0.41619498071159317  0.42552868060996263  0.43448828461840322  0.44258209337514870
  0.45032112105083233  0.45811412996583356  0.46616991294403753  0.47467406710582166
  0.48343712098847419  0.49250926373659254  0.50158230256292402  0.51075552768030918
  0.51950965496401280  0.52785252172508668  0.53609607822666194  0.54448717424376658
  0.55306252267253286  0.56168917275610952  0.57028920363913560  0.57889885909325056
  0.58774589640288877  0.59673743339974361  0.60573898296182083  0.61504812727224489
  0.62448700914319089  0.63360081926609835  0.64272841716291318  0.65162312894863017
  0.66008135895257491  0.66829217153171161  0.67590151437186907  0.68351568424546916
  0.69099191319095477  0.69852018648829672  0.70619708807767290  0.71404119660488963
  0.72219113938905355  0.73048151707152342  0.73881580673345471  0.74702022162088977
  0.75558476100568905  0.76456653659765139  0.77346699347689796  0.78237699617838097
  0.79155422013104704  0.80120487561948361  0.81140626077095668  0.82170378810117795
  0.83206273500472272  0.84236849838021033  0.85262182412425014  0.86308858768509755
  0.87384010128693601  0.88510745588663198  0.89796000849233237  0.91288624426855014
  0.92878343832284260  0.94581476189832703  0.96638097257269917  1.00000000000000000
 -0.01932236207232941  0.11131942648334169  0.14491416601360815  0.16665156184714841
  0.18374593113353166  0.19817678983904735  0.21114616248488424  0.22316713507425473
  0.23427313702610644  0.24494597531563619  0.25546688291777797  0.26565267135485038
  0.27501516477950450  0.28375334115618528  0.29233809404647670  0.30027969593641413
  0.30749133938934270  0.31429101730042919  0.32071767483795227  0.32730833576132218
  0.33379711459866329  0.34066955830710782  0.34717309290611997  0.35376674425352594
  0.36024080027184507  0.36677676509963847  0.37347890329274153  0.38029915791765623
  0.38705177945314023  0.39372752792044086  0.40045685570993916  0.40720926055196893
  0.41381270212931209  0.42021728046256956  0.42663428652232244  0.43314738298267236
  0.43941918114185829  0.44544869488762245  0.45128678589729510  0.45692120016450866
  0.46241409281353124  0.46781709618707429  0.47329584086183407  0.47882192836137499
  0.48438890071500168  0.48996090378910712  0.49559103281163414  0.50105662207111534
  0.50652580334623498  0.51194117627783753  0.51728559932020612  0.52263833734550202
  0.52791271686424424  0.53315312539625415  0.53849837636841902  0.54391303287661130
  0.54952537664863310  0.55528037603289393  0.56120330486532410  0.56717552757785561
  0.57301260313591929  0.57868215182450800  0.58418996493899844  0.58965126727348760
  0.59526278175650138  0.60101847708479483  0.60676347693152122  0.61252910104842617
  0.61832618834717823  0.62409613399361075  0.62973930303771830  0.63533402856312626
  0.64128939315129041  0.64785000063207854  0.65461318891643538  0.66129526893673873
  0.66798220434066913  0.67465877747970204  0.68126199718040381  0.68823622447266897
  0.69615013417243277  0.70468423829835691  0.71339874845489404  0.72269011376354164
  0.73226877680785940  0.74236354071198940  0.75292286466852809  0.76315709385256258
  0.77508147971342822  0.78800931165546850  0.80138804368309380  0.81502492260409853
  0.83151109205612594  0.85289388212026451  0.88488278673663678  1.00000000000000000
   1.5722666807417916E-011  -1.0000000000000000     
 F F F F F F F F F T T T T T T T T T T T T T T T T T T T T T T T T T T T F F F F F F F F F T T T T T T T T T T T T T T T T T T T T T T T T T T T
  <DiscreteSampler_grid>
  grouped_processes
  1 # 1 for a reference and 2 for a running grid.
  10 # Attribute 'min_bin_probing_points' of the grid.
  1 # Attribute 'grid_mode' of the grid. 1=='default',2=='initialization'
  0.0000000000000000 # Attribute 'small_contrib_threshold' of the grid.
  0.5000000000000000 # Attribute 'damping_power' of the grid.
 # binID   n_entries weight   weight_sqr   abs_weight
    10   10   1.265354246670834E+002   2.678308424720852E+004   1.265354246670834E+002
    11   10   1.265354246670834E+002   2.678308424720852E+004   1.265354246670834E+002
  </DiscreteSampler_grid>
