 -0.00004670734416767  0.00073879234078377  0.00145561906164807  0.00215711021890878
  0.00287473027504918  0.00355290717454835  0.00425998719174274  0.00496715836082265
  0.00562780526591492  0.00631609389909017  0.00698185159762703  0.00753533762638174
  0.00809795276411512  0.00870819398462080  0.00927481646921291  0.00979886111628665
  0.01031533858413332  0.01085520391072841  0.01141174795950783  0.01201509913674681
  0.01259547164009750  0.01317194367118205  0.01382734014232382  0.01445486507749488
  0.01509008936461480  0.01572881766302191  0.01637203393959006  0.01716583232389936
  0.01801755159868927  0.01882368757447518  0.01960680387457019  0.02040524995120070
  0.02116320789887659  0.02188261738463597  0.02262106739325380  0.02332961115380046
  0.02400897433901179  0.02502923009071330  0.02615278966877508  0.02700532076393874
  0.02772128239209133  0.02830784671981186  0.02885946531091452  0.02938916484586673
  0.02990373373708855  0.03045132636726774  0.03105501011165185  0.03167131640646498
  0.03229131512386052  0.03290766098485396  0.03353331103028758  0.03416287662277412
  0.03475569766722719  0.03534852917437675  0.03590584985459994  0.03648043331185749
  0.03747196860181349  0.03871420361493842  0.04027036132325481  0.04235650120366439
  0.04453191301527433  0.04674655366684503  0.04883542046988702  0.05049767250256154
  0.05155219112234791  0.05226046054327448  0.05297772433453006  0.05368265798041017
  0.05444224724334686  0.05527696083229097  0.05625539761842704  0.05740751036620617
  0.05836467567887685  0.05918485370232476  0.05991658996398795  0.06088874712965751
  0.06184716270049476  0.06270090127007300  0.06350785937011875  0.06430996890287419
  0.06517875338486918  0.06595840764692812  0.06732363012165078  0.07062602169528202
  0.08872138538723300  0.10489325735823370  0.11228527109799956  0.11632587917104376
  0.12224817709008026  0.12792409374916353  0.13413420280804483  0.14644369848629119
  0.15887754924806427  0.17122153970317477  0.24474083673965000  1.00000000000000000
 -0.00214250372854268  0.01204721075825372  0.02335529730362517  0.03515043692980693
  0.04801920602236931  0.06123946247953865  0.07389358518393060  0.08591938906028462
  0.09773658356977503  0.11107959056931761  0.12469081596994348  0.13726450624177591
  0.14947707455334538  0.16018890528892527  0.16952344971103236  0.17793241119715464
  0.18635254623586744  0.19596260904685006  0.20582641687715683  0.21512621823117775
  0.22498777591376992  0.23481080499363727  0.24449495566608140  0.25470772640625178
  0.26587252171964215  0.27803145885086039  0.29006852603714506  0.30143630428953011
  0.31302346431208006  0.32563778308332558  0.33871538345540014  0.35221373481638479
  0.36682667668683061  0.37960318681811467  0.39003228938944479  0.39946586930933892
  0.40904490052903725  0.42036377696473914  0.43266508231028922  0.44280444888682091
  0.45173363947770684  0.46019922602780289  0.46930358811930944  0.47837396922829289
  0.48725471168901596  0.49663972958702246  0.50664998252714788  0.51634849951570205
  0.52676679137726556  0.53881056429528873  0.55269553473541766  0.56763603560713727
  0.57725258924463319  0.58758565485996184  0.59724576331720758  0.60727162974194049
  0.61804568645696500  0.62910758863334615  0.64025977702826398  0.65086011256788301
  0.66312956838320070  0.67560058723917649  0.68833991423610530  0.70175315779299641
  0.71238886383960431  0.72209937938081536  0.73225595290738121  0.74298005044390336
  0.75464912045426391  0.76835011860194491  0.78339852461766535  0.79676651665896758
  0.80670058897844188  0.81692701190025008  0.82737583569249662  0.83644920420424851
  0.84442239970792843  0.85252763026148726  0.86047500945122857  0.86834188459208672
  0.87491222742091757  0.88153821044721614  0.88842438641860799  0.89504486912988623
  0.90157555051043081  0.90800318846751171  0.91425438258918068  0.92544530059917585
  0.93701513196399100  0.94624031416188170  0.95444562495867447  0.96340220919492559
  0.97256817980304389  0.98157863984717142  0.99065796058353983  1.00000000000000000
 -0.00649676562157112  0.08213140956645779  0.14055565926403865  0.18770130734529938
  0.22363970841653305  0.25652910977310378  0.28889079925456701  0.32126118946801890
  0.35171562762324560  0.38027657763799094  0.40458426635465100  0.42744381642300378
  0.45176140119557745  0.47701980442108188  0.49628760946971739  0.51386462571005354
  0.53029082266122662  0.54501729004505328  0.55943839040305043  0.57242571581201407
  0.58378298825966735  0.59429038386639033  0.60433058843764165  0.61383485588749265
  0.62391454543652969  0.63494694984591349  0.64575866672596205  0.65562656604616698
  0.66453451258306806  0.67508489682541228  0.68556952565580831  0.69490674574519262
  0.70303571862470626  0.71082356269255409  0.71797759281027773  0.72502211651655712
  0.73169537133369200  0.73855262006954436  0.74594404163058881  0.75327669384896490
  0.75970286472396986  0.76528743547919187  0.77035726691223738  0.77496948654860476
  0.77928704045817787  0.78348253937908607  0.78768862938383555  0.79234503945767132
  0.79871227070791118  0.80527223741634846  0.81090978434768035  0.81608718592598850
  0.82101756870293519  0.82580683495768981  0.83077231686022657  0.83580097676454745
  0.84098741931635435  0.84597424204503990  0.85055000369589984  0.85465654195475016
  0.85811666057531000  0.86120975701062130  0.86446557633197740  0.86771498678722536
  0.87099575918903849  0.87426228201100886  0.87739962358974455  0.88022738930606448
  0.88300440124626745  0.88592358479978117  0.88896087534403856  0.89205737289802023
  0.89504534908680577  0.89810274981114191  0.90100905253602359  0.90369224738044029
  0.90646123754120556  0.90912998076205376  0.91169349997510241  0.91435316035095993
  0.91773027092094783  0.92126524613732219  0.92497398208851578  0.92878930526741088
  0.93265120399510282  0.93695558469059437  0.94083508337998289  0.94439764077053878
  0.94784958930370111  0.95144443211316398  0.95554207043977879  0.96106907120411145
  0.96819503950959274  0.97552383587989233  0.98460899426612780  1.00000000000000000
 -0.01561342899635275  0.09875704156095537  0.14524538981838836  0.17753366856956307
  0.19809159172806781  0.21382248192754022  0.22768878689465274  0.24056311452215726
  0.25328708768422459  0.26619945980304016  0.27906973672826380  0.29044759218237987
  0.29996218402056873  0.30894251265465311  0.31546944859180981  0.32131675362750811
  0.32741174268931850  0.33345543672098354  0.33953912213630760  0.34561571903003080
  0.35238427940456013  0.35848418101808738  0.36436653280919229  0.36971230641776803
  0.37568152604787947  0.38293441958287427  0.39050631433195265  0.39691261867514444
  0.40114766324153972  0.40539884563085898  0.40983038798434107  0.41475571696438279
  0.41972588585803017  0.42456896259592647  0.42902972089365016  0.43352336274658537
  0.43823224263433008  0.44253855860625269  0.44703680141943580  0.45170272864166727
  0.45606103992643571  0.46070959273283779  0.46677830638630186  0.47311804948557756
  0.47946508583378328  0.48565566257233228  0.49175952098013304  0.49785333783584007
  0.50353672538017946  0.50948152144600023  0.51442204294852101  0.51897387869280709
  0.52364728111453562  0.52842162369756807  0.53354545720189928  0.53884564792988310
  0.54480659776871665  0.55177874745687194  0.55872389087316365  0.56541773798679817
  0.57179385647710979  0.57883294743803193  0.58621917095024489  0.59339095679433318
  0.60017141554609366  0.60667921212103137  0.61337222464857710  0.62045609840578020
  0.62762699350955520  0.63479602471411922  0.64223423372724420  0.64866597038690998
  0.65404419482417397  0.66041205980532092  0.66684930219617089  0.67313810183342593
  0.67921972023673582  0.68527520022759270  0.69122328718006187  0.69721203370943763
  0.70395134947250526  0.71152102042255738  0.72018714195793787  0.72929019024853281
  0.73805571896161970  0.74671701928349343  0.75556181521546684  0.76473923109930342
  0.77483085780470862  0.78659843526325057  0.80413948855456341  0.82753448541194274
  0.85046721255099900  0.87340437687574668  0.90597573485935901  1.00000000000000000
   1.1412766431195294E-011  -1.0000000000000000     
 F F F F F F F F F T T T T T T T T T T T T T T T T T T T T T T T T T T T F F F F F F F F F T T T T T T T T T T T T T T T T T T T T T T T T T T T
  <DiscreteSampler_grid>
  grouped_processes
  1 # 1 for a reference and 2 for a running grid.
  10 # Attribute 'min_bin_probing_points' of the grid.
  1 # Attribute 'grid_mode' of the grid. 1=='default',2=='initialization'
  0.0000000000000000 # Attribute 'small_contrib_threshold' of the grid.
  0.5000000000000000 # Attribute 'damping_power' of the grid.
 # binID   n_entries weight   weight_sqr   abs_weight
    10   10   1.381986978111295E+004   1.885049676600262E+009   1.381986978111295E+004
    11   10   1.381986978111295E+004   1.885049676600262E+009   1.381986978111295E+004
  </DiscreteSampler_grid>
