 -0.00037806700481509  0.00208609560235544  0.00349907296508401  0.00484855391508010
  0.00639894643310678  0.00808374598328840  0.00987481632917098  0.01182177131385516
  0.01378853631667798  0.01603494080637652  0.01858092245162886  0.02127796121237201
  0.02403599546421616  0.02696431739741276  0.03014133718232022  0.03361176420224329
  0.03712154466911599  0.04069394487512273  0.04436603174900029  0.04811333379789983
  0.05197886543838832  0.05615491057855593  0.06065001644724814  0.06539526117247912
  0.07026292095412207  0.07527129891405668  0.08036409559303774  0.08554908705334664
  0.09083328229875626  0.09615751960793995  0.10169658507036361  0.10767783095042438
  0.11409987188176485  0.12072120903069025  0.12743207771482140  0.13432334273522331
  0.14153246802484709  0.14917407544654901  0.15711169856508769  0.16515834863552487
  0.17351217608839936  0.18215378987785072  0.19098383880306274  0.20008937245417555
  0.20965177400633606  0.21931874446918009  0.22931138501095163  0.24012774111791230
  0.25192825968409555  0.26436710000756136  0.27728119379610033  0.29073909867170405
  0.30487967716617104  0.31964884315277076  0.33631319560439427  0.35422185792931765
  0.37445444345146134  0.39575860767926824  0.41792755533093839  0.44118051453573431
  0.46482529593879685  0.48853349234217791  0.51414931844045664  0.53867990372759145
  0.56259373067330809  0.58649451128702357  0.61007577578010819  0.63327249909466821
  0.65184137101261674  0.67017524603866629  0.68797048394785543  0.70505460664705799
  0.72134403945589398  0.73711251654045851  0.75232546457241278  0.76678819577456581
  0.78121042163285070  0.79511558417285388  0.80860698802413267  0.82190219788585817
  0.83497629790774874  0.84767640577428560  0.86023989903477538  0.87202193023850416
  0.88354079169379018  0.89504470124089619  0.90631102639322303  0.91713508961914370
  0.92761526230811708  0.93777938118888904  0.94830876531512942  0.95878906908071126
  0.96921635851670929  0.97942016598539361  0.98967794560189160  1.00000000000000000
 -0.00210800210862120  0.00827590520243505  0.01706273150473952  0.02693645836968302
  0.03745285190883908  0.04816010707111776  0.05873041630281224  0.06988168354943555
  0.08161548679944818  0.09273404419941059  0.10371009128480191  0.11529958860784814
  0.12737182814433579  0.13842957063540282  0.14932459460699271  0.16003593213717970
  0.17035409347489894  0.18023824713816058  0.19020521206160124  0.20072117017799573
  0.21102276775042694  0.22132604292449237  0.23136003215793388  0.24166985871547397
  0.25207722010680861  0.26222076004210415  0.27236686537046056  0.28232363328646753
  0.29258143602894993  0.30324339342481504  0.31404270470898454  0.32505577352627985
  0.33602945957689839  0.34760050851531371  0.35821624335706964  0.36870310121409960
  0.37881396836270798  0.38943308814304828  0.39972722375497666  0.40986148067156658
  0.41926679769192299  0.42899857578260564  0.43893785878624902  0.44990344890518569
  0.46135912787984457  0.47319532069752496  0.48447947920456436  0.49491754105663044
  0.50558395603534090  0.51691250553785251  0.52775423953647482  0.53848912081052369
  0.54922335537038269  0.56050684365809589  0.57109921862023350  0.58172796547571071
  0.59152634943086058  0.60118571360886552  0.61071400131851528  0.62052095024158760
  0.62999410994655991  0.64028633362083565  0.65058089208307635  0.66226744694487749
  0.67333368648470915  0.68410544489626557  0.69441237461959815  0.70425183071807573
  0.71384138314951417  0.72327362225373548  0.73296827998983671  0.74359797172528841
  0.75359831449093651  0.76345326375304845  0.77345878829407055  0.78437924527743164
  0.79531390455624118  0.80571308601100278  0.81622176672902202  0.82703137376466462
  0.83740849508354942  0.84765377248252227  0.85814927039310029  0.86882430558545443
  0.87952879425105868  0.89076021478336498  0.90277657127962008  0.91432639728905896
  0.92495839027384907  0.93505010159924695  0.94462158457339684  0.95431825573827311
  0.96419646353483524  0.97502923350198589  0.98687449254192938  1.00000000000000000
  0.00140069592054672  0.01699984942042262  0.02950744963033949  0.04024893251726910
  0.05026418208222115  0.05989500676884704  0.06929553078344024  0.07851629507994694
  0.08802729306730510  0.09785361672190733  0.10783458469321808  0.11790743355470695
  0.12791863205807580  0.13798521253176010  0.14766137572527047  0.15756394849861996
  0.16727734621283835  0.17737606732028344  0.18751845345012849  0.19787395370382302
  0.20788347025092449  0.21821385736433532  0.22837705283337797  0.23822882799563028
  0.24815684311393679  0.25755715857451073  0.26693575770484002  0.27612049939996330
  0.28487979991828766  0.29342164713564128  0.30191822255783307  0.31043425787787665
  0.31916505698470360  0.32811600270028074  0.33688377304052264  0.34514753217042299
  0.35313351530670467  0.36117687149337763  0.36926971563276206  0.37815569332956456
  0.38721667972560170  0.39615109199031873  0.40488160676830143  0.41345718856670893
  0.42180712869320064  0.43002388005201686  0.43812422073724872  0.44606288659881749
  0.45399657043204822  0.46181666334722815  0.46951264213498273  0.47703734940872566
  0.48455122273825940  0.49221508826441618  0.50031070474027994  0.50877294856810951
  0.51697630843526554  0.52513799657706617  0.53335107103731449  0.54180199553052311
  0.55042849263484472  0.55898854242192586  0.56735825388686090  0.57534025588579740
  0.58325587812834501  0.59155485108516692  0.60035695821052515  0.60966258559953390
  0.61931824944864955  0.62881911020287162  0.63801232271731267  0.64742066310088420
  0.65708581196585159  0.66710944044819431  0.67759744919995191  0.68795864024658249
  0.69827831068142832  0.70791531602224045  0.71726536680925135  0.72657313038204119
  0.73594990530477067  0.74599748854522729  0.75694011049236054  0.76914793238543577
  0.78192000433905950  0.79471638375133136  0.80741701572651614  0.82026684066646460
  0.83338175310502938  0.84632033446471955  0.85973154738407276  0.87370160194926894
  0.88952264161281336  0.90802977606993551  0.93545209450183298  1.00000000000000000
 -0.02263848400720488  0.13195128535034023  0.16977832799527168  0.19115707495759809
  0.20808800439966249  0.22242332492589775  0.23475194186290163  0.24602913680031660
  0.25571722244351536  0.26474114656582226  0.27286644359506246  0.28046062823746898
  0.28829226629799976  0.29620062475082776  0.30361971474831873  0.31055640299949711
  0.31736219299626195  0.32423723510879437  0.33097034040546552  0.33790575478450052
  0.34469475788901921  0.35157303261858686  0.35814036454928277  0.36438340048090589
  0.37030480903944119  0.37599241534094641  0.38165336319024457  0.38745561466593686
  0.39335353340386803  0.39905574331516347  0.40453173404254578  0.40985072558467062
  0.41517915509120606  0.42044744095660103  0.42571103443073094  0.43113681590472946
  0.43667711102480172  0.44250525988701189  0.44835620018385058  0.45410402028741770
  0.45985962976892558  0.46567635632785681  0.47135745588215178  0.47689286228857514
  0.48232866648726858  0.48744604833599109  0.49274042476225749  0.49797028830880291
  0.50310762255966457  0.50810044517491504  0.51325860885286412  0.51860899207876043
  0.52398856943372929  0.52933066142904350  0.53457693734481093  0.53973916918726006
  0.54520513831973771  0.55041344840565254  0.55586333568437196  0.56145415138107113
  0.56739682093689103  0.57370530071046866  0.57989221797199730  0.58590910958263120
  0.59173593009477032  0.59740570199598453  0.60307888824073197  0.60874095359195157
  0.61466053280530397  0.62089409446715782  0.62700818250690915  0.63289000515323457
  0.63875261754576873  0.64445097535748019  0.65083280391157128  0.65743372096199981
  0.66434800658703674  0.67126838957127821  0.67826099433109721  0.68533174839459243
  0.69222248189670643  0.69926367082870422  0.70622274580385747  0.71361135211984505
  0.72124164584729877  0.72932182120818057  0.73790391773133734  0.74667218998793972
  0.75642267628912563  0.76722561143874846  0.77930247513972672  0.79333342562012277
  0.81081911082094504  0.83290956287392370  0.86913792202189077  1.00000000000000000
   2.9710977929820808E-014  -1.0000000000000000     
 F F F F F F F F F T T T T T T T T T T T T T T T T T T T T T T T T T T T F F F F F F F F F T T T T T T T T T T T T T T T T T T T T T T T T T T T
  <DiscreteSampler_grid>
  grouped_processes
  1 # 1 for a reference and 2 for a running grid.
  10 # Attribute 'min_bin_probing_points' of the grid.
  1 # Attribute 'grid_mode' of the grid. 1=='default',2=='initialization'
  0.0000000000000000 # Attribute 'small_contrib_threshold' of the grid.
  0.5000000000000000 # Attribute 'damping_power' of the grid.
 # binID   n_entries weight   weight_sqr   abs_weight
    10   10   2.664206486140095E+001   1.049716922152865E+003   2.664206486140095E+001
    11   10   2.664206486140095E+001   1.049716922152865E+003   2.664206486140095E+001
  </DiscreteSampler_grid>
