 -0.00008104442423893  0.00066569051116891  0.00141818982297396  0.00252429344772716
  0.00391164199181964  0.00558826269308119  0.00758927883936466  0.00994855156272526
  0.01260469091123609  0.01552143710920386  0.01864983394877751  0.02199289891519129
  0.02546906971763558  0.02910573871991602  0.03304416570539440  0.03728278897497368
  0.04169179810650588  0.04640753866128714  0.05134200227048795  0.05653131263870186
  0.06207114968857112  0.06790012913444873  0.07378566948145852  0.07974697046242922
  0.08602127188385920  0.09252742881096224  0.09916764467881582  0.10587552308264446
  0.11256916849822267  0.11935510592789335  0.12637482241603448  0.13363692578394165
  0.14131136012428527  0.14929867423568827  0.15738558361104285  0.16540408402876042
  0.17348500327050406  0.18196357578262726  0.19086345881347985  0.20031645091225025
  0.21028165856326680  0.22032296080562846  0.23061449986950516  0.24140965431199585
  0.25258169029028821  0.26405404080040273  0.27589147425219296  0.28859550222398633
  0.30189817118314316  0.31566209984069032  0.33001418997218379  0.34446907302128027
  0.35904778965175571  0.37398761172389061  0.38958551359931576  0.40571313820501170
  0.42327765047699417  0.44215642789943965  0.46112294735316223  0.47998190401121738
  0.49883769483781409  0.51787863598634409  0.53764043559381403  0.55675924159804990
  0.57519260014678697  0.59334063119198455  0.61141005110457614  0.62931619440299413
  0.64692447093403660  0.66415641488967636  0.68100226591060287  0.69750721726159703
  0.71350002429139525  0.72938627521221144  0.74488069927390343  0.75989018658175633
  0.77439110590455362  0.78840607779808991  0.80198317215305970  0.81527509844008172
  0.82820534483650110  0.84088839516501934  0.85339300210798219  0.86547920981526250
  0.87748695858135906  0.88934017620700367  0.90102632127837523  0.91260824178083100
  0.92416325317184589  0.93555039049573985  0.94671200876000328  0.95764106553018113
  0.96836308097115420  0.97896605351497790  0.98949454843005213  1.00000000000000000
 -0.00267843953859084  0.00987687503391215  0.02117526867328237  0.03319375407482630
  0.04450701387395310  0.05584196397800256  0.06677657819988497  0.07742143987661938
  0.08726919708195173  0.09669201154260738  0.10651614666815166  0.11646317676721177
  0.12601104720149983  0.13556941775287823  0.14497164740893970  0.15458435560640135
  0.16435742595655337  0.17457255603474334  0.18540120048294464  0.19596914944804783
  0.20630932488794951  0.21683068210592546  0.22734251271078207  0.23797839516045813
  0.24881556960451967  0.26032429703386478  0.27187220023631403  0.28276842105997996
  0.29324787139658104  0.30316298004110404  0.31311685374962522  0.32337834367750451
  0.33386241207025735  0.34387294752577396  0.35390917249495679  0.36396797207724063
  0.37396666872124845  0.38357073634742672  0.39290075292427873  0.40221140189882681
  0.41172675031086969  0.42141195525497188  0.43112712269305747  0.44087622284324873
  0.45105489686286293  0.46211207797707726  0.47419056073373694  0.48660897645443307
  0.49860912805435686  0.51043914409427893  0.52169760228120876  0.53265192322164567
  0.54281260878513526  0.55274191055137500  0.56318948899881038  0.57463013085337711
  0.58640239429426144  0.59788243572214372  0.60893884008715871  0.61952172520666582
  0.62986805891995368  0.63979399728615682  0.64973616550899416  0.65991386108406469
  0.67092216581685182  0.68295275754757878  0.69423427976911400  0.70429238076380540
  0.71466189329759944  0.72513531034556644  0.73553103723590030  0.74533273466031980
  0.75538046074991783  0.76632350273567185  0.77736699159765743  0.78873715178373127
  0.80053886351923298  0.81249908538258764  0.82453226600578688  0.83595758120131913
  0.84622249451952014  0.85655712388721339  0.86722222921682324  0.87750129223775353
  0.88735785183033156  0.89760074324568118  0.90899224814774848  0.92049057314146232
  0.93174378572599448  0.94196178597453717  0.95222752183386283  0.96172148336037577
  0.97151362690218146  0.98147918848387805  0.99074858793345044  1.00000000000000000
 -0.00309707974731992  0.01820226008898636  0.03368262772446479  0.04674305461244450
  0.05876441471046812  0.07029471687324773  0.08123998809007753  0.09163214533064908
  0.10183028165203417  0.11182684557136721  0.12139432794472736  0.13048420093195023
  0.13936713972275649  0.14847185310334846  0.15791036275443593  0.16757459835825328
  0.17721936147161868  0.18672467746323082  0.19592799770464567  0.20484097701850199
  0.21379367053291298  0.22268158449171593  0.23150217100971687  0.24024987323404837
  0.24920607394314476  0.25842335122968807  0.26745150077799085  0.27630885897057056
  0.28522046607167723  0.29431375220492595  0.30341462093452237  0.31251482407575082
  0.32190678711737508  0.33139640863972641  0.34083658010860440  0.35061456296166277
  0.36060196081314438  0.37089079408189168  0.38068183992073551  0.39012593211467028
  0.39953037118057644  0.40876185256339159  0.41771959927772662  0.42661538657759601
  0.43571684892247631  0.44536517106558854  0.45521965649542084  0.46521465224560832
  0.47539529507120593  0.48569659926915698  0.49644711707125205  0.50690757767161798
  0.51708962763267807  0.52693667548446887  0.53657201763427975  0.54610687453031159
  0.55544347655394000  0.56481709811000536  0.57434238136760318  0.58386079063545526
  0.59306846070037733  0.60200963726332379  0.61115715112886138  0.62073483447440381
  0.63109459133297074  0.64200177019259597  0.65261210810205261  0.66277313066917720
  0.67283453755808409  0.68313546765440192  0.69367154670594278  0.70456161684836394
  0.71558526846792769  0.72696329771340740  0.73836119905355801  0.74967601999248945
  0.75964579348508066  0.76937517580847437  0.77905865188199086  0.78900038439560971
  0.79878215133825237  0.80815628223319247  0.81783720666308868  0.82808712880665036
  0.83854165158939209  0.84896088075002218  0.85976238502914659  0.87088514632280167
  0.88262490742273214  0.89499719046324733  0.90774790209557199  0.92067125013756479
  0.93354904697363861  0.94737144584897603  0.96707948235992647  1.00000000000000000
 -0.01540360307016813  0.09390325323031168  0.13358433799094507  0.15671368174547115
  0.17565821371045201  0.19175295586408003  0.20590420277100532  0.21882871593743339
  0.23086580715799793  0.24241128728436889  0.25343222266145854  0.26372664014122199
  0.27329766844733122  0.28215184268629900  0.29059529943310508  0.29883546262089927
  0.30707473752981068  0.31521692254114264  0.32314237686300934  0.33082440851941286
  0.33786955974243127  0.34441430771454912  0.35084794725695467  0.35712122375409178
  0.36326805783818411  0.36947227625707935  0.37558268174254889  0.38157757731512948
  0.38755275181371041  0.39346425417277375  0.39940542299394716  0.40534326843312152
  0.41123876509601887  0.41701772399403608  0.42235179024828184  0.42774003835605751
  0.43314886028546168  0.43871578141393536  0.44434997318644609  0.44985788741835764
  0.45555630865291413  0.46141187874969603  0.46738000465637436  0.47314488842195607
  0.47857880369784339  0.48383051994475357  0.48903083211201470  0.49420056930060946
  0.49947969594238456  0.50509770959379474  0.51078657729545640  0.51659075926732678
  0.52231807622669724  0.52803179859095040  0.53384878027010252  0.53987756516004004
  0.54619477058550192  0.55254908064663644  0.55871176609788509  0.56473834901153264
  0.57070157333559279  0.57662442496425659  0.58258762362257266  0.58848953323021924
  0.59469630513664307  0.60094839941552314  0.60734109988692331  0.61378414449406071
  0.62023594238266511  0.62660603627164069  0.63292139183341745  0.63922707471465778
  0.64565015230071554  0.65231316340705592  0.65916653034633443  0.66613776155726001
  0.67340932684147425  0.68100874936905353  0.68879900276411121  0.69756310092764851
  0.70648202608845345  0.71548258457001190  0.72419981167841152  0.73309568381837442
  0.74223799930441159  0.75210557751475637  0.76248913952871467  0.77320755903449967
  0.78469900991341635  0.79729755056803697  0.81166744325654883  0.82789180617967129
  0.84783356519335584  0.87256438869480479  0.91079215698558069  1.00000000000000000
   1.1561207777737383E-013  -1.0000000000000000     
 F F F F F F F F F T T T T T T T T T T T T T T T T T T T T T T T T T T T F F F F F F F F F T T T T T T T T T T T T T T T T T T T T T T T T T T T
  <DiscreteSampler_grid>
  grouped_processes
  1 # 1 for a reference and 2 for a running grid.
  10 # Attribute 'min_bin_probing_points' of the grid.
  1 # Attribute 'grid_mode' of the grid. 1=='default',2=='initialization'
  0.0000000000000000 # Attribute 'small_contrib_threshold' of the grid.
  0.5000000000000000 # Attribute 'damping_power' of the grid.
 # binID   n_entries weight   weight_sqr   abs_weight
    10   10   4.899952713799923E+000   1.604191465511772E+002   4.899952713799923E+000
    11   10   4.899952713799923E+000   1.604191465511772E+002   4.899952713799923E+000
  </DiscreteSampler_grid>
