 -0.00009564204068384  0.00094162936534077  0.00217413242508550  0.00397608037838119
  0.00619809199002987  0.00885670449911802  0.01208746741119652  0.01568869334271408
  0.01988460557149365  0.02463552710401076  0.02970049257156871  0.03484270168220988
  0.04023529677080814  0.04613245302561048  0.05253628936110852  0.05906523756745545
  0.06549217972976987  0.07217176044186409  0.07930996687876023  0.08689000146068156
  0.09458420374789354  0.10223540566641072  0.10994420385174553  0.11774717894844246
  0.12575445904900187  0.13388693121116213  0.14211305525202653  0.15071552426027066
  0.15940310303642388  0.16816150127578466  0.17719660166922538  0.18652461991467617
  0.19594167974198365  0.20545028034756124  0.21504316205060561  0.22458553584964330
  0.23436719764293187  0.24455801255325677  0.25519532497953412  0.26590443572009009
  0.27650884673972564  0.28707477313950497  0.29798599852879593  0.30870779356470335
  0.31960527850916981  0.33081273800318878  0.34232614453503080  0.35387613702606824
  0.36530353110821601  0.37661075067558991  0.38776887299667184  0.39899329381519882
  0.41058762264228327  0.42193501136538314  0.43393952367026367  0.44632191248851216
  0.45910663502811999  0.47220339223590924  0.48538409491214385  0.49854870508494514
  0.51185162036338827  0.52545498316054151  0.53888594805398993  0.55222812572046331
  0.56558613625524268  0.57901482483007716  0.59258660602776825  0.60646484037057091
  0.62071976517021765  0.63519703235332947  0.64956694302136198  0.66368220857258098
  0.67759468059658534  0.69159249953107416  0.70528631859665092  0.71893871865623260
  0.73256387412923252  0.74616494504298558  0.75975645389103919  0.77338032274233626
  0.78704994220908131  0.80089862314836624  0.81474155277503979  0.82860660400693120
  0.84270378908500176  0.85704331375208020  0.87124744693410305  0.88529504844642570
  0.89909758142210405  0.91272443571717832  0.92689475574497948  0.94140953820026241
  0.95598178677861689  0.97060254890511777  0.98527822625375039  1.00000000000000000
 -0.00256505993978952  0.01077720748627142  0.02141498072106414  0.03252207393750654
  0.04310618511054040  0.05399483758445963  0.06471437942103707  0.07627928529722136
  0.08795238317565177  0.10072005801346157  0.11245503496939394  0.12416050626577016
  0.13496069018209772  0.14554107565878785  0.15561871551376058  0.16562299023785015
  0.17499368366404133  0.18381168819315352  0.19283337388473587  0.20262436769835238
  0.21259466314135028  0.22311166688541936  0.23347468294862825  0.24423804836014801
  0.25515542856324869  0.26608094653757464  0.27661898547903424  0.28677776204193045
  0.29768488373649399  0.30903911620572083  0.32019181591875379  0.33104839098528271
  0.34147939828792451  0.35159527649349864  0.36166403528001589  0.37186830838941465
  0.38231241334356514  0.39302761444872736  0.40349157559289195  0.41361411650323532
  0.42336858459170690  0.43308829555398171  0.44314837557852410  0.45325659204809154
  0.46319568031190872  0.47301786696359660  0.48307756843725330  0.49358238504769164
  0.50417830126864227  0.51440785328615102  0.52424190571825757  0.53375532307809781
  0.54339139511214640  0.55301481618691706  0.56239012699415702  0.57183452864708728
  0.58138880511965185  0.59145093120749614  0.60145690634988203  0.61089771901505141
  0.62056340554741118  0.63018256339805756  0.63980413821243975  0.64910097772405728
  0.65848759780446364  0.66806016916377797  0.67804980136981041  0.68808993164171794
  0.69860915395823941  0.70931690654335544  0.72015687688657481  0.73136607276438625
  0.74285496875186297  0.75413093549050692  0.76587226811112152  0.77806119209153868
  0.79008228012125337  0.80185216239775037  0.81310295114899611  0.82381375132559220
  0.83476484619225610  0.84538488364184672  0.85656519201673054  0.86850860129068774
  0.88043667626295874  0.89238774619131256  0.90418665507843488  0.91620996276789568
  0.92777670402090207  0.93907806118860904  0.94987048859053080  0.96043627995874070
  0.97004834331206202  0.97977615541863816  0.98970685834882444  1.00000000000000000
 -0.00465952388167357  0.02363887748542561  0.03759303574074351  0.04970400400474091
  0.06028706191604166  0.06989762872381275  0.07889600216413091  0.08777737328504662
  0.09649727456872315  0.10495746524335467  0.11365588798333774  0.12241707769500018
  0.13140808314939850  0.14029922237186518  0.14920323539163027  0.15744034590125178
  0.16531854246215349  0.17264266587626631  0.18011695046364040  0.18771038567908313
  0.19529685398023641  0.20286345241381482  0.21034551197507273  0.21766479095616145
  0.22486982496757588  0.23218214045831811  0.23944471551342406  0.24669046473482012
  0.25396155841307028  0.26134136980424605  0.26845725008697724  0.27569452287591267
  0.28294748861524815  0.29060156841728940  0.29833421909126073  0.30579903658577468
  0.31285460138862464  0.31970478690417503  0.32660937950199714  0.33373817654265991
  0.34044357945002829  0.34726351917210502  0.35415631286282800  0.36129848449156504
  0.36841248912611096  0.37547484306533879  0.38236611370828794  0.38909981757639206
  0.39579864199221843  0.40243318290165608  0.40906091642259929  0.41586162870310794
  0.42303167309166417  0.43062478434429735  0.43842186178646858  0.44650612344716267
  0.45487787144960157  0.46319771469115839  0.47227491212103612  0.48081807757747147
  0.48885570043703402  0.49678659316380841  0.50458692920224235  0.51244285199706174
  0.52063472654032406  0.52882753286922313  0.53681308597273891  0.54537978407683740
  0.55427057133274793  0.56315965028987847  0.57197718765613303  0.58086172712693851
  0.59022787995813686  0.60005192844193544  0.61014121093513141  0.62064328902089816
  0.63111971127617517  0.64155174809881876  0.65174865396372084  0.66173901263383550
  0.67203431600945307  0.68269586910101554  0.69429758271282405  0.70688250840206956
  0.72012905539465699  0.73378893207851337  0.74792490740480355  0.76244104245419786
  0.77771731405852651  0.79409598031239126  0.81292263132429721  0.83428916728389879
  0.85736231372245231  0.88348009953620110  0.92253445623479724  1.00000000000000000
 -0.01856609604533748  0.10644759487879692  0.14267717582508932  0.16406563415279318
  0.18119841308495566  0.19639897573540580  0.20991826405614067  0.22200472481837871
  0.23314326932570961  0.24379127340113110  0.25382122725252632  0.26257604132935808
  0.27097455086207772  0.27936225608545112  0.28774791747407158  0.29575003165092068
  0.30319040090451416  0.31037047914139221  0.31764758344511851  0.32493908920816550
  0.33239243044538569  0.33978592648006245  0.34702538286547541  0.35403698942569262
  0.36097195213058958  0.36793091052581844  0.37487032626154143  0.38168947267898612
  0.38826514590967609  0.39477982488538083  0.40101228749385665  0.40705679734799838
  0.41319085237319736  0.41923210055327803  0.42490242828529928  0.43042304069718518
  0.43587414355453807  0.44145821031539639  0.44727470163250732  0.45321696216400692
  0.45939480758150836  0.46576121669134585  0.47202056232461953  0.47835400571277881
  0.48455869562910681  0.49076924181382742  0.49674445041599857  0.50249717269760286
  0.50821975643463946  0.51398397982265565  0.51970489170870260  0.52526105868505624
  0.53070311978203100  0.53620953104113800  0.54173098127389652  0.54712634903929813
  0.55235793345012785  0.55758402497216053  0.56276566226651437  0.56782773261465935
  0.57311549804221273  0.57813242832156542  0.58306635854430688  0.58807004767430571
  0.59318446591621898  0.59844187846846886  0.60391007879709890  0.60975945590550795
  0.61573072568204668  0.62165799317566017  0.62772867654938236  0.63402429638825775
  0.64043690397980479  0.64704764905468326  0.65418886274960919  0.66166318274129832
  0.66921715154659855  0.67702814365759723  0.68504291235926662  0.69296368300456268
  0.70071987159832660  0.70847450807743706  0.71615268733358939  0.72405623789595563
  0.73245543903621790  0.74109512515691478  0.75020093829039969  0.76154370298626317
  0.77398540847816621  0.78773794825115417  0.80262237254076574  0.81853744474594703
  0.83599049653499402  0.85722671003922546  0.89230962996554630  1.00000000000000000
   1.1831196539585313E-003  -1.0000000000000000     
 T T T T T T T T T T T T T T T T F F F F F F F F F F F F F F F F
  <DiscreteSampler_grid>
  grouped_processes
  1 # 1 for a reference and 2 for a running grid.
  10 # Attribute 'min_bin_probing_points' of the grid.
  1 # Attribute 'grid_mode' of the grid. 1=='default',2=='initialization'
  0.0000000000000000 # Attribute 'small_contrib_threshold' of the grid.
  0.5000000000000000 # Attribute 'damping_power' of the grid.
 # binID   n_entries weight   weight_sqr   abs_weight
    10   10   2.142687698204293E+007   5.156324435379473E+014   2.142687698204293E+007
  </DiscreteSampler_grid>
