 -0.00003744381214339  0.00043492888684598  0.00081421094522071  0.00116201506893103
  0.00147654027061603  0.00178465689368863  0.00210007477413671  0.00239009861703528
  0.00265418711771356  0.00290813137854559  0.00318722088389331  0.00351893800945092
  0.00378148149839176  0.00402529346498580  0.00428008617782070  0.00453869105653122
  0.00483681106545090  0.00514102356445195  0.00544349904429357  0.00574200866202096
  0.00600438852725677  0.00623645858535265  0.00647006042840502  0.00670271420710691
  0.00694558055948457  0.00720624745976684  0.00748226452342729  0.00774904304039745
  0.00801530889093600  0.00828883689673581  0.00855631550337404  0.00882006440148176
  0.00907321333596909  0.00932501621952541  0.00959141743890521  0.00990953119662694
  0.01024898114619348  0.01055586665273840  0.01082231052230665  0.01106935523334602
  0.01131417547421568  0.01154655440866774  0.01179317146805101  0.01201475767680116
  0.01221191886414117  0.01244684606033352  0.01270321521158060  0.01297975931012060
  0.01325719722637244  0.01350923227729995  0.01374497070377688  0.01397963657145758
  0.01421705839806950  0.01446534857729081  0.01474325318669552  0.01504197669880797
  0.01533688149590853  0.01561242395598473  0.01591144373514223  0.01623498968054618
  0.01654313156153360  0.01711109648205124  0.01769390105410957  0.01830661674471554
  0.01908350159827438  0.02001876634624379  0.02119188474421921  0.02207479736413644
  0.02269948152883659  0.02314460216558265  0.02350719127623836  0.02387764708409191
  0.02425381255818528  0.02463252151078256  0.02514692692309932  0.02571441104518930
  0.02634477711822469  0.02707494473624423  0.02778896929680991  0.02830727316392181
  0.02879115396367597  0.03172658693399352  0.03641691607501035  0.04130063898675972
  0.05026104550232899  0.05922145201789826  0.06529576778058103  0.06796888688304412
  0.07124293041886187  0.07542360284068821  0.08560807631158851  0.11169012532147721
  0.16786663304605662  0.29142910338346223  0.46121429064849406  1.00000000000000000
 -0.00275350284095134  0.01273139245123813  0.02427831528038145  0.03392849551590596
  0.04350434248154272  0.05610725796951076  0.06943329850673233  0.08091623719025108
  0.09014885649471444  0.09874158981723832  0.10775134721825370  0.11735032724614838
  0.12656038436436995  0.13446098198611492  0.14198889556962235  0.15083361943743340
  0.16290183716238119  0.17787191841184311  0.19445533989639954  0.20894352156265064
  0.21789728173015532  0.22584901879704039  0.23417901495142487  0.24282003385871065
  0.25212540363673119  0.26215439990784767  0.27354130759191742  0.28584606945949848
  0.29723848498825689  0.30773188491626347  0.31896238193727794  0.33186213133837394
  0.34680906170465292  0.36269969371780231  0.37727330815616605  0.38899876309775683
  0.39943666313944809  0.40900515531702181  0.41762945963554093  0.42592967161096706
  0.43446940885821489  0.44376302708647580  0.45422936191633412  0.46617650243391834
  0.47481245001170330  0.48595430977179371  0.49957122516859048  0.51477144150254905
  0.52807350258522889  0.54035480519032730  0.54992357814832116  0.55904348632867129
  0.57054842815851226  0.58256603114033578  0.59437802175438359  0.60505733562316588
  0.61567207388487011  0.62590427847725649  0.63597799255276743  0.64582185609625720
  0.65506152063853273  0.66346201539774963  0.67279494803512530  0.68298040730486886
  0.69428349246322429  0.70456028786158031  0.71386159844703212  0.72371862445284874
  0.73721751159497717  0.74842381178882322  0.75576027751855057  0.76162841906746204
  0.76729102141725103  0.77297153485868486  0.78100604107958993  0.78822480430884101
  0.79669659476417620  0.80566410937382160  0.81539618485768306  0.82692630290350377
  0.83775328893746059  0.84869988404448493  0.86239992929290232  0.87246871868805931
  0.87956250354606591  0.88577245071828692  0.89213997204887518  0.89959696817343049
  0.90889751823340492  0.92029667009216698  0.93309351675502950  0.94567541164112723
  0.95764766881255714  0.97029931259497693  0.98342010812666747  1.00000000000000000
 -0.01797270087775502  0.17901682062949653  0.28897868725293474  0.37229765020765659
  0.44043809182344856  0.49413141394834331  0.54084764194825063  0.58577249363782213
  0.62093866331283432  0.65094625236547099  0.67748860311702475  0.69926084098522434
  0.71925578032826298  0.74047495701518984  0.75919439988757531  0.77472647381348247
  0.78826483215214904  0.80076738120716540  0.81311448940458142  0.82409882390212630
  0.83375788680585117  0.84163726719996246  0.84907008453635424  0.85636218276328191
  0.86297970699102033  0.86888154248285110  0.87424725357045452  0.87933420489960967
  0.88433891783986540  0.88855610308392108  0.89268148805810399  0.89660540525855759
  0.90048046314962127  0.90419703444962951  0.90773739669761822  0.91129893489286284
  0.91498411506107802  0.91844403152473908  0.92164566848755303  0.92457372112308001
  0.92738252508647512  0.93015561931360546  0.93296339222828195  0.93545516304898213
  0.93744173352627669  0.93912290097713791  0.94067693977277000  0.94216519106388352
  0.94364279583468935  0.94525113119569759  0.94697867226215593  0.94853818074644358
  0.95000790165560089  0.95142032694265644  0.95287318331591464  0.95423396592602505
  0.95559124578143151  0.95701823140163955  0.95850626716778531  0.95973719238258226
  0.96096606342749780  0.96211459847363234  0.96324112710961640  0.96435889842637579
  0.96548892449654600  0.96666368044024031  0.96787245639425989  0.96904914888380589
  0.97020756463739466  0.97134873963182977  0.97243542787985460  0.97343089016114537
  0.97431741484634027  0.97518706102227892  0.97605338006937470  0.97695536231980484
  0.97788653177428952  0.97886305598051393  0.97990396503067445  0.98089155603061051
  0.98181737899794808  0.98276892031193586  0.98369235080635919  0.98459014893462371
  0.98554287742717517  0.98644371815939946  0.98721188606360688  0.98807147678511886
  0.98906954815996717  0.99005432761273005  0.99102994001431721  0.99240987334857422
  0.99396822087864090  0.99563655853639288  0.99747999052473268  1.00000000000000000
 -0.01287720813695418  0.10382015524322506  0.15155204340318507  0.18216705235318403
  0.20503500434671049  0.22447110664933220  0.23766938316831715  0.24857241380162681
  0.25723088088704288  0.26596625053187506  0.27381612452352200  0.27943410901885574
  0.28494717394989533  0.29065135894674510  0.29776200423314364  0.30478020041451870
  0.31029075584413768  0.31678418269102110  0.32440458165192487  0.33234702463656152
  0.33978339936011043  0.34756558990809816  0.35427941715629813  0.36006055722278885
  0.36541979429611771  0.36951662621916637  0.37338020899360447  0.37782865571115326
  0.38249068061620828  0.38730718541977560  0.39382226368185813  0.39982030349354314
  0.40609362181695613  0.41160004907180914  0.41737054114724481  0.42283909141752546
  0.42838615697012217  0.43444486763437767  0.44052493583769503  0.44698652171158182
  0.45333139682158352  0.46018567672578992  0.46681101822322152  0.47281525382402539
  0.47835784789939101  0.48310667671856022  0.48773054586368569  0.49231093026600475
  0.49718736324311813  0.50220527796625192  0.50763567919856056  0.51358289177312488
  0.52011095831452192  0.52738972159139463  0.53450940950639891  0.54063475268580508
  0.54650420428671220  0.55234877929532533  0.55774845578448917  0.56336547572938778
  0.57019836472727548  0.57751400373772688  0.58361345619021443  0.58911309196343264
  0.59452425121306496  0.60034274624016448  0.60619283336988938  0.61322700107282091
  0.62045621253202410  0.62760654399718774  0.63469131531681788  0.64102946970650876
  0.64877123267722403  0.65779856925250990  0.66701956533091988  0.67503558525048712
  0.68283090869010221  0.69023439521226582  0.69654227178008588  0.70352408823202095
  0.71158274571887870  0.72034269863069555  0.72888869575952764  0.73698480231382613
  0.74634678694487677  0.75786043840803707  0.76956600578320966  0.77904518361722386
  0.78905266489353731  0.80210398777053982  0.81846460961505796  0.83253534883889779
  0.84844557469294368  0.86651820139662172  0.90333925534986481  1.00000000000000000
   3.1791742610715169E-044  -1.0000000000000000     
 F F F F F F F F F T T T T T T T T T F F F F F F F F F T T T T T T T T T F F F F F F F F F T T T T T T T T T F F F F F F F F F T T T T T T T T T
  <DiscreteSampler_grid>
  grouped_processes
  1 # 1 for a reference and 2 for a running grid.
  10 # Attribute 'min_bin_probing_points' of the grid.
  1 # Attribute 'grid_mode' of the grid. 1=='default',2=='initialization'
  0.0000000000000000 # Attribute 'small_contrib_threshold' of the grid.
  0.5000000000000000 # Attribute 'damping_power' of the grid.
 # binID   n_entries weight   weight_sqr   abs_weight
    10   10   2.876135899560595E-033   5.612656796390091E-065   2.876135899560595E-033
    11   10   2.876135899560595E-033   5.612656796390091E-065   2.876135899560595E-033
    16   10   4.195076798203717E-033   1.372731597503107E-064   4.195076798203717E-033
    17   10   4.195076798208251E-033   1.372731597503118E-064   4.195076798208251E-033
  </DiscreteSampler_grid>
