 -0.00004048413831272  0.00079105486816439  0.00144611031520506  0.00201109584293577
  0.00250047627232283  0.00296511897499225  0.00342649847801624  0.00385354980302820
  0.00427115439573993  0.00469234782843904  0.00510517936104561  0.00550779938761893
  0.00587384490129364  0.00623203351035988  0.00660772819592332  0.00698429184155787
  0.00736187541802208  0.00772728343087687  0.00810453205595562  0.00850747395878315
  0.00893268848065786  0.00936015957721124  0.00979353375225148  0.01023354569784152
  0.01066471131166830  0.01106442616915176  0.01146703499034568  0.01186234727433651
  0.01226394224924050  0.01266945032340027  0.01307914893598510  0.01352051755686161
  0.01395516341908476  0.01440910043567940  0.01490736781468292  0.01546447193834950
  0.01608072084750724  0.01679448932210755  0.01753394631413000  0.01830357182749560
  0.01908029367844804  0.01975522495797400  0.02028922595585405  0.02083988200289208
  0.02142757547078089  0.02204540962361162  0.02263884718169878  0.02321226498861520
  0.02379699528098938  0.02441775415220949  0.02501383387320949  0.02557504402465017
  0.02611629956454222  0.02670222133196173  0.02733060020153813  0.02803910273902794
  0.02868267852783143  0.02943884313015280  0.03034390717826120  0.03126885814855368
  0.03216460530074584  0.03312398026842761  0.03412089607330391  0.03484956544157167
  0.03529088572899695  0.03705506107021016  0.04003402441963117  0.04302099013824255
  0.04604366913966666  0.04906634814109077  0.05189986294434960  0.05453109245756234
  0.05710314923488852  0.05945608924648602  0.06174025001927919  0.06380904256838550
  0.06515940123250559  0.06674115260600545  0.06873854782470723  0.07078637208418961
  0.07280989011639120  0.07449260121550787  0.07605309018178789  0.07768169629399560
  0.07941883874447352  0.08142232171879948  0.08424004732765759  0.08794904317709197
  0.09201082662757180  0.09856086292978034  0.10995783511485525  0.12220566393603881
  0.13238937339303652  0.19300996435411338  0.28493390538854091  1.00000000000000000
 -0.00264969824852387  0.01479461610698368  0.02743549891918926  0.03952814290926260
  0.05095002897232319  0.06132837132787849  0.07068947567762625  0.08036640479395052
  0.09079109736778587  0.09958802102765230  0.10752647926797185  0.11507569854439109
  0.12397042132977081  0.13466396296450445  0.14598304455788555  0.15667895621339056
  0.16771285672793976  0.18074136660955104  0.19483164392921087  0.20880909410224055
  0.22160331264156469  0.23349153846584997  0.24545049827664231  0.25743787281407399
  0.27009378647846782  0.28289300117023924  0.29470034989639887  0.30433748282037537
  0.31369048693920820  0.32286541511640404  0.33275079795553764  0.34063126664039717
  0.34843979067681935  0.35776765454083181  0.36790689137637000  0.37717705735811430
  0.38594148735175632  0.39467966130521148  0.40331584002850523  0.41162387439059916
  0.42017555516883826  0.42943998673773426  0.44117963684991429  0.45196747991036240
  0.46273377065120969  0.47342226344099170  0.48459778704403195  0.49488694898073721
  0.50410976578797939  0.51240530177461785  0.52151587197009130  0.53222234524017276
  0.54315392046045130  0.55203633299587584  0.56062174499942985  0.56936003169830007
  0.57867595006800832  0.59077003837578568  0.60482799687095345  0.61904608562848751
  0.63089488906260038  0.63999950000775307  0.65065044178910314  0.66176658937494215
  0.67165955064869109  0.68066370914403873  0.69005450854141792  0.70198598752781083
  0.71533205570004577  0.72829348340882771  0.73973142914072154  0.75066003669905246
  0.76192573149211218  0.77222739383426919  0.78056106380067147  0.78852664531018346
  0.79583567060696070  0.80380079979006835  0.81405451268848095  0.82521895859157379
  0.83602341384709444  0.84625826037343288  0.85735080701550681  0.86917155553157333
  0.87993192050954228  0.88960077548126737  0.89992425097536943  0.91070133269633646
  0.92210121166067882  0.93387844005136600  0.94626484592545301  0.95923370615606729
  0.97127236727877875  0.98147550865094269  0.99120032408046288  1.00000000000000000
 -0.01300688535432364  0.13583444858288138  0.20019806755986802  0.25209978357530527
  0.29675624122855032  0.32978636277959994  0.36010147702983492  0.39092880890032988
  0.41501520044674961  0.43833804338899213  0.45947163198511759  0.47915119645921816
  0.49802756189340885  0.51571936195524914  0.53195694185415765  0.54792013714872079
  0.56325622227850047  0.57713628002992856  0.58964800479788360  0.60102966694829563
  0.61255708986779367  0.62440771022231289  0.63622736363880361  0.64691563553303211
  0.65657928655103104  0.66588537413857152  0.67515252502495227  0.68433517378054809
  0.69258878140705593  0.70024335757478506  0.70756684457068375  0.71467748284619093
  0.72139313731918941  0.72786625087000645  0.73426971271808172  0.74101418520930129
  0.74774513479785942  0.75443512024805270  0.76097522664713446  0.76745945604805954
  0.77404538033839410  0.78073664540286081  0.78711992987754575  0.79309205197606158
  0.79893186451972154  0.80467285293841773  0.81040685433514992  0.81617220093083265
  0.82190651074061982  0.82734021387754675  0.83256308293262826  0.83764928904704150
  0.84265725644856004  0.84764064921435456  0.85234743882565767  0.85660919994970841
  0.86051392174305630  0.86416523042152060  0.86788391649333674  0.87144467058248254
  0.87485310783544845  0.87795709414767076  0.88079310581459547  0.88372889543705879
  0.88690336417860183  0.89022309230742758  0.89321613652882981  0.89622820584180296
  0.89892939701025265  0.90160918218290753  0.90433820170275236  0.90711854718140239
  0.91005331122018340  0.91326901391644522  0.91657910148285671  0.92001344088245141
  0.92360603609839520  0.92657796435543871  0.92973601293382990  0.93252768956956800
  0.93515453335056475  0.93789382459743831  0.94098148111206514  0.94400913769810169
  0.94699955386406676  0.94999804239204688  0.95360002086673190  0.95700395234740254
  0.96038529259767924  0.96400256761584502  0.96763599705187398  0.97144149242624678
  0.97566855262659735  0.98100614391849328  0.98823065731566262  1.00000000000000000
 -0.01873395295990569  0.12728603320513115  0.17774029884826273  0.21313902230997681
  0.23831286062469295  0.25963790543719750  0.27668948237029284  0.29166272888342198
  0.30572245487403082  0.31843115938570549  0.32997618511666260  0.34113157106763387
  0.35137098474221745  0.36059847071494927  0.36798127757545501  0.37555225159716704
  0.38271940721634762  0.38949074930729299  0.39622093677158837  0.40310391102659954
  0.41075718771382919  0.41897209301006999  0.42722420974203101  0.43521163098466709
  0.44287566447043841  0.45022775036558477  0.45731518332083965  0.46404908630443481
  0.47088173630572761  0.47729437910645389  0.48259939089072307  0.48789754098561511
  0.49330664023788573  0.49878326931855588  0.50466006678965836  0.51054610483279561
  0.51547674919760722  0.52017044685742797  0.52485910346205389  0.53017907805646036
  0.53647653704194820  0.54275033952142981  0.54834454666261878  0.55352993333576828
  0.55836400603297864  0.56310556833996772  0.56770498476421760  0.57224078289589086
  0.57730100392308226  0.58105935155480448  0.58556041982144003  0.59007699635490229
  0.59439683432513235  0.59914919232043173  0.60397396814386572  0.60870728902299742
  0.61340889501938467  0.61834709754681483  0.62327638436837307  0.62819555362819468
  0.63337068480616543  0.63898036581243856  0.64490157536507597  0.65085176146977675
  0.65704826438792452  0.66332006117295839  0.66945653277133876  0.67509959889284443
  0.68032409681001083  0.68544026665062630  0.69077502831804016  0.69666743134621212
  0.70296139875281460  0.70896393549240522  0.71467840167563534  0.72025415170134743
  0.72589499640973043  0.73195587608255364  0.73821460062585498  0.74452061934391178
  0.75068304517298645  0.75745259127012055  0.76481889253758850  0.77318856963380311
  0.78102997293790311  0.78900760743612253  0.79712192926429326  0.80548204871827922
  0.81391662551906674  0.82334576841941953  0.83582988826164728  0.85108250207316638
  0.86621798747538792  0.88393866069136506  0.91408879597419579  1.00000000000000000
   4.8353872601195285E-042  -1.0000000000000000     
 F F F F F F F F F F F F F F F F F F T T T T T T F T T T T T T T T T T T F F F F F F F F F F F F F F F F F F T T T T T T T T T T T T T T T T T T
  <DiscreteSampler_grid>
  grouped_processes
  1 # 1 for a reference and 2 for a running grid.
  10 # Attribute 'min_bin_probing_points' of the grid.
  1 # Attribute 'grid_mode' of the grid. 1=='default',2=='initialization'
  0.0000000000000000 # Attribute 'small_contrib_threshold' of the grid.
  0.5000000000000000 # Attribute 'damping_power' of the grid.
 # binID   n_entries weight   weight_sqr   abs_weight
    10   10   3.932503838277354E-029   6.528643718099679E-057   3.932503838277354E-029
    11   10   3.932503838277354E-029   6.528643718099679E-057   3.932503838277354E-029
  </DiscreteSampler_grid>
