 -0.00002500816246930  0.00027518842663445  0.00048274125202881  0.00066854246368838
  0.00084840301888117  0.00102464795093711  0.00119861189455613  0.00137452490930488
  0.00154885800706022  0.00171305750865121  0.00188290613531387  0.00205962895705258
  0.00223899507691529  0.00242297151442188  0.00260624141535686  0.00279484623808148
  0.00300539708373788  0.00322924443264290  0.00345159851481943  0.00365133630985408
  0.00383563533481771  0.00400148315251176  0.00416723144764446  0.00435237068888188
  0.00454295477805440  0.00472640291800473  0.00490102905795847  0.00508084710602629
  0.00528247838040082  0.00549793286490555  0.00570762683262178  0.00588344770000526
  0.00604784289203618  0.00620116913036993  0.00636473195182549  0.00655363515604793
  0.00674991558383029  0.00693707098983162  0.00710019075610068  0.00727087639152128
  0.00744478336991438  0.00763182812690248  0.00781498394776251  0.00801320224833282
  0.00822288146877606  0.00844539267796266  0.00870264818768888  0.00901620310254588
  0.00937360007361924  0.00973904330052900  0.01004730341441758  0.01035466628190229
  0.01069345476703672  0.01104728682595005  0.01139767573856718  0.01173687131933806
  0.01210347352629939  0.01249789497821013  0.01297835706746111  0.01361512482962073
  0.01432436364133175  0.01508978046986146  0.01567728250706086  0.01622293551905999
  0.01656658151634262  0.01687054251692151  0.01717388718371563  0.01744636583444696
  0.01763897972155442  0.01779170395797642  0.01795769815882348  0.01812116843021430
  0.01829335434735179  0.01852707716717521  0.01881073409346960  0.01908449828770320
  0.01930903586535930  0.01950887999731177  0.01970697846163980  0.01992140696980471
  0.02014816682109609  0.02036392097530198  0.02061693710155716  0.02108483012080106
  0.02143660055124020  0.02169687350993107  0.02193903380292645  0.02221333629609137
  0.02253273511825225  0.02289744025623009  0.02327497334278705  0.02366916999456785
  0.02409554036376458  0.02460520613365041  0.04753607617364167  1.00000000000000000
 -0.00296171891986650  0.01207701978615444  0.02532185166896085  0.03852648909625937
  0.04746764787270907  0.05541872012109959  0.06369165411771398  0.07152853911927098
  0.07876632423711714  0.08553333689195740  0.09335342727808399  0.10118558044075399
  0.10939131639178598  0.12045716705375219  0.13215608144651025  0.14437293183153296
  0.15536220418999039  0.16622625358595067  0.17738287152702406  0.18857299641396338
  0.19929833889429699  0.21266794557761043  0.22700923683575072  0.24049451704691258
  0.25230790198839620  0.26339661732921443  0.27435863975650926  0.28624414651300645
  0.29683105161802809  0.30716735883823432  0.31827616517182555  0.32908530934270663
  0.33883287859003075  0.34859950345200952  0.35737891845599962  0.36767921612770016
  0.37751957815713555  0.38674395045825377  0.39573578146079563  0.40406301948854700
  0.41267755258592348  0.42288444266858183  0.43584393142008054  0.45109106816988825
  0.46583676944088692  0.47954423606407170  0.49266814801273140  0.50524656781235000
  0.51652217276044710  0.52756621253271208  0.53865659033249391  0.54792667654625515
  0.55670558976886209  0.56589938313399402  0.57516124487408848  0.58411464993816431
  0.59520262611065666  0.60642982490585318  0.61857843228390863  0.63230224452343675
  0.64510373494089346  0.65377461588101426  0.66285358974084674  0.67189345796683941
  0.68053785597866856  0.68911407947567571  0.69661765770373918  0.70353293370117664
  0.71181595055841373  0.72205359012449144  0.73116550557060367  0.73934490648702700
  0.74882115914446712  0.76056157409567882  0.77367530837754805  0.78727971365935190
  0.80054997724369759  0.81282419856386168  0.82404008345831281  0.83449886069781776
  0.84497694446210536  0.85700461350412804  0.87022778333541650  0.88418326202366915
  0.89817913587819354  0.91070391653036376  0.92140242693244123  0.93096032045717281
  0.93957310041500164  0.94739989195855068  0.95670279978357187  0.96600821072803411
  0.97497202613730183  0.98336582178881726  0.99165257485887504  1.00000000000000000
 -0.01546301265061336  0.13535864113944440  0.22038920117713781  0.28537597141338178
  0.33822672924582670  0.38491058353483115  0.42632721281047986  0.45987532505621437
  0.48850426019156884  0.51483713626208139  0.53945976165887288  0.56272906925833166
  0.58466799460177687  0.60525147481616326  0.62321581248191693  0.63910306602546385
  0.65403325448164451  0.66885732328923642  0.68241824898270198  0.69411988920425283
  0.70459005112748352  0.71487124539345936  0.72556941000756214  0.73619600548701558
  0.74559035298890952  0.75388685115353404  0.76220971721658548  0.77051963644383781
  0.77920366105420025  0.78732112632785123  0.79469041829932452  0.80140383399982307
  0.80799295112229463  0.81429363148751432  0.82034845131971679  0.82629509303585591
  0.83210527645006838  0.83775251204292678  0.84323648709345822  0.84859006797628833
  0.85397897376990428  0.85906943953802972  0.86366287346221238  0.86790665336551753
  0.87203667397885021  0.87584542356738049  0.87996276075309232  0.88404152770911726
  0.88763460396481131  0.89094061817863535  0.89401331146884921  0.89679175292270807
  0.89968447475015068  0.90264991457000243  0.90547808879339930  0.90827606938326744
  0.91093886932921098  0.91364532909324914  0.91634685001104965  0.91913093656792011
  0.92192273484939880  0.92456457600438646  0.92712687063360877  0.92947070773496721
  0.93175153871619909  0.93408067299227426  0.93640749055145245  0.93860823054534748
  0.94061188254195072  0.94256367255810258  0.94463400136497411  0.94673554305015639
  0.94884621581853745  0.95089041094888849  0.95274221698689621  0.95440023999840662
  0.95574906306288787  0.95718476877110814  0.95901624947096842  0.96084858787524030
  0.96263602623370081  0.96443506999013928  0.96633752159977415  0.96836258012557530
  0.97038346253311147  0.97197996005827114  0.97360106310984307  0.97521008405762677
  0.97673745853845750  0.97829046879427606  0.97985404865320669  0.98156343071451679
  0.98373755831216936  0.98675032448662858  0.99177729927227887  1.00000000000000000
 -0.02231859445567880  0.12563324744275114  0.16003687854633575  0.17949902838628154
  0.19574212883367786  0.21104136696596837  0.22424725085279701  0.23669900428688478
  0.24816408408791971  0.25807187913198515  0.26670128194033749  0.27495806732857531
  0.28317829468024930  0.29162094444629855  0.29954118073620783  0.30673502801151570
  0.31407206468822857  0.32103143859359351  0.32685830400617677  0.33237015351847826
  0.33776176362946375  0.34254647328447785  0.34778145154275791  0.35314085647625093
  0.35974964086352296  0.36754020871329174  0.37561810361149267  0.38349028013990039
  0.38972016730626435  0.39540788622512962  0.40063720821745502  0.40566209312759949
  0.41103523999772279  0.41617940864333813  0.42133285459236242  0.42650111611061997
  0.43182061394047178  0.43778201423991819  0.44355254372316671  0.44921930308553287
  0.45454043590707344  0.45946129018695436  0.46398413957480983  0.46854088451184389
  0.47343633080491115  0.47804452883421683  0.48195937628812646  0.48562988098983012
  0.48972116090006973  0.49429160167896358  0.49895383048542225  0.50333920479129290
  0.50760313418913405  0.51198055207347892  0.51609905225782571  0.52005404852604953
  0.52441135058933785  0.52922286014057385  0.53424656820893701  0.53935973595462117
  0.54471298082281983  0.55021878604435770  0.55555076029961958  0.56065842678917333
  0.56569813825165072  0.57087903817436136  0.57610513753406478  0.58133174563607437
  0.58610691098627765  0.59100758077827786  0.59597122104585176  0.60153353488043659
  0.60833653921596975  0.61544874901043523  0.62183084092745899  0.62744430775314541
  0.63328887792433453  0.63951364337816863  0.64619368588152604  0.65420703837439242
  0.66210522808674077  0.67051238125976576  0.67999318498335515  0.69008868245235866
  0.70012375024622142  0.71103257202630099  0.72274234633968060  0.73523479786506485
  0.74806019817303515  0.76099320945662496  0.77432430283226572  0.78845531462212215
  0.80432302584122162  0.82902726048342912  0.87065054496577066  1.00000000000000000
   9.0345101797068194E-012  -1.0000000000000000     
 F F F F F F F F F T T T T T T T T T T T T T T T T T T T T T T T T T T T F F F F F F F F F T T T T T T T T T T T T T T T T T T T T T T T T T T T
  <DiscreteSampler_grid>
  grouped_processes
  1 # 1 for a reference and 2 for a running grid.
  10 # Attribute 'min_bin_probing_points' of the grid.
  1 # Attribute 'grid_mode' of the grid. 1=='default',2=='initialization'
  0.0000000000000000 # Attribute 'small_contrib_threshold' of the grid.
  0.5000000000000000 # Attribute 'damping_power' of the grid.
 # binID   n_entries weight   weight_sqr   abs_weight
    10   10   3.795616112708358E+000   8.365473528385743E+001   3.795616112708358E+000
    11   10   3.795616112708358E+000   8.365473528385743E+001   3.795616112708358E+000
    16   10   3.795616112708355E+000   8.365473528385733E+001   3.795616112708355E+000
    17   10   3.795616112704076E+000   8.365473528383771E+001   3.795616112704076E+000
  </DiscreteSampler_grid>
