 -0.00035113643478853  0.00198259429922454  0.00326768027526182  0.00451875456182626
  0.00585986358860654  0.00737766334039695  0.00912112126835408  0.01098783575561845
  0.01296172368595201  0.01519622847744773  0.01764472675792208  0.02013066181053867
  0.02272534318253596  0.02550390972885221  0.02844437028082711  0.03166433022903298
  0.03513696071553576  0.03868931458870641  0.04226088906346457  0.04597638748559033
  0.04987811008830141  0.05378233963112196  0.05772199393910273  0.06186527593960801
  0.06634865913780846  0.07119600864694473  0.07620404865362894  0.08123265538415221
  0.08632344595828306  0.09156552439732700  0.09718056832097587  0.10303987662618908
  0.10912328698247668  0.11524575275774838  0.12140805254313244  0.12764039887370693
  0.13400248632955181  0.14059888493395215  0.14797231164245606  0.15614110637331460
  0.16488060365434115  0.17407189318338009  0.18319403064041226  0.19243220152861715
  0.20210565362041608  0.21201939622428922  0.22330912315159213  0.23455737525575779
  0.24692799703702978  0.25985931688062636  0.27326369846362530  0.28745511394498713
  0.30300774866664615  0.32039471806469594  0.33920241361487685  0.35896711667747222
  0.37978348622467312  0.40202639050806599  0.42642717737602887  0.45249956413628678
  0.48036065571211339  0.50867712127738718  0.53702233867554228  0.56535483884616888
  0.59252435508542367  0.61807562930144488  0.64168229336488425  0.66354525909556772
  0.68458832625951371  0.70487453978160841  0.72396075848340535  0.74171767632302632
  0.75794045507521923  0.77285006390403199  0.78714633804221112  0.80095508165252338
  0.81437792660457720  0.82750227826433953  0.83958404871856751  0.85129136992313281
  0.86262402908163205  0.87357402037555953  0.88404904292412689  0.89380910567854466
  0.90340180130444026  0.91277119554805830  0.92190744486793552  0.93081858281251784
  0.93956437887481037  0.94817805380971998  0.95674328340566739  0.96530365146478225
  0.97399047675621586  0.98267558631383445  0.99134825362981360  1.00000000000000000
 -0.00175565638456624  0.01037390273561610  0.02134597771986366  0.03181003448714353
  0.04227728424549439  0.05271398225267600  0.06370841480809002  0.07497477171921169
  0.08641528661127948  0.09797882002558340  0.10943191193726279  0.12064334082703665
  0.13172094668520332  0.14291993965685473  0.15414929169042804  0.16525269102184853
  0.17648304067983592  0.18775243764610491  0.19910664389817598  0.21005662623407143
  0.22049763938178987  0.23064809753342563  0.24071116065393644  0.25049287295248351
  0.26007600679483051  0.26972499511411568  0.28004742837285157  0.29078609388982302
  0.30166325990051179  0.31194199588514054  0.32155993912111258  0.33099926715939487
  0.34090417123074479  0.35174247826790062  0.36318442308887405  0.37475966282970818
  0.38590803518762806  0.39677161675167588  0.40790492721295257  0.41943505727505759
  0.43072701809015612  0.44123090818685046  0.45215659529839758  0.46292003697823686
  0.47407234953601568  0.48509579518340590  0.49598686933458502  0.50675628108416437
  0.51737334617403030  0.52794030683241955  0.53745065160319960  0.54726939517929329
  0.55753929646050027  0.56832982406384935  0.57893968969544718  0.58962224134002617
  0.60127506065458658  0.61268689731380488  0.62454857384169360  0.63553766591037653
  0.64688265622299290  0.65783996155928359  0.66859193985432941  0.67896982860418176
  0.68905992189372101  0.69895959825322462  0.70887620708489529  0.71882203115170251
  0.72850192123770907  0.73750039055152439  0.74620057101399762  0.75534990056755602
  0.76513934016762797  0.77453529840785662  0.78348120191103765  0.79238897752150905
  0.80169442750489706  0.81087021098537437  0.82007688851866889  0.82928873883267773
  0.83999057009420608  0.85108238007560233  0.86153980625898108  0.87184123583493744
  0.88281922360546161  0.89368024065887930  0.90396931535920533  0.91448251984760476
  0.92581341210744783  0.93731881071268219  0.94838937452805883  0.95934231536970116
  0.97019537012010637  0.98080868307807079  0.99044544752461361  1.00000000000000000
  0.00047684843860892  0.02184072931284919  0.03913531211830250  0.05377954450062762
  0.06708348923937112  0.08032111418306823  0.09356926581105879  0.10649846076082621
  0.11823794972300113  0.12980555910384767  0.14133985984106376  0.15306150227452836
  0.16422539634018030  0.17531210030196115  0.18663631632998368  0.19821336929750380
  0.20961804646666884  0.22053481076621648  0.23113819830300161  0.24121305503244267
  0.25088096145061745  0.26026482383861410  0.26979028337157801  0.28006776993695509
  0.29065529160932091  0.30085383306261176  0.31079429207878367  0.32084660316051611
  0.33098685254491717  0.34122781017348541  0.35174690796338076  0.36227488416554987
  0.37237164816699642  0.38246551853106286  0.39233610333246105  0.40164659192537261
  0.41060991192376373  0.41993924963815882  0.42982590014281430  0.43963912224371127
  0.44952553992996536  0.45919972480456139  0.46846532217332859  0.47761797459240340
  0.48663608982007622  0.49570544723029525  0.50464228869102667  0.51345543898393053
  0.52235533255807465  0.53156518227994420  0.54083146281397687  0.54979838117829205
  0.55891622948654973  0.56818793921032906  0.57801200161740462  0.58778391937449437
  0.59713344457677209  0.60573564364748467  0.61378633645880187  0.62164955120135279
  0.62972066004072480  0.63804153889194426  0.64642353977661648  0.65475854804860445
  0.66306753021246045  0.67131777024769612  0.67926404494693937  0.68689360383666043
  0.69424026406042239  0.70157977243691294  0.70919023942924142  0.71689637867365519
  0.72444608593076620  0.73215719638648846  0.74011397552499358  0.74783970030773361
  0.75601005218358930  0.76432959185273175  0.77230375783025607  0.77986305767599218
  0.78766538530123953  0.79541842060493595  0.80298214356137232  0.81071723699332043
  0.81878234083445678  0.82732350766958629  0.83657052397528442  0.84653189927911621
  0.85653660935016784  0.86716415547716896  0.87856824788354015  0.89153804820129623
  0.90772941143036168  0.92724437043508068  0.95356832919534795  1.00000000000000000
 -0.02142159922002499  0.14525149142369781  0.19885060618963193  0.23181576443183943
  0.25452539639895744  0.27350083678405746  0.29039804231291616  0.30625761490136549
  0.31946757990469538  0.33071111372366291  0.34146259998179174  0.35254152393420141
  0.36261137872097510  0.37207342460127851  0.38144801238571663  0.39109075737181542
  0.40031928126408783  0.40928498506349770  0.41867035260590080  0.42664643089919846
  0.43421608986585120  0.44110972800263570  0.44771094044622189  0.45433658700128443
  0.46097310438468442  0.46747979344180679  0.47388672815568800  0.47993549643681110
  0.48548405536105121  0.49118539972916286  0.49690413327479210  0.50262575234256479
  0.50828966179925983  0.51387144155733666  0.51947812157452899  0.52515327247753985
  0.53085200403090604  0.53652107554428896  0.54194036954791236  0.54695260001618218
  0.55183233875483051  0.55684803963225793  0.56198032142229992  0.56706085213101398
  0.57209929484441746  0.57716475774433795  0.58227257139539768  0.58737770412632095
  0.59227659861804360  0.59703369890217306  0.60185876780894931  0.60678409751329720
  0.61179714136149999  0.61672810081223650  0.62164994326308920  0.62645398360585647
  0.63119161988158123  0.63598828557165077  0.64086897846784918  0.64583978996799385
  0.65078297760207338  0.65583038035459928  0.66052175743137398  0.66526511265992716
  0.67002993926817744  0.67473388569180004  0.67962297400637428  0.68467459499731664
  0.68985440558264155  0.69518745593442055  0.70042018847732490  0.70546785213340346
  0.71070892894052673  0.71629984111497136  0.72199278210571360  0.72780672395670509
  0.73363720929058729  0.73974818586674496  0.74593778910931763  0.75231106977041240
  0.75888238258902285  0.76577590754132996  0.77284362862052880  0.77996363895177268
  0.78736343107117357  0.79507731189545472  0.80281940943961561  0.81075266227917642
  0.81955843126845596  0.82946656409327291  0.84103743785420615  0.85455455692006521
  0.87040772870519323  0.88977048356207622  0.92258587739020337  1.00000000000000000
   1.2580660999700815E-017  -1.0000000000000000     
 F F F F F F F F F T F F F T F F F T T F F F T F F F T T T T T T T T T T F F F F F F F F F T F F F T F F F T T F F F T F F F T T T T T T T T T T
  <DiscreteSampler_grid>
  grouped_processes
  1 # 1 for a reference and 2 for a running grid.
  10 # Attribute 'min_bin_probing_points' of the grid.
  1 # Attribute 'grid_mode' of the grid. 1=='default',2=='initialization'
  0.0000000000000000 # Attribute 'small_contrib_threshold' of the grid.
  0.5000000000000000 # Attribute 'damping_power' of the grid.
 # binID   n_entries weight   weight_sqr   abs_weight
    10   10   1.407687897725300E-003   7.932338748010243E-006   1.407687897725300E-003
    11   10   1.407687897725300E-003   7.932338748010243E-006   1.407687897725300E-003
  </DiscreteSampler_grid>
