 -0.00003932466936466  0.00076540005019907  0.00154899218253836  0.00231409892763660
  0.00304036521889092  0.00381693604565326  0.00450245373655388  0.00513866413321258
  0.00584095268757153  0.00652790424092735  0.00719242624053533  0.00782151332847159
  0.00842807876423789  0.00899987158705752  0.00954437248403874  0.01014027530142901
  0.01079083235054783  0.01143487989766477  0.01197865422330811  0.01248804238755918
  0.01302672752453247  0.01365234075097273  0.01429637799736456  0.01480261094697589
  0.01522761192047433  0.01565962236260662  0.01609796871642684  0.01658759034127408
  0.01710458492998445  0.01763482579715913  0.01816229740773308  0.01872762601324415
  0.01934466710933948  0.02012075943400585  0.02116344963142920  0.02229624101188458
  0.02332660390786549  0.02420621028220393  0.02488392410951405  0.02554124351852293
  0.02619674182225107  0.02682413824157884  0.02742602962807941  0.02810735888564871
  0.02883948132980632  0.02972076414677971  0.03055118010074637  0.03141427281026923
  0.03236535885387855  0.03366024647777142  0.03526978403756034  0.03747074759398943
  0.03944258936774168  0.04095875062849329  0.04237371935522312  0.04371710201412291
  0.04497791669287048  0.04591277619436564  0.04659111278647123  0.04735590795638030
  0.04810887661840816  0.04889207282439353  0.04984384037524760  0.05109806518174652
  0.05239220666024183  0.05357285980039549  0.05477081779939657  0.05587419602736468
  0.05686651531855203  0.05788482944200892  0.05886552470490769  0.05971768617467919
  0.06054835223537312  0.06144540820579800  0.06257775790068885  0.06387030346964848
  0.06562260945836174  0.06878108984470607  0.07248643158676372  0.07580085099293946
  0.07911429276640999  0.08242654560002827  0.08566285353532978  0.08971997953926056
  0.09320189357131464  0.09606249782385820  0.10467223369234493  0.11040948919931745
  0.11347304065965103  0.11653659211998461  0.12100970614222192  0.16805154998067540
  0.21509339381912881  0.26213523765758223  0.34356678972990945  1.00000000000000000
 -0.00245193285798203  0.01054046060377955  0.02093529294278794  0.02989355220095991
  0.03868105132330842  0.04765234141574699  0.05721357031751898  0.06732862791568579
  0.07670817366750694  0.08556126279581530  0.09413332035603669  0.10261703446154710
  0.11191485392221590  0.12260679059481781  0.13519447383257738  0.14718228805806496
  0.15903526862227588  0.17129678051437675  0.18407916267653290  0.19688210880788687
  0.20950503930055733  0.22368875705326166  0.23934423372815639  0.25373131796334808
  0.26473231531299868  0.27583743500427704  0.28613692224796689  0.29543692427826157
  0.30306844452425241  0.31150493605532847  0.32120108020529536  0.32922571143880985
  0.33626936247026296  0.34320615062747878  0.35080729280362810  0.36064008556537441
  0.37295707856650684  0.38867281583024194  0.39934577027990398  0.40509023256581050
  0.41008863191252470  0.41522511504264664  0.42055559174538154  0.42642511749503653
  0.43542881345804707  0.44505962399433341  0.45622189115425266  0.46502552420335791
  0.47192160096877472  0.47888509001464991  0.48724650761924082  0.49665652916918512
  0.50768979287949800  0.51935413575943101  0.53086238563233645  0.54586097489118890
  0.55813331897617557  0.57016447332168863  0.58167214899978881  0.59082252441777705
  0.59978729826411781  0.60980334770415645  0.62113384321753762  0.63201807739328020
  0.64488500736185816  0.66042556452701173  0.67719649138356930  0.69348214099926875
  0.70838887274413076  0.72208188158684272  0.73453120814008843  0.74527734599664852
  0.75488045195298115  0.76413899494098814  0.77356695347066484  0.78530676440671687
  0.79513780859004091  0.80140566443048245  0.80813446289229762  0.81520743634118387
  0.82237122101525706  0.82949327043981957  0.83635400886572731  0.84471767419326027
  0.85305149351878240  0.86694761459032676  0.88262544585406932  0.89801612034346623
  0.91412468789580958  0.92833287886889182  0.94222488098190682  0.95431673219353252
  0.96469730632827677  0.97484726020468382  0.98706093952590368  1.00000000000000000
 -0.00756463251490856  0.09517299855422733  0.16491988213484171  0.21950225277546362
  0.26404082794879769  0.30345457395294478  0.33528445487249126  0.36554670603318506
  0.39895512305696296  0.42929453784562527  0.45603142702690230  0.48055966807241263
  0.50021465721787073  0.51876683490897824  0.53749093625862576  0.55980866164677423
  0.57898366303073567  0.59382843787773965  0.60611558972138169  0.61710589445888231
  0.62823015612585664  0.63946498135538532  0.65082363438253621  0.66200475060539421
  0.67186721534774696  0.68090359309254744  0.68868811809464625  0.69562530792505772
  0.70243747782396360  0.70961612957949505  0.71723900191844769  0.72461619967897539
  0.73182641031391427  0.73883054522096647  0.74552972107272764  0.75198625922294515
  0.75895233956503816  0.76546118096629767  0.77227715622794801  0.77936995871699022
  0.78640767747267915  0.79292027162213152  0.79774078075188048  0.80268911194070536
  0.80740772935006588  0.81204969137781990  0.81634631589496220  0.82063099965915964
  0.82461037617863298  0.82858548311369218  0.83274858769062643  0.83700790130593028
  0.84161227002625993  0.84645939385305413  0.85132533846466940  0.85586204288096490
  0.86012034257785053  0.86406138942803601  0.86758685227459242  0.87113871704468182
  0.87454901177571609  0.87761607799758568  0.88064185531189509  0.88373865025574083
  0.88692580894084283  0.88996465720388207  0.89286367730417338  0.89614381467105320
  0.89977347519011386  0.90341674238019931  0.90681652136354862  0.91019984043691571
  0.91379294239889020  0.91773361155034128  0.92122324944276524  0.92429014646113594
  0.92709977761520923  0.92967198321985911  0.93249646710409673  0.93558595058294813
  0.93885735844562868  0.94219224194189755  0.94558133791978805  0.94898865019327927
  0.95220048141461655  0.95485258937501527  0.95724500400952850  0.95951435618905645
  0.96224863021293405  0.96561056277344870  0.96820343107102724  0.97061516377681234
  0.97335360298973272  0.97846418591521900  0.98757292734915536  1.00000000000000000
 -0.01725910299383285  0.11976227492928766  0.18239589678145759  0.21698490018185809
  0.24371559971181755  0.26699239338854025  0.28607224040092116  0.30380775095322116
  0.32019025905434179  0.33395051504875267  0.34461465081566212  0.35438614688232900
  0.36617976566366756  0.37459162726987766  0.38254055003560794  0.38958809693926333
  0.39661176921862107  0.40473604825735510  0.41307161446430563  0.42064438341532473
  0.42782283524400455  0.43501051055601575  0.44266479987280533  0.45140445467346052
  0.46005497899191938  0.46803152901571493  0.47524148407021011  0.48244101730438949
  0.48926979597446707  0.49569807813664962  0.50118750054899741  0.50506665057946309
  0.50979491361673668  0.51455233933974376  0.51932955452382190  0.52376678546125333
  0.52822649447559722  0.53267503639759362  0.53684262174033504  0.54084533538275736
  0.54506472878478218  0.54949988499268176  0.55366718301395079  0.55738563787997963
  0.56080175481790917  0.56521807017155834  0.57135949840582123  0.57857922653354465
  0.58576873744355995  0.59121881006506460  0.59669315092417052  0.60202383058194708
  0.60787619130061521  0.61389807276437514  0.61840029885893566  0.62137230656201992
  0.62357573592248827  0.62557949041456451  0.62746292995159225  0.62932667442099233
  0.63178192849679859  0.63611216727635800  0.64038009684289066  0.64417125167682587
  0.64820393980918223  0.65272457188779076  0.65754889492039426  0.66235335095104952
  0.66707989896651398  0.67117610428925445  0.67553109669522216  0.67946400365983695
  0.68368115411545138  0.68820697278801546  0.69344571983726033  0.69861633200553874
  0.70339654081237823  0.70859259260865437  0.71466415156294116  0.72074011252977777
  0.72623231045392145  0.73237534787761160  0.74007202861440435  0.74965371515860146
  0.76091079187473198  0.77343131278946076  0.78605748214218496  0.79668939687196527
  0.80560157179433223  0.81464804768530341  0.82485971076179843  0.83787665227216668
  0.85325405063672355  0.87443974818531489  0.90600492867887117  1.00000000000000000
   7.7710316350336039E-013  -1.0000000000000000     
 F F F F F F F F F T F F F T F F F T T F F F T F F F T T T T T T T T T T F F F F F F F F F T F F F T F F F T T F F F T F F F T T T T T T T T T T
  <DiscreteSampler_grid>
  grouped_processes
  1 # 1 for a reference and 2 for a running grid.
  10 # Attribute 'min_bin_probing_points' of the grid.
  1 # Attribute 'grid_mode' of the grid. 1=='default',2=='initialization'
  0.0000000000000000 # Attribute 'small_contrib_threshold' of the grid.
  0.5000000000000000 # Attribute 'damping_power' of the grid.
 # binID   n_entries weight   weight_sqr   abs_weight
    10   10   1.113044621726215E+000   4.666277386057691E+000   1.113044621726215E+000
    11   10   1.113044621726215E+000   4.666277386057691E+000   1.113044621726215E+000
  </DiscreteSampler_grid>
