 -0.00002637801595439  0.00041145898119204  0.00075191995165122  0.00107870790759462
  0.00139690704670899  0.00172564893187010  0.00205303624766486  0.00235980344760159
  0.00266101893407338  0.00295072638249211  0.00321575022086326  0.00348112072513012
  0.00376894427086956  0.00407545692839176  0.00437503091869871  0.00466549105193172
  0.00493695559827170  0.00519231508258648  0.00544340826431019  0.00570253919613638
  0.00597427881703711  0.00625741774022512  0.00656418123743674  0.00686086511336037
  0.00712923785581051  0.00738728586446193  0.00764475369531660  0.00790781978202967
  0.00817505971500043  0.00844595043502821  0.00871618796936083  0.00898741436199448
  0.00926004766858845  0.00954223351067300  0.00983653936813444  0.01013497421121520
  0.01043145523786788  0.01074575806581334  0.01111756676798420  0.01147220100081966
  0.01178427562158307  0.01209962432745119  0.01240125159924195  0.01269173510480733
  0.01299371808767694  0.01331276341572383  0.01365031088717347  0.01400866651914552
  0.01440391997083185  0.01483612481747658  0.01529499720197107  0.01576079340404266
  0.01621361009518014  0.01664864821152868  0.01710654926187219  0.01762119019997700
  0.01814414107249369  0.01885973553725205  0.01963872025214992  0.02040724803969581
  0.02124967135602501  0.02206276264227243  0.02276481165879630  0.02343165158358452
  0.02411190044128848  0.02496698866331390  0.02578889541242250  0.02655382565919624
  0.02733138675152310  0.02814086424265734  0.02887296275108663  0.02996706277289923
  0.03099143853562261  0.03222563528432047  0.03381246509198776  0.03487853706356783
  0.03560792614804117  0.03620721762583384  0.03691516079018169  0.03794189397124281
  0.03877685592067628  0.03943480485418062  0.03999348981428433  0.04043568168050286
  0.04081642372767431  0.04192889550586059  0.04327105860740763  0.04459815412594115
  0.04589699394570887  0.04719583376547659  0.04831583934701440  0.04942773934310186
  0.05072588555947422  0.05224346932972888  0.30934049187494395  1.00000000000000000
 -0.00310662366214307  0.01005671340207930  0.02248302938273587  0.03428058996129910
  0.04503558681349622  0.05385312441191235  0.06327216409287298  0.07334425958217251
  0.08323710551089090  0.09140170188775637  0.09906051410176744  0.10784312940138982
  0.11696606967151255  0.12698519191599542  0.13716958233642229  0.14714061567010589
  0.15665772192195132  0.16612335933728334  0.17582963857506009  0.18495737102088108
  0.19429818350060440  0.20397306067304283  0.21618596253968936  0.22925889301023206
  0.24050291508112595  0.25091750310575822  0.26139882565028993  0.27206022769557014
  0.28247709649288039  0.29304275851357847  0.30451866640032815  0.31673078163713564
  0.33015209127343437  0.34173092356702983  0.35307373124328700  0.36387979919241176
  0.37398880716528032  0.38121341730903463  0.38791658227433945  0.39547663477954670
  0.40381914209692971  0.41332150951730429  0.42378565566383242  0.43469548526595936
  0.44385996923683224  0.45223970031933070  0.46081857329325016  0.46979890931779544
  0.47871978400746928  0.48825045088261315  0.49799640121984429  0.50855783995573911
  0.51954426118578123  0.53164282154853493  0.54342546041792550  0.55502399345986364
  0.56842673574747904  0.57983955751127692  0.59083386941114280  0.60074950653843373
  0.61025596332996257  0.61902300452437553  0.62889852899571830  0.63895447962707275
  0.65019992572109842  0.66258149601016958  0.67331598829100192  0.68479044947133882
  0.69836700454762313  0.71051967148799111  0.72107770548179029  0.73156596695572762
  0.74416743029312693  0.75525215818999880  0.76363485462348302  0.77172143286225003
  0.78012326108384589  0.78891412490977120  0.80062567298587695  0.81114168524894370
  0.82377857390854170  0.83630953434028565  0.84904647658187227  0.86090500408931958
  0.87238791713636044  0.88147326833236828  0.89031117146068250  0.90066986668459914
  0.91224930644373825  0.92453452099105315  0.93624402232965365  0.94880325638246832
  0.96001732636840820  0.97256479247679617  0.98500146055223503  1.00000000000000000
 -0.00305361125930466  0.04880955094776725  0.08723914340128322  0.11807824353435944
  0.14363753287634706  0.16837879079950260  0.19370016687374805  0.21722471107200367
  0.23814886224205747  0.25740716576547595  0.27624598268859563  0.29296942147456562
  0.30961359130207677  0.32664156065406369  0.34195656856431583  0.35581592956022462
  0.36973222969324521  0.38246345739895543  0.39360090162418238  0.40397455844702823
  0.41381104661602314  0.42456694345509055  0.43522913495155652  0.44673265010846713
  0.45896873511306091  0.47046241327349642  0.48119341694452406  0.49024349779105597
  0.49857624591041633  0.50698852623307789  0.51538061486972697  0.52397518497150353
  0.53247235335985255  0.54088372146456254  0.54907392462863824  0.55723385925565105
  0.56498054618400795  0.57231801666647908  0.58007440644762709  0.58801543733889305
  0.59593389792508633  0.60251063747197831  0.60883327135237031  0.61460219634787205
  0.62076950121522501  0.62737238243108118  0.63510366633614801  0.64363675710201040
  0.65077653149964287  0.65725740069630212  0.66351677529076281  0.66965371182152200
  0.67555256033809363  0.68103342018928581  0.68627524849346944  0.69125727271495230
  0.69656157469824154  0.70253288425805460  0.70874650171178943  0.71439138728324592
  0.71973144427966029  0.72493902364636009  0.73080965257590202  0.73730253388111922
  0.74360169447150637  0.74915247941737739  0.75516043815418588  0.76032834045129116
  0.76529849862649169  0.77096277910011990  0.77708085284746609  0.78375232902218195
  0.79089866636945705  0.79816917478667060  0.80550533618858045  0.81227463777277698
  0.81865325546113210  0.82491398786307091  0.83110158223425823  0.83701518412595566
  0.84304767995129692  0.84915345518212226  0.85581202787288058  0.86332676797802710
  0.87078087121990022  0.87729755130863940  0.88330121702716036  0.89042895000673716
  0.89961690427176288  0.90855959075543247  0.91642389398144786  0.92315280544884759
  0.92958669457528520  0.93762671888214066  0.95453846119367847  1.00000000000000000
 -0.02251103919295660  0.13380238064342789  0.17224288412276387  0.19770848717970563
  0.21613534937246573  0.23262920997740841  0.24636152693537858  0.25701867968372305
  0.26659971118115189  0.27555852482668808  0.28467601202093862  0.29325203409846279
  0.30083314215952106  0.30789031917308801  0.31470841996289939  0.32098136662759202
  0.32690028650229841  0.33259127548443546  0.33814867548375621  0.34382271670815895
  0.34980175225366200  0.35641138872542294  0.36314317807178981  0.36973437803641085
  0.37611236545765581  0.38273596596734705  0.38976157310896248  0.39693337043772403
  0.40442580848265341  0.41204815547262869  0.41874033568272895  0.42456961617180339
  0.43021566750934803  0.43510491146265656  0.44007539668001899  0.44502919206827229
  0.44974299706894977  0.45477476538934913  0.45935385332028622  0.46379693547762935
  0.46844568663825631  0.47404102580295931  0.47891115119966321  0.48362981238393488
  0.48841054958359975  0.49336898639845050  0.49860099638474786  0.50379170917505933
  0.50863405263994710  0.51349971509159997  0.51833980655737677  0.52347757328472688
  0.52894048874867161  0.53461474684253518  0.54042411281480529  0.54519481594677677
  0.54971843299350986  0.55405813567684348  0.55852546543325865  0.56343810916063330
  0.56815523168405335  0.57269063137394371  0.57742241409604567  0.58238477063504801
  0.58821516536828222  0.59482538434929344  0.60096546120208982  0.60664444160152331
  0.61225282323767460  0.61837392569284533  0.62467106754571511  0.63072106921454452
  0.63653030023741275  0.64236003026753830  0.64835550020344002  0.65452019185955812
  0.66050118038966299  0.66616340131433882  0.67073300236146405  0.67493155135881300
  0.67910575352010805  0.68366942562242738  0.68943707701802537  0.69598767298625641
  0.70343329174352454  0.71149116653951094  0.71908027153500353  0.72670184536561855
  0.73702409077202224  0.75024819866714887  0.76509806412601122  0.78132733939240284
  0.80107612144981044  0.82897208818323154  0.87034686181421983  1.00000000000000000
   4.1961008464615055E-011  -1.0000000000000000     
 F F F F F F F F F T T T T T T T T T T T T T T T T T T T T T T T T T T T F F F F F F F F F T T T T T T T T T T T T T T T T T T T T T T T T T T T
  <DiscreteSampler_grid>
  grouped_processes
  1 # 1 for a reference and 2 for a running grid.
  10 # Attribute 'min_bin_probing_points' of the grid.
  1 # Attribute 'grid_mode' of the grid. 1=='default',2=='initialization'
  0.0000000000000000 # Attribute 'small_contrib_threshold' of the grid.
  0.5000000000000000 # Attribute 'damping_power' of the grid.
 # binID   n_entries weight   weight_sqr   abs_weight
    10   10   4.981077528992087E+004   2.204709837696307E+010   4.981077528992087E+004
    11   10   4.981077528992087E+004   2.204709837696307E+010   4.981077528992087E+004
  </DiscreteSampler_grid>
