 -0.00002686978378878  0.00035520238272356  0.00068391713638021  0.00101514488513688
  0.00131496561755304  0.00159572204392088  0.00189978854102969  0.00222602909204622
  0.00253413740149669  0.00282238029478792  0.00308880771131144  0.00333891466484762
  0.00360439439913136  0.00390412455777006  0.00422582524966135  0.00453311227384983
  0.00478631557363299  0.00500448319289964  0.00521913406748398  0.00546207896663426
  0.00572626061562374  0.00602221090818936  0.00631339052390053  0.00662278834084390
  0.00692629854588203  0.00721628251730327  0.00750362815494317  0.00781033350330769
  0.00813476495532197  0.00846587547422405  0.00879654496570417  0.00909696867130287
  0.00935444598086012  0.00964375737557272  0.01007451169063328  0.01049259053226060
  0.01091538190024735  0.01133327229229789  0.01176836974927007  0.01225444598738033
  0.01275845354183964  0.01317191695831864  0.01358630538482315  0.01400165504017279
  0.01443788507250002  0.01489015663312073  0.01532319948658343  0.01578990351490309
  0.01630074756707174  0.01680369104690672  0.01725705931292376  0.01767421317340859
  0.01810586207703105  0.01855349543044319  0.01900419275840365  0.01959418609668760
  0.02028793756568147  0.02112365501025214  0.02191090993597113  0.02231707267551110
  0.02261797736626515  0.02288864622132105  0.02318128655932956  0.02348791652802541
  0.02384670884943918  0.02413387463443400  0.02439743211815564  0.02467953168566892
  0.02500459698591621  0.02539124821683589  0.02579150996172845  0.02613581892674964
  0.02638336736196985  0.02659522267056971  0.02680820992795219  0.02704655923023379
  0.02730598246194672  0.02767659816402553  0.02810467865754882  0.02859935152993028
  0.02905367912051146  0.02942854527012544  0.03054887524031483  0.03176398646297436
  0.03303629791264875  0.03386846462878216  0.03460779284473604  0.03555862552302236
  0.03651302243264985  0.04014702571670738  0.04645144323057706  0.05161390314716779
  0.05299461667995495  0.05392226827207579  0.28310714569211221  1.00000000000000000
 -0.00488886458692513  0.01923490853313022  0.03448682746288758  0.04679376328827254
  0.05862903011834487  0.07070495551045773  0.08130335148908470  0.09083223046795945
  0.10086540925948420  0.11167346746309111  0.12382530735710334  0.13684502447410932
  0.15006543879782866  0.16227173264029388  0.17420500214111612  0.18638541086291135
  0.19940035763928529  0.21128148377010783  0.22343533755680095  0.23633283143232958
  0.24933562662445050  0.26204125156356212  0.27407728068641501  0.28512082940859163
  0.29608255541351203  0.30682658334718549  0.31746858352910390  0.32811776779296481
  0.33864663230297276  0.34837758283574416  0.35750157719358894  0.36685007668866049
  0.37710251625991459  0.38766581525186494  0.39944933147563505  0.41164857238999736
  0.42362386903115090  0.43666967241085231  0.45167687842669579  0.46753269766818606
  0.48141688252776915  0.49243578560934820  0.50042516122295877  0.50518629972110440
  0.51077645671209215  0.51632512204830072  0.52160593452660675  0.52722154658650711
  0.53309366040525263  0.53959559734722518  0.54659681536673277  0.55290601294982999
  0.55830110405063837  0.56464819142410028  0.57530671720105708  0.58760812656755856
  0.59954564407302469  0.61142159147917197  0.62428983405307270  0.63676547501459646
  0.64760396846318280  0.65671697324071421  0.66648362170291331  0.67750685885049711
  0.69250857587741621  0.70672971745901536  0.71503804393641057  0.72326170017319302
  0.73155223216422605  0.74058650328022968  0.75013479106474901  0.75856809157635374
  0.76563054791525820  0.77174148570175860  0.77639641662892567  0.78198034814197570
  0.78870331084151601  0.79659929879604541  0.80689694629512843  0.81772923986319779
  0.82875181198949510  0.83794442203302233  0.84680775130267072  0.85604854698682464
  0.86578649772719085  0.87506822015058550  0.88489028607980058  0.89832020380257771
  0.91431205747272559  0.93018839746656590  0.94437023569785838  0.95770620418452135
  0.96925093221692105  0.97995170503846274  0.99048966043458253  1.00000000000000000
 -0.01249781118693248  0.12621572415820248  0.22351965568520948  0.29947379647155919
  0.36174554553816385  0.41429978701934284  0.46040671095884039  0.50163562449993004
  0.53981271727161251  0.57305374823512378  0.60317269036289867  0.63013995817507007
  0.65281692308537820  0.67268616679647764  0.69023108453983928  0.70805094743416852
  0.72408165655785151  0.74121929852973412  0.75828774986753700  0.77558054349635785
  0.79519445873817507  0.80963496088543330  0.82188700256635461  0.83222558647098732
  0.84111395931641342  0.84959271605950371  0.85673270060411288  0.86341137473715379
  0.86994278300721462  0.87596311670358540  0.88182690433464594  0.88723212207864999
  0.89229701946305817  0.89700201679723990  0.90125107093093293  0.90496033703136358
  0.90882353414510686  0.91252995261611103  0.91633581024436173  0.92001870417953879
  0.92337423512945116  0.92646917925949090  0.92928722337830261  0.93207188414088815
  0.93449664249932662  0.93638078638556488  0.93851967364013966  0.94054023056690894
  0.94252472328956405  0.94429825362489250  0.94596169529069252  0.94759214115244295
  0.94923319989470867  0.95095833162744203  0.95268155290581891  0.95428865088186776
  0.95597623057226733  0.95756351499618586  0.95859503516578670  0.95973152880431212
  0.96088698942283812  0.96195610822285338  0.96306062826255212  0.96415276919062465
  0.96516765328708964  0.96608760883918188  0.96692738799460320  0.96770222794007110
  0.96850540368589910  0.96941542373775502  0.97038567324395031  0.97133773170934412
  0.97226460997273956  0.97318570799472393  0.97411573359733827  0.97512102125088507
  0.97604584828172114  0.97698301567681112  0.97804804977718907  0.97920877226201886
  0.98013868961903783  0.98094820443707609  0.98172973034130706  0.98250408600679751
  0.98326404542915802  0.98405249307062348  0.98492082260370073  0.98590411068710249
  0.98678018614837049  0.98770693937520015  0.98869635140245893  0.98983260627745628
  0.99132603049917112  0.99336646564977404  0.99622377264250928  1.00000000000000000
 -0.02061481150819153  0.14754292984672018  0.19431275720965563  0.22317701534927945
  0.24153492980454289  0.25859643092820428  0.27909368478097707  0.29378602538009857
  0.30798760267790559  0.32298570836397861  0.33725123447208427  0.34990982134585891
  0.36359283366192136  0.37746440627936767  0.38962368718190582  0.39950826759942565
  0.40820707108843207  0.41647879771625612  0.42490480346829979  0.43400317354778928
  0.44255747718477573  0.44841728954730226  0.45321372338971055  0.45723681680586509
  0.46120368366127079  0.46515523062120057  0.47066980936686537  0.47603326890918429
  0.48137739373672500  0.48621473164260370  0.49057861562202237  0.49676032485904353
  0.50298448918635708  0.50935741266884016  0.51605236336762739  0.52217761821538267
  0.52869735991313138  0.53549348816938136  0.54189640681558171  0.54890453700118569
  0.55592754176389481  0.56281478709156696  0.56896443596364876  0.57484772330812506
  0.58101082538082260  0.58742382413911209  0.59397052132397876  0.59997631678115892
  0.60550687250002233  0.61087571767339410  0.61626547921305530  0.62158051884909205
  0.62686307401235153  0.63229575321344678  0.63770401283778932  0.64273422839692007
  0.64736113284712637  0.65192105265466205  0.65665670907998852  0.66191876700382191
  0.66834523356891407  0.67416523558019370  0.67962599823549752  0.68458583905280779
  0.68852802135104629  0.69212674233035809  0.69596854135296693  0.69960543025546318
  0.70310692170245814  0.70719548323234604  0.71117589543842796  0.71537613108035847
  0.71968104241268693  0.72356003418554449  0.72726552611892925  0.73146687699777224
  0.73602351277485700  0.73995065205181620  0.74355505420667001  0.74703509032299609
  0.75047266886858510  0.75820551504716849  0.76513731473398305  0.77198869919504065
  0.77877775396306770  0.78614754859017089  0.79384028465287348  0.80234267153053418
  0.81237589624846307  0.82354456098643392  0.83552360226479072  0.84968486086839945
  0.86698145009321892  0.88953663708456365  0.92164927676818986  1.00000000000000000
   2.8396884912416769E-013  -1.0000000000000000     
 F F F F F F F F F T F F F T F F F T T F F F T F F F T T T T T T T T T T F F F F F F F F F T F F F T F F F T T F F F T F F F T T T T T T T T T T
  <DiscreteSampler_grid>
  grouped_processes
  1 # 1 for a reference and 2 for a running grid.
  10 # Attribute 'min_bin_probing_points' of the grid.
  1 # Attribute 'grid_mode' of the grid. 1=='default',2=='initialization'
  0.0000000000000000 # Attribute 'small_contrib_threshold' of the grid.
  0.5000000000000000 # Attribute 'damping_power' of the grid.
 # binID   n_entries weight   weight_sqr   abs_weight
    10   10   1.255155814700004E+000   1.539775291462209E+001   1.255155814700004E+000
    11   10   1.255155814700015E+000   1.539775291462209E+001   1.255155814700015E+000
    16   10   1.255155814700004E+000   1.539775291462209E+001   1.255155814700004E+000
    17   10   1.255155814700015E+000   1.539775291462209E+001   1.255155814700015E+000
  </DiscreteSampler_grid>
