 -0.00008862652823023  0.00079542697164082  0.00173436567647582  0.00308178802139659
  0.00483679507024467  0.00690680746178640  0.00944234482186192  0.01231997484761269
  0.01545426143995497  0.01887149658370957  0.02268962969406178  0.02680393323378930
  0.03122484622719721  0.03598136656203160  0.04092443055089390  0.04616479023757580
  0.05171238701070728  0.05746900568382387  0.06342964436388361  0.06973419721405623
  0.07630929041933537  0.08311709908050359  0.09003044187965339  0.09716466475690996
  0.10458502176591655  0.11225425492548785  0.12019921564596742  0.12842145434258753
  0.13700863045982367  0.14591787741875237  0.15496023239822573  0.16398293501564495
  0.17298951852833200  0.18222757854649574  0.19166234691178477  0.20143030641545043
  0.21162448032347314  0.22203284127368983  0.23259188194253258  0.24340258637986090
  0.25449952626927508  0.26572580836471976  0.27724183400188607  0.28889285510899276
  0.30077687366534267  0.31299672489013264  0.32552461383291992  0.33821803543737400
  0.35092492031268790  0.36381510514057736  0.37692477607437413  0.39004745308185851
  0.40313078322242207  0.41626928885354519  0.42956425128727499  0.44302122526533344
  0.45658532913040734  0.47040160024450733  0.48436779974089622  0.49841147694542470
  0.51252387005702338  0.52666523260876352  0.54096312587073436  0.55521592644341067
  0.56971772338300297  0.58438724590991975  0.59909361033276454  0.61383763516942502
  0.62874292941776999  0.64371504259237888  0.65835403712989760  0.67309983926462136
  0.68789371122559295  0.70268922802886680  0.71756943126111006  0.73279024392463343
  0.74783574128402441  0.76280211456913727  0.77743072115563772  0.79147472081570602
  0.80549663495265045  0.81951845914476817  0.83340140458135226  0.84715749512499472
  0.86076703191834858  0.87407605829406454  0.88724416960106089  0.90035536393600746
  0.91347014149601347  0.92656680235171007  0.93953164147517787  0.95227326738335738
  0.96452438646571337  0.97651164246808042  0.98832827261158929  1.00000000000000000
 -0.00253966062101257  0.00937290482047161  0.01993888574303362  0.03058992200898874
  0.04124853945204190  0.05201482473399396  0.06275401556653658  0.07334621767909454
  0.08367866596027124  0.09363397242826467  0.10349032367750904  0.11365068718096555
  0.12400734889086545  0.13442612510657567  0.14443061174376320  0.15463876088412709
  0.16510991632815444  0.17581586293209181  0.18646286830014427  0.19690330262853228
  0.20729920591321122  0.21764049322316623  0.22850425184337131  0.23938745966904565
  0.25058585188425431  0.26145940881984642  0.27247419559628072  0.28362063729769721
  0.29459703510749791  0.30523370144318307  0.31586088644369931  0.32664808457420597
  0.33755756919196528  0.34830271391487233  0.35941738835774029  0.37059740281687642
  0.38136157141945409  0.39191653122911141  0.40245982631817617  0.41310955650113651
  0.42378399256231136  0.43455427416861853  0.44562267014115731  0.45691031455144177
  0.46768354215459396  0.47838563970608172  0.48822721471976371  0.49818987229751360
  0.50814376410181750  0.51830447794016055  0.52838977795412168  0.53862691478173719
  0.54866505076576133  0.55897281506891749  0.56906452555640641  0.57942832118690479
  0.58996031091255996  0.60062751357655964  0.61123164439037148  0.62212309054786774
  0.63253990962564499  0.64269193892103016  0.65285672288687779  0.66318154552301201
  0.67312660340074060  0.68268888621014767  0.69287671114124139  0.70379078482106883
  0.71456515785802566  0.72500277040507188  0.73580636704765634  0.74656418780825329
  0.75758716105600288  0.76828706325445595  0.77819590736897881  0.78788530830443437
  0.79770650938205512  0.80807859232988444  0.81820348584928371  0.82852180589020896
  0.83879014240655403  0.84945032451149427  0.86005827549379221  0.87097745174821717
  0.88165119739405984  0.89238150159937035  0.90328891387729637  0.91432645673000679
  0.92528079911798200  0.93610371016836813  0.94680495572302426  0.95722474641044697
  0.96783760839850475  0.97858608520046919  0.98937191051700990  1.00000000000000000
 -0.00289415015585730  0.01801817810635791  0.03367122591923674  0.04697709988665612
  0.05894936469364265  0.07007343652237208  0.08069951018635292  0.09090943527359420
  0.10092895846169588  0.11042871721879173  0.11966456417806622  0.12871706807557637
  0.13768088196607789  0.14640071694250584  0.15499007162922523  0.16338369335660699
  0.17164122628465633  0.17986146514667115  0.18792492566549734  0.19611405435593277
  0.20430856042296416  0.21283192712692256  0.22142979864021453  0.23011068608803367
  0.23892059621979400  0.24762057835466447  0.25611765721703683  0.26452368272215476
  0.27297186334044127  0.28100366387620207  0.28912671839135817  0.29688921465097218
  0.30467499059132552  0.31252892870122978  0.32043213662582870  0.32817250539615467
  0.33595330389559624  0.34381901315109836  0.35169098638478269  0.35969316803117146
  0.36788366707553527  0.37600791308749204  0.38384553098459068  0.39145628278442296
  0.39907069434415088  0.40683349683396419  0.41472425475175440  0.42264116790899553
  0.43037192352796150  0.43815913452497157  0.44647104471230908  0.45510330962812440
  0.46349257893321510  0.47146656730344760  0.47962439441844984  0.48823169516209181
  0.49692134009831912  0.50544780564810932  0.51412991045027856  0.52279591522652569
  0.53139338817901138  0.54004198723476149  0.54849646828363163  0.55707591183257132
  0.56562632601513030  0.57419050036388397  0.58289671739929461  0.59205597041458324
  0.60146855505756891  0.61111340983207296  0.62090397694586275  0.63088848538940812
  0.64093916499877701  0.65115605820321598  0.66142299790672732  0.67152990698469261
  0.68144357031696812  0.69160935894681819  0.70211228390423464  0.71288892772184653
  0.72371831667618469  0.73447869008555011  0.74546829870365416  0.75697041541867893
  0.76880660136209511  0.78111427387992249  0.79395400995569565  0.80717968782611160
  0.82087335249022197  0.83585337211952326  0.85247897790060678  0.87131170331208563
  0.89160946771109972  0.91588432608548043  0.94667543478275640  1.00000000000000000
 -0.02032032529992374  0.13281597317909674  0.18112399341443086  0.21156670435437941
  0.23701192326498013  0.25841208438661667  0.27661674484518073  0.29312807003866492
  0.30865105151567995  0.32327162237644325  0.33710450033321487  0.34997952444070335
  0.36225887609081270  0.37397092885822136  0.38552960422533705  0.39654414739667010
  0.40627108997974953  0.41572017868613459  0.42467325298338343  0.43351127990046701
  0.44202601698074062  0.45030370489888527  0.45847212173554380  0.46698931830801266
  0.47549535481927541  0.48369092948592546  0.49167628494509652  0.49957396666593185
  0.50744946387187728  0.51520532370902028  0.52277513597421676  0.52990781245757301
  0.53695460319366239  0.54386645976779313  0.55042667343911267  0.55687662499816715
  0.56320755462593586  0.56936331874335311  0.57545700346181083  0.58145698694203607
  0.58740201103109024  0.59331463712376964  0.59918906288873108  0.60488975988462879
  0.61034571200696874  0.61570643539801218  0.62112537506982690  0.62664140575347549
  0.63211921751701639  0.63749042595212646  0.64276089647652179  0.64793408448323164
  0.65300075577518990  0.65796786067118118  0.66289482594279070  0.66811217788495481
  0.67349341206616742  0.67889089212866549  0.68430232263933943  0.68964414092413839
  0.69488839634508426  0.70008361450863676  0.70524028683380835  0.71032919253428972
  0.71536319868794018  0.72039325932394738  0.72532457652435511  0.73027976087337032
  0.73534084573633984  0.74050426189603680  0.74577575030572785  0.75112831788881707
  0.75651467379156034  0.76189665444864552  0.76722564961296258  0.77252876479924371
  0.77810784502226260  0.78382094895419074  0.78959362952376733  0.79546889972340229
  0.80155031899789253  0.80769256949326118  0.81403791132227532  0.82067874459545298
  0.82748146980070747  0.83444015473645483  0.84162506676939686  0.84911324037938152
  0.85733677771048411  0.86645473148199570  0.87646070246843322  0.88750928888176817
  0.90025318771479645  0.91682281572159030  0.94237616633258892  1.00000000000000000
   4.1960191886248786E-004  -1.0000000000000000     
 T T T T F F F F F F F F T T T T T T T T F F F F F F F F T T T T
  <DiscreteSampler_grid>
  grouped_processes
  1 # 1 for a reference and 2 for a running grid.
  10 # Attribute 'min_bin_probing_points' of the grid.
  1 # Attribute 'grid_mode' of the grid. 1=='default',2=='initialization'
  0.0000000000000000 # Attribute 'small_contrib_threshold' of the grid.
  0.5000000000000000 # Attribute 'damping_power' of the grid.
 # binID   n_entries weight   weight_sqr   abs_weight
    10   10   3.268100479814588E+008   1.111142065260293E+017   3.268100479814588E+008
    11   10   3.268100479814587E+008   1.111142065260293E+017   3.268100479814587E+008
  </DiscreteSampler_grid>
