 -0.00004287831028065  0.00064736899713523  0.00128198069382406  0.00192302443722236
  0.00257536651990692  0.00320168907447446  0.00383823853019612  0.00434626315191445
  0.00485004772577782  0.00540838978463795  0.00596170837587380  0.00650139577453957
  0.00700986341193221  0.00752955128111909  0.00809563263648458  0.00863909766900340
  0.00968588921939072  0.01058553160128865  0.01121519346230971  0.01175528700059850
  0.01231293704442247  0.01289141299779851  0.01338252224015643  0.01384423197990403
  0.01431598190632388  0.01474157153914851  0.01515527025678737  0.01554909247697145
  0.01601344463001373  0.01652400323214378  0.01706070580107358  0.01754311766946699
  0.01802674579624052  0.01851678600320334  0.01899341171903021  0.01949705838358040
  0.02005234773940502  0.02071884084155060  0.02096222993416937  0.02116809529564057
  0.02134675601150915  0.02175963658739704  0.02314276969540812  0.02471956056734935
  0.02618719185262597  0.02761602274024756  0.02900794510315363  0.03033746264287323
  0.03194819067424561  0.03369745903875073  0.03599586155420649  0.03874363887547227
  0.04139353001016122  0.04379613579839975  0.04619874158663828  0.04897935330434183
  0.05192850956308133  0.05482503136892931  0.05768344011055807  0.06032394853707789
  0.06263945222058984  0.06421424972901550  0.06548714850262626  0.06723530399391593
  0.06977264954158509  0.07244831910488274  0.07455715836009830  0.07592024230055765
  0.07718640483790284  0.07842135388535280  0.08216335607246278  0.08634540245281574
  0.09639732576044392  0.10314558131791944  0.10465892148785083  0.10580922220877569
  0.10742377123962382  0.10868957780143358  0.11004816067423231  0.11155374707444074
  0.11355180651977784  0.11524597119234437  0.11686048376854338  0.11835501187418102
  0.11993865989318019  0.12153961435872000  0.12300764108552958  0.12405318890751084
  0.12468143634576151  0.12634724979822740  0.13083611142847945  0.13532497305873153
  0.13615752806495790  0.13662892617687394  0.13733821012637348  1.00000000000000000
 -0.00378147741625994  0.01831803544739715  0.03536562274271930  0.04459659581857787
  0.04878262543493894  0.05410817413989433  0.06020888433224660  0.06727460252922436
  0.07243133111015324  0.07741826391170185  0.08337878897231901  0.08877984710003287
  0.09362995277819068  0.09904111881288272  0.10496240308310806  0.11437728916981907
  0.12450389216260715  0.13518478500478701  0.14549399864453910  0.15681369661397923
  0.16841657024937384  0.18065889597057574  0.19130258058887425  0.20332947079830574
  0.21364424070881760  0.22349673550812169  0.23278140042326192  0.24009182341955426
  0.24772509465186604  0.25656210657431905  0.26587577774328197  0.27605669216255968
  0.28768722604396102  0.30027015729964340  0.31343118811188103  0.32760518123860383
  0.34234288007082758  0.35800394709715394  0.37543009632439822  0.38914384823398934
  0.40478868708372528  0.42138947662122084  0.43684002211723710  0.45606627403949096
  0.46582910435572894  0.47382857768733144  0.48114354715586516  0.48864548045119416
  0.49738912070572222  0.50647879943506235  0.51291561437725985  0.52094768654592571
  0.53086485238981607  0.54176187261397024  0.55366535711700660  0.56594082670776547
  0.57859649538324198  0.59570544493112088  0.61209990312926732  0.62704222518672381
  0.64071040373756705  0.65315285489136943  0.66382918667579227  0.67250467401845304
  0.67992983263808682  0.68841165198501753  0.69778583906102698  0.70642742778391654
  0.71386151479707471  0.72140808773599274  0.73042249106552382  0.74185235364492152
  0.75300017986657164  0.76325514074713208  0.77605260629721529  0.79349287318486739
  0.80722845401691334  0.81603093209218114  0.82195502224513539  0.82870373043208789
  0.83566214947155326  0.84274958405131339  0.84969677107601826  0.85662502250333372
  0.86392109921889437  0.87297653295321997  0.88468664666428320  0.89831335681712077
  0.91140216231353444  0.92336162081677642  0.93471199095980484  0.94613890905913300
  0.95903363356060767  0.97351419434613784  0.98657257560114642  1.00000000000000000
 -0.02094735161965952  0.25431764267261414  0.40847451624938208  0.51883025408957328
  0.60104642639029882  0.66871034450905054  0.71641676709995750  0.75059164879834106
  0.78332328325456890  0.81143366820809060  0.83839092716967811  0.86126039053961656
  0.87904985643862588  0.89204810580894867  0.90170594154330042  0.90928778539519983
  0.91666805349771308  0.92331527206663566  0.92845933990788676  0.93271693984273252
  0.93677086361275774  0.94066175184224365  0.94516209315272826  0.94952397776470754
  0.95329543401812999  0.95641753143502395  0.95847438320350575  0.95993052308307292
  0.96117945553319317  0.96257788555528467  0.96406632247217972  0.96536188796911970
  0.96654353747169952  0.96765624283608109  0.96879064497836542  0.96986368196329675
  0.97077807461950738  0.97158912364546202  0.97235415159763716  0.97308941562545381
  0.97384561273813186  0.97465440853557106  0.97550887006377573  0.97637604097668029
  0.97715689966610297  0.97779930088637912  0.97839193808931779  0.97895128438565282
  0.97950465677794973  0.98007444509242148  0.98065185858613957  0.98123649765457721
  0.98183964476807473  0.98243061388650910  0.98300332783956279  0.98356996808651020
  0.98418884054223277  0.98481254539905305  0.98531383318097854  0.98576756599730886
  0.98623055954678884  0.98674657073631167  0.98702472396583441  0.98726584614393131
  0.98750536307034620  0.98774429516531281  0.98796856940693123  0.98817407189013540
  0.98836895343559728  0.98858165180876534  0.98880388895655835  0.98904165134240973
  0.98927967502262681  0.98952171290762114  0.98976876727683039  0.99011345718213295
  0.99049307550871113  0.99087564370907133  0.99123811878711443  0.99156737675519624
  0.99186017151541772  0.99218910170294261  0.99257498731037097  0.99295679966026651
  0.99333441859098837  0.99372605285851490  0.99419232706877758  0.99465178656849906
  0.99507148375933863  0.99550922594957780  0.99605331385047491  0.99657593410284173
  0.99709962430050880  0.99766389045224124  0.99838088669997938  1.00000000000000000
 -0.01994774764813735  0.10909807973022026  0.16292156737176761  0.20012878442072388
  0.22325433990173355  0.24006960632099641  0.25384185393213543  0.26573866990310741
  0.27680951663403580  0.28742448716038071  0.29782330128669088  0.30772584321625512
  0.32250757851578027  0.33573997077302853  0.34441189956116902  0.35258473439353893
  0.36010770522179508  0.36785615529736448  0.37516183831438965  0.38195519727779043
  0.38818291438903846  0.39428024848261856  0.40053412173003056  0.40654657269486394
  0.41223848384018025  0.41802687279899170  0.42580064330837958  0.43447193848532994
  0.44252745180556674  0.44971006534190677  0.45594388705329358  0.46115301246403523
  0.46602944273474317  0.47132316606087782  0.47544578487828504  0.47896010789818166
  0.48217737231502927  0.48546125453314087  0.48856555707800942  0.49193116827234412
  0.49579602503675235  0.50031880038391674  0.50435765635222940  0.50813360195892043
  0.51208920781127076  0.51617790291328980  0.52082297387730725  0.52661278526854638
  0.53126833632301251  0.53469447719718133  0.53818258795205365  0.54194286067546571
  0.54625304949995201  0.55325294130525737  0.56182179631250673  0.57070300451768996
  0.58002145801943317  0.58578702412008099  0.59214230486159836  0.59877616126786193
  0.60399948119082103  0.60988194854355071  0.61534884933760892  0.62025388763256295
  0.62498830459533528  0.63018046959314233  0.63538283079691660  0.64026549972531621
  0.64339400258484325  0.64647715326578037  0.64976377290467269  0.65327537447763384
  0.65692623692769381  0.66063085514217801  0.66425822786603739  0.66783536408375721
  0.67259348138497310  0.68014589724221075  0.68705285174041042  0.69339040763506921
  0.69985737109901613  0.70677633362257153  0.71387403577039754  0.72053845557077323
  0.72740221268367666  0.73672584771732963  0.74853036090791114  0.76275999397953520
  0.77719915871310485  0.79350002608487002  0.81110840216342450  0.82941837570596155
  0.85148046298554170  0.88064291355652646  0.91781204171789532  1.00000000000000000
   4.9489177095490619E-044  -1.0000000000000000     
 F F F F F F F F F F F F F F F F F F T T T T T T T T T T T T T T T T T T F F F F F F F F F F F F F F F F F F T T T T T T T T T T T T T T T T T T
  <DiscreteSampler_grid>
  grouped_processes
  1 # 1 for a reference and 2 for a running grid.
  10 # Attribute 'min_bin_probing_points' of the grid.
  1 # Attribute 'grid_mode' of the grid. 1=='default',2=='initialization'
  0.0000000000000000 # Attribute 'small_contrib_threshold' of the grid.
  0.5000000000000000 # Attribute 'damping_power' of the grid.
 # binID   n_entries weight   weight_sqr   abs_weight
    10   10   1.205597472235744E-034   8.340307576435171E-068   1.205597472235744E-034
    11   10   1.205597472235744E-034   8.340307576435171E-068   1.205597472235744E-034
    16   10   9.371532170739055E-035   4.298294651404718E-068   9.371532170739055E-035
    17   10   9.371532170760699E-035   4.298294651410837E-068   9.371532170760699E-035
  </DiscreteSampler_grid>
