 -0.00003579853873003  0.00052951568135677  0.00100223347648447  0.00147826908951228
  0.00193677477276924  0.00237180224630406  0.00279158171167339  0.00319152759237980
  0.00363246695141013  0.00412590051494080  0.00464327193217255  0.00517402157798539
  0.00567548941398318  0.00603848357360961  0.00640697415046879  0.00678431194086969
  0.00716905738311138  0.00758581959932669  0.00794776057589752  0.00824214397560421
  0.00851538462341620  0.00878195352160418  0.00906845427656734  0.00938176478835881
  0.00969576839706098  0.01000772572715798  0.01026709334279802  0.01049762872566999
  0.01074457149948225  0.01108850354629559  0.01145405266913468  0.01186201101617704
  0.01237269458208529  0.01278893865548349  0.01319411252497097  0.01359828598123250
  0.01408727590917773  0.01460497893278042  0.01516993689228636  0.01578674805114080
  0.01645379563384880  0.01729004245763855  0.01798133773832972  0.01836585567349549
  0.01871545103107407  0.01906889934351252  0.01940656076848755  0.01971532828939565
  0.01999966304615708  0.02027444420221458  0.02054125296731179  0.02078450076612519
  0.02101702290136237  0.02123852730297522  0.02147467874034206  0.02186549763118718
  0.02228906053870435  0.02263994402349103  0.02296232167617875  0.02328448248269773
  0.02363757478625572  0.02403771793923369  0.02457063131811547  0.02516082266799312
  0.02579697677568283  0.02636005711388278  0.02732058142735541  0.02844675209630540
  0.02950507055080036  0.03053000183174042  0.03144722380599932  0.03220770780834085
  0.03332042791562531  0.03512856131585966  0.03695199170675473  0.03888700418022097
  0.04082201665368721  0.04309569743198921  0.04543655959561612  0.04796419622936474
  0.05034736272328629  0.05211722508354542  0.05317736208769477  0.05397475507302227
  0.05482197348942893  0.05564434777473551  0.05716885384049773  0.05809274323105377
  0.05866721337229221  0.05923553014669574  0.05980149226973268  0.06036518497981747
  0.06100104902558866  0.06657655768558263  0.07739865633591383  1.00000000000000000
 -0.00443749309704241  0.00701910089314593  0.01764933834590938  0.02786591218002059
  0.03747502068486455  0.04741845641344215  0.05873525619821515  0.06819572667327120
  0.07742060279522679  0.08735375860334844  0.09920656426169402  0.11258199780257176
  0.12543718042490490  0.14103646652083154  0.15075548847649864  0.15862634360070579
  0.16737608124591363  0.17350348733029017  0.17933744936698104  0.18478703996249937
  0.19309177092138863  0.20134482240315280  0.21160019622263795  0.22919380172031564
  0.24304256443913275  0.25647488637869936  0.26843187459644979  0.28039684751380289
  0.29328267408238795  0.30799287423500965  0.32299679349281041  0.33737154263917352
  0.35143555534455234  0.36579901028271955  0.37706645431257935  0.38724097045950501
  0.39748949370953157  0.40787415352625866  0.41915363908533215  0.42984417722883222
  0.44057178589547585  0.45550709003884610  0.46294022164760207  0.46984733435107218
  0.47677786991357096  0.48428279186802348  0.49223476223314855  0.50032241117068899
  0.50896479426742247  0.52001069469812511  0.53253553495279415  0.54460547211546195
  0.55616625396911012  0.57099263606343120  0.58368611329132958  0.59634632467198123
  0.60958220614803538  0.62284785221010208  0.63502425124612738  0.64619377811707623
  0.65744840313542663  0.66747073114686806  0.67470453961727572  0.68134459655089330
  0.68919658307421860  0.69705563537759407  0.70423526257935953  0.71081134529465428
  0.71799916750628145  0.72486805056133996  0.73547766565352890  0.75089306047073590
  0.76448700572249217  0.77769736533475098  0.79176359503697569  0.80437081236898156
  0.81720526798737991  0.83039262177766437  0.84353115715922200  0.85706973845225631
  0.87196352717817183  0.88567908774758908  0.90090709771725319  0.91495787962443420
  0.92319790316531825  0.92972931249917223  0.93463124043507362  0.93895600205993246
  0.94353347121884612  0.95006331569696600  0.95613867647495010  0.96184977405313787
  0.96738495170122130  0.97347243534595684  0.98231718882454200  1.00000000000000000
 -0.01865901186662085  0.20844175531497702  0.34668086477556492  0.44116200546235307
  0.51585141653925093  0.57706559871791530  0.62251377126444152  0.65875056055246850
  0.69200426892595723  0.72185094207505318  0.74705692801887535  0.77100464992808670
  0.79198437409070943  0.81115392157369026  0.82523324558678124  0.83715943252924307
  0.84762766793350131  0.85781388233011546  0.86642248345150807  0.87400589466267409
  0.88175532269491119  0.89006610425830301  0.89772796234993701  0.90479647900470550
  0.91125828589499613  0.91683585536073542  0.92109639788289532  0.92474049579979145
  0.92836557528132002  0.93183974921822788  0.93506292777584721  0.93774844536738244
  0.93982754347271513  0.94184299281530726  0.94406236342121197  0.94606786577788471
  0.94800148701891351  0.94985742358224945  0.95190571765565579  0.95393374728862534
  0.95587492744630853  0.95769825716670731  0.95935025882324265  0.96082851003021164
  0.96216408448343760  0.96333448090762164  0.96452278421758231  0.96576128581902321
  0.96700526984223478  0.96818366586174842  0.96924298491950334  0.97019566107307120
  0.97119610715938220  0.97227053086303583  0.97324628476841846  0.97398239357858363
  0.97442756942540143  0.97487274527221934  0.97533420593947984  0.97579995219849702
  0.97626756865297137  0.97674014396272391  0.97721271927247644  0.97805154015742857
  0.97887507975794408  0.97961861744157752  0.98031430993519642  0.98096203593388920
  0.98159549374194921  0.98213525426448689  0.98259259365324558  0.98305744476108081
  0.98350041993529225  0.98391696145515473  0.98434944956235948  0.98477581320971352
  0.98522212468777137  0.98567558190697735  0.98608672998336933  0.98644563116664086
  0.98679747197733614  0.98719106041856830  0.98764662483550414  0.98835984507672270
  0.98897453913935296  0.98954329808666919  0.99007760072667161  0.99058060553969152
  0.99120187533739512  0.99196211671557388  0.99273142766819444  0.99351457611029470
  0.99431784876103868  0.99548448506350651  0.99718071605695557  1.00000000000000000
 -0.01143636941559172  0.05946657607519571  0.08394830587581412  0.12640853768482432
  0.17023773975498141  0.19996207056302462  0.22587175670562185  0.24745265934776900
  0.26017715622319648  0.27056710490415009  0.27967890516195237  0.28749201210426933
  0.29500857865398977  0.30232762078383263  0.31054685469317411  0.32091809063115839
  0.33225236403709979  0.34452392612667909  0.35143172733538758  0.35698906096259359
  0.36241997639556728  0.36762961969197322  0.37276134785890180  0.37742761334332353
  0.38047066619283432  0.38380325877819593  0.38846212817144393  0.39378106793374090
  0.39815180075990236  0.40204475172334919  0.40669216595542007  0.41093078821171714
  0.41413554002921765  0.41749349851941775  0.42104389950740345  0.42476782799361723
  0.42888216429463349  0.43308998623184725  0.43714557197600312  0.44166651375996641
  0.44602916971458456  0.45040815526558814  0.45517810315460416  0.46093228914742801
  0.46906589951240152  0.47816966192712129  0.48664983759873109  0.49586557620690896
  0.50375854727431191  0.51078992777199728  0.51734690574724995  0.52365318781446801
  0.52988804304498005  0.53581704283594189  0.54207144559923437  0.54892711464574206
  0.55513194054157544  0.55969237106441283  0.56437090162675851  0.56930031289594296
  0.57393822770521974  0.57765683452905281  0.58179373706420445  0.58771184210526051
  0.59346600058900079  0.59869254908836045  0.60430786584233831  0.61147596366907753
  0.61971103740866740  0.62773423252955896  0.63352752324445905  0.63967505546671743
  0.64617264697215582  0.65384947047412145  0.66319840158329768  0.66968062169790776
  0.67510125291240952  0.68054350675997655  0.68644294515410509  0.69242991252695374
  0.69817644454289929  0.70319949642467960  0.70740831542208471  0.71166316393228102
  0.71691857849863594  0.72291905242570986  0.72919308595997689  0.74083094764833823
  0.75726297617496141  0.77397538841755853  0.79250350000161507  0.81374740164976267
  0.83726731340795413  0.86681107314369088  0.90916816444644311  1.00000000000000000
   6.0419271188582126E-045  -1.0000000000000000     
 F F F F F F F F F T T T T T T T T T F F F F F F F F F T T T T T T T T T F F F F F F F F F T T T T T T T T T F F F F F F F F F T T T T T T T T T
  <DiscreteSampler_grid>
  grouped_processes
  1 # 1 for a reference and 2 for a running grid.
  10 # Attribute 'min_bin_probing_points' of the grid.
  1 # Attribute 'grid_mode' of the grid. 1=='default',2=='initialization'
  0.0000000000000000 # Attribute 'small_contrib_threshold' of the grid.
  0.5000000000000000 # Attribute 'damping_power' of the grid.
 # binID   n_entries weight   weight_sqr   abs_weight
    10   10   1.712175099897483E-035   1.188191761506776E-069   1.712175099897483E-035
    11   10   1.712175099897483E-035   1.188191761506776E-069   1.712175099897483E-035
    16   10   1.656687671234885E-035   1.159072881608177E-069   1.656687671234885E-035
    17   10   1.656687671214730E-035   1.159072881602397E-069   1.656687671214730E-035
  </DiscreteSampler_grid>
