 -0.00001205191956240  0.00044105492603393  0.00079980636533365  0.00114445522242511
  0.00148414860943443  0.00181925097991297  0.00215546086011327  0.00247477255368942
  0.00278553020041171  0.00312524949758374  0.00346987314751381  0.00379933776279050
  0.00410135013367143  0.00438541239331598  0.00464896969878853  0.00492822659708805
  0.00520934395097704  0.00550842079936491  0.00589040899130336  0.00631005533302167
  0.00668529845319632  0.00701103365661987  0.00731521925677837  0.00758858764698286
  0.00787315352348737  0.00818924365650964  0.00852447775476447  0.00890569386793127
  0.00927609579728379  0.00962271724274754  0.00995321457118626  0.01026285726551803
  0.01061892188969241  0.01093688838763109  0.01128930900657588  0.01161826142862988
  0.01191627521262735  0.01218760487974861  0.01246315035541376  0.01275816717109140
  0.01305984505130098  0.01338455813434587  0.01370948458511552  0.01404216786055322
  0.01436563264532831  0.01468718052538406  0.01501752116782690  0.01535906739539769
  0.01570405180565708  0.01605002942711649  0.01642610068275194  0.01683032444348424
  0.01725650649816183  0.01769878918508910  0.01815171695431918  0.01861204651641963
  0.01907805608522955  0.01954014785818155  0.01998068937118848  0.02042894963122494
  0.02085234206807032  0.02127146148526337  0.02169962855083231  0.02215200629427263
  0.02263367473843857  0.02314205373893465  0.02368822575077218  0.02425664038140944
  0.02478889322164705  0.02535880043410077  0.02593349627528875  0.02650429487460502
  0.02707453590576883  0.02767222076389879  0.02829536129689271  0.02981846278590739
  0.03172808838433600  0.03307974232007361  0.03397095726174026  0.03476640768672615
  0.03548354959483166  0.03616266673319813  0.03682701130149706  0.03734212771230894
  0.03784247621823347  0.03832834797494768  0.03879724156084639  0.03934536337340961
  0.03994143958815717  0.04057788123617909  0.04121292172934989  0.04265845827583336
  0.04643756911643775  0.05181781114895081  0.14319971221617162  1.00000000000000000
 -0.00245774872525064  0.00909666038137353  0.02085772828616569  0.03147326326999651
  0.04202896997128427  0.05310281288610143  0.06528045561597035  0.07787442913104946
  0.08872345421118120  0.09673995758601034  0.10505241885135851  0.11313860378713915
  0.12108403388054091  0.12993718425911543  0.14013501101877929  0.15068537184013164
  0.16108200898006617  0.17032121473929690  0.17977173055975074  0.18924203738366613
  0.19843836854567196  0.20760552599033108  0.21782026583437095  0.22786109874244387
  0.24197163352657672  0.25515589124437077  0.26760764976672846  0.27995537498989254
  0.29154283910574907  0.30279866667919469  0.31295221497968539  0.32205153429742200
  0.33224023203638364  0.34167099720473992  0.35070252057422030  0.36034807367492117
  0.37191005929874954  0.38401011367928900  0.39541303514250409  0.40491190653275277
  0.41383741096643661  0.42333533165765497  0.43302519200435435  0.44393231653699239
  0.45584272929999925  0.46666910226639735  0.47636788150415860  0.48565715653004526
  0.49554594694981463  0.50573013813751944  0.51534647891720475  0.52625570305711677
  0.53831575168568013  0.54898864430776839  0.55847441389807750  0.56831612742892601
  0.57940197665374260  0.59122682418852091  0.60266932060763923  0.61274434830190927
  0.62144106114874342  0.63100200686217467  0.64006042122783768  0.65004980722791483
  0.65882096931345158  0.66826016821201506  0.67783728197103499  0.68706679186454644
  0.69496649737586613  0.70294056842846031  0.71237335736542939  0.72376622974581817
  0.73632200072317222  0.74779638135047599  0.76177124769125071  0.77572407885723560
  0.78861534696536340  0.79986252141444725  0.81046631655668322  0.82171479164375349
  0.83360850516626683  0.84489293581522129  0.85593400131306918  0.86614966230957946
  0.87597433698724425  0.88770852221195296  0.90069751769004625  0.91201827871511632
  0.92265415884095681  0.93279834152182861  0.94398792866894510  0.95504624478866484
  0.96612799047496323  0.97734026465248602  0.98833691611339936  1.00000000000000000
 -0.00283711129344576  0.04909008182253286  0.08703130532980247  0.11944314398676933
  0.14780457104131028  0.17364883761434188  0.19683207825118265  0.21810550683515439
  0.23757939907924103  0.25744910056256110  0.27584655030385991  0.29314282639628697
  0.30914049841638580  0.32560269444103240  0.34204301485037630  0.35718418179612210
  0.37133012525539633  0.38422624404801725  0.39650608407114707  0.40808224103824758
  0.41999609339337979  0.43164273128336111  0.44464125737985100  0.45585846671969116
  0.46506478733756595  0.47308280230809996  0.48100034881217207  0.48860106505369882
  0.49646228440404433  0.50476118400356407  0.51312985572099135  0.52163954303165905
  0.53080749733400323  0.53957231160708286  0.54894956985184817  0.55770052586308982
  0.56672332895645172  0.57544526563602627  0.58445890094515540  0.59344225526423255
  0.60203420466372248  0.60987202065311852  0.61675730874312296  0.62430798178459568
  0.63151352714513620  0.63808061399500904  0.64406995462675354  0.64946914496508468
  0.65492333983005735  0.66050632789003005  0.66658212235756398  0.67336985768446900
  0.68026795998626843  0.68670288546787728  0.69327523944261593  0.70026337254367910
  0.70731269503502892  0.71396968344483114  0.72072093159081874  0.72759377851169915
  0.73398993853413530  0.73993417688847207  0.74591048166414953  0.75127892326685897
  0.75603448223314373  0.76100336564130400  0.76644109379791059  0.77204262292797377
  0.77764033560575396  0.78306695492431877  0.78803199739967000  0.79282657694357173
  0.79741555053364876  0.80197378154581722  0.80675754386927445  0.81148914011802153
  0.81697080198196859  0.82272332373503865  0.82817814814635837  0.83357615138311558
  0.83888621601524649  0.84415514285453364  0.84934664556927730  0.85537707474671154
  0.86166036923509293  0.86786269726193499  0.87416468377997958  0.88091662358325529
  0.88883840382846568  0.89709374895686878  0.90476924093807531  0.91195080564686237
  0.91985662603326823  0.93079628118400337  0.94974963135893342  1.00000000000000000
 -0.02366553045226624  0.13476154099768292  0.17215157573906889  0.19384630867986244
  0.21112508495921906  0.22719244733071772  0.24181081693990378  0.25361056462273179
  0.26321477662985920  0.27270243356166657  0.28277982765093435  0.29205992788157320
  0.29952166635181993  0.30619028716967689  0.31312637977603414  0.32035390602605174
  0.32635883205545396  0.33226442009347446  0.33739997180783476  0.34292828796153330
  0.34871964661950572  0.35450673777960712  0.36003167427784483  0.36573176920292105
  0.37122878941156118  0.37716514096151227  0.38311798276828890  0.38888494128429008
  0.39438552218019263  0.40077029765006011  0.40786221115241361  0.41533938930789965
  0.42229982378272463  0.42856580207680800  0.43434692460191116  0.43959274960209366
  0.44398233340697002  0.44853984777686462  0.45348287607221599  0.45790857889042080
  0.46206631967377765  0.46686977813790620  0.47163947142008672  0.47638895542403797
  0.48107088810854315  0.48569995733228777  0.49038267810730929  0.49522772153200839
  0.49962812909826337  0.50420362559664511  0.50903589861861642  0.51360482262546159
  0.51799839855135088  0.52233103982857343  0.52601563794672845  0.53056688172295929
  0.53480320201499199  0.53899295035029260  0.54370272757605231  0.54895502240779659
  0.55415438858200472  0.55947036696041008  0.56482483693951246  0.57019959333502024
  0.57487610341046635  0.57889123722766633  0.58278989548022853  0.58689143793278464
  0.59144407603102955  0.59640469020632203  0.60156518337026910  0.60732109832623482
  0.61368918608307488  0.62064506547630782  0.62791416868481598  0.63506974759547974
  0.64176699787466185  0.64823826824829989  0.65455276077460733  0.66131371902543268
  0.66867457940625608  0.67647746110489360  0.68488245348932209  0.69537681663320938
  0.70754116997259708  0.71882238502105311  0.73015018075874083  0.74138777294064606
  0.75255068044551443  0.76407137145995030  0.77650841379705693  0.78983017135903744
  0.80502433181829347  0.82870555867833329  0.86606490585837348  1.00000000000000000
   4.1124719015843442E-011  -1.0000000000000000     
 F F F F F F F F F T T T T T T T T T T T T T T T T T T T T T T T T T T T F F F F F F F F F T T T T T T T T T T T T T T T T T T T T T T T T T T T
  <DiscreteSampler_grid>
  grouped_processes
  1 # 1 for a reference and 2 for a running grid.
  10 # Attribute 'min_bin_probing_points' of the grid.
  1 # Attribute 'grid_mode' of the grid. 1=='default',2=='initialization'
  0.0000000000000000 # Attribute 'small_contrib_threshold' of the grid.
  0.5000000000000000 # Attribute 'damping_power' of the grid.
 # binID   n_entries weight   weight_sqr   abs_weight
    10   10   2.098781356153482E+005   4.046620025388163E+011   2.098781356153482E+005
    11   10   2.098781356153482E+005   4.046620025388163E+011   2.098781356153482E+005
  </DiscreteSampler_grid>
