 -0.00003492753487418  0.00045131493161021  0.00083180198597672  0.00119367990555907
  0.00154412952894335  0.00189211416298875  0.00224985156255094  0.00260971462548774
  0.00295529576654772  0.00328868182051328  0.00361567196895569  0.00393330421419398
  0.00423148650509628  0.00452653877824500  0.00482503990513119  0.00514854898274973
  0.00548793966182615  0.00583829399368859  0.00617001106340917  0.00652787269417677
  0.00690480753018984  0.00726957112922479  0.00762727876034488  0.00798120430578136
  0.00831379879746678  0.00866070437570563  0.00900893082235880  0.00932843958019704
  0.00963887002155996  0.00995920686373511  0.01028363205081974  0.01063237363524481
  0.01099641392246355  0.01134603072955998  0.01169595235200107  0.01207236713424454
  0.01247728083927697  0.01288982233056418  0.01331307324867352  0.01373411980137604
  0.01414495372448657  0.01456496756648942  0.01500779764315094  0.01548638804216121
  0.01598143429234155  0.01644566660787063  0.01694054472999841  0.01746163128645787
  0.01791743665915473  0.01832665254494375  0.01874164752050352  0.01916288711922586
  0.01961096325101856  0.02011391617285078  0.02063212750885474  0.02119218890141127
  0.02168352798308162  0.02223649322920403  0.02273860507688623  0.02321398739054011
  0.02361404347645937  0.02411451563870450  0.02466930520920853  0.02528557434457613
  0.02602198044988158  0.02678881276736417  0.02764159494514492  0.02870525141978600
  0.02985590857010345  0.03082427852827542  0.03177563385986593  0.03273936871459294
  0.03370703734462711  0.03457859241144793  0.03556019061788143  0.03660113200448586
  0.03775562605978523  0.03898748512745513  0.04011965087550814  0.04109541142551219
  0.04194908126302050  0.04272651186455712  0.04359672397410574  0.04471808226037528
  0.04602494329946322  0.04726172278546002  0.04806062184304644  0.04904255922100587
  0.05045157473177313  0.05300437117311390  0.05720216021772900  0.06536772091275986
  0.07242844610781704  0.08200426348069124  0.31773050024781807  1.00000000000000000
 -0.00206321786827375  0.01011286559351250  0.01924505319994359  0.02862754362981974
  0.03840386362861350  0.04971651822565734  0.06177513831024528  0.07288784571877287
  0.08283814262050661  0.09275748327913552  0.10213140430211118  0.11167259486766701
  0.12199030161104027  0.13471314099125981  0.14892314615143895  0.16236824734003838
  0.17601790171499632  0.18890499911665934  0.20125036085824261  0.21317097231383347
  0.22573333795916287  0.23898646451984445  0.25174738803631586  0.26236319324701840
  0.27205407092258471  0.28124510962919780  0.29099749922403406  0.30123348719059262
  0.31230631424818334  0.32379954699747759  0.33615336119263217  0.35104653091620752
  0.36420079242162134  0.37558764525483718  0.38534306663267748  0.39341308289619226
  0.40083345526768016  0.40779485102273644  0.41459265437463422  0.42410407612620493
  0.43550981217936752  0.44874439273233752  0.46060762401464711  0.47175114447827071
  0.48228120921221673  0.49194034930691305  0.50128553572281687  0.51001740617055147
  0.51910505723836409  0.52819969709327497  0.53794343403332545  0.54735238408954734
  0.55653091533821863  0.56564536695097245  0.57527712910141937  0.58555247826342827
  0.59670192921989207  0.60678921844975586  0.61660064383921931  0.62655600092618102
  0.63706434973775616  0.64736190790392456  0.65705751593369544  0.66735374357743227
  0.67856442095389491  0.69061827754190797  0.70092683794857713  0.70968115178811064
  0.71861561810342722  0.72796295403412026  0.73858567269202469  0.75034079087597083
  0.76396566003515021  0.77638579916699491  0.78719946712344968  0.79737221608389974
  0.80785357468629215  0.81900426468263521  0.82976305199701994  0.83887016269574088
  0.84613410507716780  0.85299256513988420  0.86035326335091100  0.86902623540161161
  0.87821201881863920  0.88636551308267519  0.89342180474807031  0.90413179687943357
  0.91512672959347652  0.92672161877297166  0.93839740955641704  0.95135028444226621
  0.96586459611485109  0.97855796547788287  0.98923442178434251  1.00000000000000000
 -0.00273595018109539  0.04983109871339343  0.08781691158511799  0.11917896220348884
  0.14573163303508058  0.17121221910910406  0.19763433929548327  0.22191172042376150
  0.24379086076710468  0.26499107619598966  0.28407484740290101  0.30115356996055270
  0.31805599862399342  0.33594334319127717  0.35680881397945019  0.37281139117150558
  0.38582612153245888  0.39800199191976071  0.41057063542642103  0.42297746281013232
  0.43565149027343103  0.44963527852885765  0.46268807881293267  0.47251151274151693
  0.48244572380746098  0.49258789898579175  0.50298465350828170  0.51280986583960197
  0.52275948026800101  0.53249901150190848  0.54218002734816606  0.55085548091156378
  0.55976412094319461  0.56852156787868535  0.57627614155282270  0.58367158796162499
  0.59108589002425660  0.59901850079617858  0.60788890839704290  0.61726053439952100
  0.62649009404269917  0.63551986012469819  0.64429576521277532  0.65325001756767109
  0.66242875305956161  0.66986028416979948  0.67729653251647526  0.68475900050907945
  0.69155000464028915  0.69750787959856453  0.70304418015684356  0.70865637019588867
  0.71455452233472061  0.72017619240438102  0.72541122894090537  0.73074665257935223
  0.73599750335011083  0.74151867839709407  0.74769856871326668  0.75450822329345490
  0.76175172371429856  0.76867343517643771  0.77510157368374322  0.78095460584940046
  0.78644210545178772  0.79186360743822304  0.79683628094549996  0.80186290377819425
  0.80733944647331890  0.81287589615660072  0.81795872487382737  0.82326112190458312
  0.82826588413026248  0.83286957450483290  0.83756029632126106  0.84223017539444067
  0.84725457860245634  0.85184984534215025  0.85709476513112703  0.86223876846608982
  0.86724718699269032  0.87216291836323845  0.87719401288904753  0.88254857858098790
  0.88804011226775792  0.89329145368261531  0.89825860311067596  0.90408767699698578
  0.91003409973459848  0.91612353025526039  0.92209040267552544  0.92822327978192920
  0.93516022360371243  0.94442595646894112  0.96246948649421382  1.00000000000000000
 -0.01786398542597215  0.10565338157255505  0.14713411281030109  0.16731701969892582
  0.18428360579409228  0.20020406184024581  0.21299655944860846  0.22375248584697349
  0.23471941078593664  0.24581642062668749  0.25513936178264374  0.26325511384023831
  0.27168920616856373  0.28198011720141131  0.29204143536424476  0.30073150585727437
  0.30937704402412325  0.31767388668837265  0.32564511139444130  0.33323451804559540
  0.34045455071983582  0.34751389462856258  0.35421581000049546  0.36077004697601572
  0.36739081614844771  0.37452836778166798  0.38269414422221443  0.39062655374861394
  0.39723688903407389  0.40291369347807127  0.40834197470274036  0.41390318654381231
  0.41927516828282996  0.42437547661470526  0.42944957671789008  0.43465708471155984
  0.43978988808968128  0.44485682948548672  0.44994256438087415  0.45497554968323556
  0.45997757376569703  0.46524108815772625  0.47026057775195196  0.47528404127888285
  0.48010015081914603  0.48467826529009467  0.48886711854441495  0.49311965176168027
  0.49739027475468056  0.50183639794702795  0.50679143866272414  0.51193371190139081
  0.51754520390104852  0.52282679711111513  0.52742380674296607  0.53187611038954430
  0.53644082107230506  0.54136374103419149  0.54723242740829170  0.55387414755148323
  0.56096866981559890  0.56839191264124378  0.57578990749612946  0.58276415936347425
  0.58913384317001616  0.59504795838606817  0.60133624142508646  0.60770888063109929
  0.61422963479051518  0.62066459538180396  0.62756592467918981  0.63392934905025233
  0.63991341934314927  0.64622006299077561  0.65329365476815648  0.66081085665323958
  0.66823870120713003  0.67545472706198895  0.68298279173263643  0.69091380448725725
  0.69936800851542313  0.70801486691785598  0.71657058013467245  0.72552683081538494
  0.73447326985239625  0.74297007384863534  0.75190797746884075  0.76219180031756617
  0.77300894356101169  0.78500601186598995  0.80012445375244157  0.81918066986930449
  0.84080336209160911  0.86763390517346717  0.91189666091597543  1.00000000000000000
   4.9775464677026025E-011  -1.0000000000000000     
 F F F F F F F F F T T T T T T T T T T T T T T T T T T T T T T T T T T T F F F F F F F F F T T T T T T T T T T T T T T T T T T T T T T T T T T T
  <DiscreteSampler_grid>
  grouped_processes
  1 # 1 for a reference and 2 for a running grid.
  10 # Attribute 'min_bin_probing_points' of the grid.
  1 # Attribute 'grid_mode' of the grid. 1=='default',2=='initialization'
  0.0000000000000000 # Attribute 'small_contrib_threshold' of the grid.
  0.5000000000000000 # Attribute 'damping_power' of the grid.
 # binID   n_entries weight   weight_sqr   abs_weight
    10   10   2.295849300442336E+003   2.039073389467140E+007   2.295849300442336E+003
    11   10   2.295849300442336E+003   2.039073389467140E+007   2.295849300442336E+003
  </DiscreteSampler_grid>
