 -0.00002924623715838  0.00031690787014614  0.00053133089888424  0.00072297458385786
  0.00089565542080618  0.00105755399373502  0.00121616808077393  0.00137196193958353
  0.00152726374341574  0.00168032525843603  0.00183196303669123  0.00197597950713380
  0.00212975738885813  0.00229709378816444  0.00246068767713453  0.00262439733694261
  0.00277991459455366  0.00293149289961720  0.00307979917489303  0.00322691107173779
  0.00337837962584987  0.00352597232755020  0.00367528457819943  0.00382382094951314
  0.00396800699567124  0.00411742647412886  0.00427393492707974  0.00442625441719107
  0.00457712865327296  0.00472155563850812  0.00486740274775626  0.00502232514612866
  0.00518710820521116  0.00536300422676440  0.00554256589438209  0.00571143862282566
  0.00586496607908458  0.00601390760146415  0.00616874027638256  0.00631489556036826
  0.00649527766186129  0.00667771848108830  0.00688301837731861  0.00709990125832826
  0.00731093114732279  0.00750751288212505  0.00767006804386658  0.00785717117063923
  0.00805030578106988  0.00825401258914233  0.00846881841683419  0.00868250095241422
  0.00890443385710902  0.00910183512132127  0.00930971455205939  0.00951971268598657
  0.00977139968442081  0.01006397981979257  0.01037548371800009  0.01068915098716826
  0.01093221593599416  0.01116601626348221  0.01139328039564701  0.01163374509081559
  0.01188302406489135  0.01211770343204595  0.01234601665789399  0.01260055208275276
  0.01285509503984933  0.01310404894612231  0.01336700074315108  0.01364107801398069
  0.01392985432883586  0.01423686553199649  0.01457011399508631  0.01492360015896176
  0.01536019154571024  0.01571034878005492  0.01609373545915439  0.01652642272573887
  0.01699628827965333  0.01743834842684106  0.01790917237017123  0.01840787473714713
  0.01910422452735320  0.01996392117438580  0.02225320611576362  0.02580603090129779
  0.03010569981332804  0.03529155716352019  0.04098656271197854  0.04438037025693993
  0.05036284937464253  0.06557802331644548  0.08948730730158780  1.00000000000000000
 -0.00208539415641122  0.01259027292985361  0.02452521701783406  0.03601808789106088
  0.04686722350111792  0.05649419019005925  0.06576704658622763  0.07496606866342227
  0.08536084311216116  0.09726279761136399  0.10997782912631945  0.12237845053963962
  0.13355706218602781  0.14332370915793119  0.15166754826154505  0.15963638471001831
  0.16818019487978061  0.17654533744988751  0.18454870520109698  0.19363951584350619
  0.20216365865620145  0.21131133100691571  0.22370665156132635  0.23697087977915018
  0.25085510778368036  0.26362370596815410  0.27590494862788756  0.28715807243708918
  0.29794640257241523  0.30828016266808655  0.31847964044375288  0.32903154053880113
  0.33998249845708189  0.35096915999454942  0.36083513498970998  0.37002837312904807
  0.38059817876585261  0.39197140878731518  0.40238939550763431  0.41180739720669468
  0.42085537436689252  0.43032787795373190  0.44114946526381726  0.45289273074901826
  0.46537870605635379  0.47710913528655269  0.48851264978018788  0.49997073565290989
  0.51218815030491904  0.52445036247823784  0.53636805495309725  0.54804815672977558
  0.55974530040396886  0.57120767679742079  0.58134146836534484  0.59099756388280866
  0.60119323081510134  0.61217123104121418  0.62332723848425786  0.63484435431916986
  0.64572157302150879  0.65616138065993357  0.66696560016712025  0.67835865156040798
  0.68901225517356723  0.69870144317386795  0.70923322429921509  0.72122883724424036
  0.73356837318249457  0.74506428623295295  0.75516798049564393  0.76436424679025283
  0.77338583102832892  0.78180375668870328  0.78997317827582292  0.79867784526406793
  0.80836702877431099  0.81896769950703563  0.82965413466792859  0.84074171282291488
  0.85234380646642915  0.86456990591866634  0.87690700741748051  0.88841128466169383
  0.89962858482991415  0.91013342012819254  0.92037207732078763  0.93052722014238332
  0.94039677791202614  0.94997734657515231  0.95956750353297315  0.96868998357840175
  0.97736748672225537  0.98552559435077003  0.99284624125253185  1.00000000000000000
 -0.00109420999537618  0.03204816635694000  0.05769251624582248  0.07845849096714723
  0.09746093983093430  0.11544435280850356  0.13263913557720766  0.14815379886858937
  0.16169436993181277  0.17473419072452964  0.18763399283446358  0.20076647866015554
  0.21377382556305366  0.22643033526530237  0.23915802436489197  0.25243235247117618
  0.26535954390223748  0.27707122198830092  0.28796607243542460  0.29810070554362039
  0.30889203589498304  0.31881677622353533  0.32820659632459881  0.33761456373074572
  0.34740134131737893  0.35747556998311736  0.36725823824148102  0.37641180819295289
  0.38556449101713214  0.39474588394796878  0.40391556668048229  0.41251358013033146
  0.42111723022115854  0.42937156636296719  0.43778280403504605  0.44651476746219254
  0.45525194377020639  0.46420795901307205  0.47342970626136238  0.48156277525976326
  0.48907405807828003  0.49621028439969228  0.50320133977677128  0.50916597636478467
  0.51550776132306453  0.52150515224431671  0.52790399301542790  0.53443711881163181
  0.54105315262265419  0.54786186428053796  0.55474568093560572  0.56158328553806602
  0.56841990147410915  0.57505971871560757  0.58122225857157983  0.58736860167357363
  0.59309366343033576  0.59925747665527307  0.60493849446403092  0.61086948855630052
  0.61716165529788736  0.62406637218947048  0.63150930860041787  0.63845486790917561
  0.64498856400112181  0.65127703517246649  0.65759718767069486  0.66378108946640624
  0.66955290162967651  0.67500746207188023  0.68038961104842433  0.68634907211224394
  0.69318729998191220  0.70138051655124956  0.70993049499008665  0.71821753781824271
  0.72596500456759772  0.73293540374003074  0.73879955830116972  0.74430723568620016
  0.74966220475058709  0.75506252192762080  0.76116479283131744  0.76719436801577834
  0.77335408108029824  0.77933115077812609  0.78579558164718277  0.79302288559412815
  0.80225498319985700  0.81165504786645326  0.82218255299783027  0.83695039392227066
  0.86202261961891236  0.90364188061906803  0.94767329468777672  1.00000000000000000
 -0.01322098218229119  0.09913109584772051  0.14804306863203645  0.17502396574571893
  0.19648724867667805  0.21653737136467072  0.23301922206641540  0.24658268544677026
  0.25639365732677377  0.26561774041922370  0.27519681661862888  0.28551758594422066
  0.29512672562103059  0.30303169881220166  0.30990789941982372  0.31669605689217273
  0.32403939345655258  0.33145825711489746  0.33886913737994229  0.34616329040886434
  0.35339820347863904  0.36029647479506316  0.36646900337125998  0.37183621846786874
  0.37703060186117121  0.38237297807227488  0.38800189708377381  0.39388997109454049
  0.39950439671140148  0.40491608167417309  0.41067861223983820  0.41680709618757972
  0.42251739086316542  0.42774982121770683  0.43274085215509456  0.43753288248649563
  0.44170551595605206  0.44626703633203746  0.45114005201204210  0.45592528733486709
  0.46096282010176332  0.46616790362904548  0.47144186777147362  0.47697792434485331
  0.48210466768170646  0.48709280253052262  0.49238139731772407  0.49782605818428971
  0.50317563911259544  0.50831346131582378  0.51332585562308186  0.51797577052898924
  0.52247838400937330  0.52714988899820403  0.53204518419081148  0.53717721231481663
  0.54259753013782974  0.54776297378936023  0.55370761968414262  0.55906490487389426
  0.56546414188606697  0.57197021730377950  0.57853708691984507  0.58506184848826592
  0.59171811383057427  0.59875588102474264  0.60562103736069628  0.61177471900958691
  0.61745290693913957  0.62293722614872793  0.62838108320429864  0.63383954564080902
  0.63975559888071953  0.64545213042686911  0.65115829969180039  0.65674950545199706
  0.66245713107234483  0.66852365337106145  0.67535232833742387  0.68260581240170337
  0.69051802328371226  0.69942347310196207  0.70844553440426195  0.71725167605147255
  0.72642353429671935  0.73566383487132359  0.74544909338448040  0.75607747519899715
  0.76810031799253753  0.78137573254707227  0.79660267443451571  0.81417172893880085
  0.83410951809700529  0.85958705499629551  0.90256735368352792  1.00000000000000000
   2.8000528649942331E-028  -1.0000000000000000     
 F F F F F F F F F T T T T T T T T T F F F F T F F F F T T T T T T T T T F F F F F F F F F T T T T T T T T T F F F F T F F F F T T T T T T T T T
  <DiscreteSampler_grid>
  grouped_processes
  1 # 1 for a reference and 2 for a running grid.
  10 # Attribute 'min_bin_probing_points' of the grid.
  1 # Attribute 'grid_mode' of the grid. 1=='default',2=='initialization'
  0.0000000000000000 # Attribute 'small_contrib_threshold' of the grid.
  0.5000000000000000 # Attribute 'damping_power' of the grid.
 # binID   n_entries weight   weight_sqr   abs_weight
    10   10   8.945306069963108E-015   1.238682462889318E-028   8.945306069963108E-015
    11   10   8.945306069963108E-015   1.238682462889318E-028   8.945306069963108E-015
  </DiscreteSampler_grid>
