 -0.00002073064254126  0.00021230941856182  0.00036758582736845  0.00052008550671443
  0.00066947795380519  0.00080951522841347  0.00095284066615906  0.00109662421705504
  0.00122743733775417  0.00135945082199971  0.00148423437744663  0.00160155446442694
  0.00171974141033084  0.00184197787904745  0.00196808957778646  0.00209640182949330
  0.00222296875832663  0.00235146184737222  0.00248068384156632  0.00262378626199181
  0.00276125359059583  0.00287317115336940  0.00299142981506452  0.00310732221225763
  0.00321985286992953  0.00333349204559306  0.00344560569949310  0.00355880896551038
  0.00367050423827902  0.00378538391764423  0.00391499239795678  0.00404197573473869
  0.00416770924036492  0.00429964432600513  0.00443883322714064  0.00458621215233377
  0.00474751032485714  0.00493660899927934  0.00510673240569253  0.00526163950998052
  0.00540835033592965  0.00555137888285964  0.00571912736817616  0.00590249288243950
  0.00607564214961853  0.00622044346858535  0.00633452847696666  0.00644873813338489
  0.00655306335718647  0.00665442066940674  0.00676118937911585  0.00687980080651292
  0.00699521083006877  0.00711595022310522  0.00723538291269243  0.00733958002986493
  0.00747307347940981  0.00763029113066066  0.00782474691568734  0.00803803286839701
  0.00820432831923661  0.00833978255945288  0.00844917282487642  0.00855855569562346
  0.00875238647332632  0.00893253759276255  0.00925270593588215  0.00977542206899572
  0.01041724950363103  0.01095876511655388  0.01137493856407582  0.01166420428996861
  0.01227593645839152  0.01306462463795923  0.01392357471108907  0.01478060611568835
  0.01548099444494563  0.01587055864140434  0.01614350345875489  0.01643201904643376
  0.01665061684754799  0.01687308654948015  0.01711740119941669  0.01741456289495371
  0.01786219934901969  0.01829088394457912  0.01868844757602688  0.01911462356755962
  0.01970774367669549  0.02053107023621670  0.02160962188458496  0.02300620246915407
  0.02654042998286708  0.03417664780506539  0.04244100367876722  1.00000000000000000
 -0.00173331524091397  0.00688671820605655  0.01672619325688169  0.02801156500617717
  0.04134293617828753  0.05263816150336687  0.06279341456565568  0.07304289173659613
  0.08239801270113917  0.08937654194996600  0.09699522760363039  0.10452638745599281
  0.11361041352985332  0.12215847358962369  0.12972930027108692  0.13690941961600300
  0.14486903970035511  0.15707352527330151  0.17156833475531161  0.18543027355392799
  0.19860152306297002  0.20932298092078797  0.22108062527945002  0.23162213043610302
  0.24312633604902295  0.25606692072338816  0.26835023816197762  0.27862433936353176
  0.28908266453262288  0.29860426499188575  0.30697713476923716  0.31483869180400736
  0.32307448153083984  0.33242378674300732  0.34383184903128661  0.35628911683570191
  0.36897309799569689  0.38101635869702499  0.39232062867781081  0.40306473441093471
  0.41333163629492231  0.42414326976607386  0.43491544918538233  0.44533742439059393
  0.45441762995256135  0.46433996478544498  0.47421826463968442  0.48371303140883865
  0.49169032979354887  0.49955707852597003  0.50711732238290630  0.51532974720843483
  0.52515878983296094  0.53584861302841114  0.54651498051988623  0.55628945720327383
  0.56687765628980047  0.57878694444785650  0.59090820731281579  0.60377390391194730
  0.61830824906390724  0.63205186184816675  0.64417721086755053  0.65595981018121119
  0.66812518874808124  0.68180007829741562  0.69394854574430609  0.70470069665257196
  0.71534492361074142  0.72602279902819566  0.73610085060791475  0.74594578262362543
  0.75681177786805220  0.76819588186080989  0.77901639198701988  0.78955659934068390
  0.80055428011808405  0.81197767410541144  0.82241672445330993  0.83245577151581196
  0.84316598227984740  0.85384277187430180  0.86403332413868061  0.87360630547278706
  0.88267802839567877  0.89184010737852570  0.90100761917700689  0.91029974605363317
  0.92001540450578378  0.92975669798083838  0.93954966815888374  0.94936413922244867
  0.95955501273808264  0.97084232109559454  0.98322304001885608  1.00000000000000000
 -0.00961726787601736  0.07917231418847215  0.14125598280663088  0.19282977128033885
  0.23690797563467489  0.27566773288771096  0.30931455772540795  0.33935938176447950
  0.36950116412554751  0.39871828550566057  0.42365757072075261  0.44748924341856455
  0.46984993514479112  0.49064036531757166  0.51010998305057109  0.52853244926735210
  0.54666871217144053  0.56361366243313160  0.57967828793360832  0.59452665744049782
  0.60798924298774792  0.62178107517596437  0.63449583099833706  0.64618086454575285
  0.65710550569613291  0.66857230899036113  0.68067504344638519  0.69293858835428901
  0.70323221017917414  0.71246709232583982  0.72115105869617624  0.72957409003826013
  0.73748967996269188  0.74543234515843659  0.75251755946283660  0.75905918598792255
  0.76539428047562563  0.77191983242475881  0.77831242338692763  0.78471228734252052
  0.79049359415625808  0.79604195149123935  0.80154747508888513  0.80706553528746561
  0.81293560324579550  0.81883076783021791  0.82409703626728936  0.82885428903681702
  0.83337164813760078  0.83751673973738727  0.84093992584626120  0.84559721088297690
  0.85048282420717591  0.85511405002019458  0.85927566403048083  0.86328752928029062
  0.86714676760642517  0.87115899590169121  0.87538695067310646  0.87875711133919876
  0.88191763749660745  0.88499893461316581  0.88812587837575663  0.89139541908207132
  0.89457921106905236  0.89766379474366742  0.90043800471161661  0.90338288374553777
  0.90641185406294655  0.90923913794843658  0.91201627028765531  0.91455835878726288
  0.91704021592817964  0.91954166831482231  0.92222547538032995  0.92470224242246957
  0.92729024459804943  0.92990154354143051  0.93247753010893986  0.93513257734110444
  0.93794082559723513  0.94056617206500837  0.94291816753734925  0.94527046212259402
  0.94797018871278016  0.95038803936664684  0.95279486348321185  0.95510162775841589
  0.95786297771076634  0.96114090310052480  0.96495767974341540  0.96972043152920373
  0.97457232023601403  0.98028336169485664  0.98862397396447765  1.00000000000000000
 -0.01619758430251789  0.10862825303860428  0.15364498800034410  0.17711027574679647
  0.19442822583522820  0.21018199309669966  0.22436044685107931  0.23802069918604346
  0.25112863321070561  0.26109461177145393  0.26956128340308266  0.27790641868751892
  0.28662406477665769  0.29468621774448545  0.30108883042520956  0.30731202525507206
  0.31327521192118413  0.31961461935420821  0.32625870212447050  0.33354319548604383
  0.34098153632717043  0.34750452664546772  0.35313750678190264  0.35818146913635635
  0.36260958433476148  0.36705116362225521  0.37143113098511349  0.37571601336087090
  0.38061735098343008  0.38608692840543501  0.39084246067911060  0.39522144858429942
  0.39967932942683815  0.40459482246662076  0.40935555728656869  0.41377967509616614
  0.41820173647371378  0.42255419294087898  0.42680500900167395  0.43074893847527468
  0.43451487576985914  0.43859677184876694  0.44366314060546569  0.44912099009826989
  0.45484897153402010  0.46055226091885371  0.46647054976805197  0.47247031173795989
  0.47841603730100513  0.48433587406525264  0.49139697676799327  0.49841200142945302
  0.50532899196848258  0.51258988077984691  0.51962846351613434  0.52666605660221144
  0.53347394367474066  0.54012694777347237  0.54714197260048958  0.55404709709176647
  0.56117685210186385  0.56846988478915728  0.57551941505015314  0.58215695042172322
  0.58827732447669456  0.59412780119974573  0.60031129524420379  0.60673045488531419
  0.61370298537291712  0.62062097165538677  0.62794175237038108  0.63488578123802231
  0.64119316679002136  0.64801416194318284  0.65522902829868646  0.66276088010863343
  0.67015384497744768  0.67692872875266019  0.68418353279082111  0.69183749689146823
  0.69993156890023789  0.70980209293346030  0.71988196251135816  0.72993555122086706
  0.73903828443317165  0.74766440685510560  0.75723439983570073  0.76883727566959803
  0.78079139648743312  0.79304890952982787  0.80657595998720155  0.82119000687086141
  0.83890768587240938  0.86522380898696216  0.89958939560537454  1.00000000000000000
   3.5627152705739513E-029  -1.0000000000000000     
 F F F F F F F F F T T T T T T T T T F F F F T F F F F T T T T T T T T T F F F F F F F F F T T T T T T T T T F F F F T F F F F T T T T T T T T T
  <DiscreteSampler_grid>
  grouped_processes
  1 # 1 for a reference and 2 for a running grid.
  10 # Attribute 'min_bin_probing_points' of the grid.
  1 # Attribute 'grid_mode' of the grid. 1=='default',2=='initialization'
  0.0000000000000000 # Attribute 'small_contrib_threshold' of the grid.
  0.5000000000000000 # Attribute 'damping_power' of the grid.
 # binID   n_entries weight   weight_sqr   abs_weight
    10   10   5.909902057249920E-017   3.099468507161140E-032   5.909902057249920E-017
    11   10   5.909902057249920E-017   3.099468507161140E-032   5.909902057249920E-017
    16   10   5.909902062933358E-017   3.099468513397937E-032   5.909902062933358E-017
    17   10   5.909902062939076E-017   3.099468513397986E-032   5.909902062939076E-017
  </DiscreteSampler_grid>
