 -0.00001621975221154  0.00032684727789860  0.00055564257783501  0.00076335852269111
  0.00095092289419238  0.00113411076982127  0.00131516674656632  0.00149405082392714
  0.00166538786307583  0.00183203562684267  0.00200536132350013  0.00218102046209184
  0.00235856470361979  0.00253720555812518  0.00272992216606553  0.00291266057519878
  0.00308996417315155  0.00325882368817867  0.00343207040640494  0.00360804814216652
  0.00377355160490334  0.00395164257728575  0.00412485754755842  0.00435383248977972
  0.00458050725423695  0.00478966092552877  0.00499154874029981  0.00518449773023188
  0.00540543826911661  0.00561436154727784  0.00582042105611611  0.00602318673944002
  0.00623055239612627  0.00645411329078205  0.00668614001945897  0.00691907468494912
  0.00715672891535989  0.00739926395326584  0.00765716073649433  0.00792061501493373
  0.00818455700207287  0.00842037412956278  0.00870379160210916  0.00902248292326473
  0.00935595237899424  0.00966252545603641  0.00996054604014175  0.01025941426778615
  0.01056067688649909  0.01083771509139976  0.01110460295844219  0.01136773045043094
  0.01162738886822345  0.01190770073629925  0.01219407959273268  0.01247554895980089
  0.01280263312662942  0.01317175742671819  0.01351981157150619  0.01385038414777384
  0.01421206545037597  0.01468826624530300  0.01530492255854223  0.01585972254863499
  0.01626645339177995  0.01654207630659772  0.01683830030433338  0.01724147501791265
  0.01784877749552956  0.01858964936098044  0.01914175583018207  0.01969527679831149
  0.02025908826126932  0.02071299896284577  0.02115464199905064  0.02139557505107106
  0.02158657973853415  0.02198967572710730  0.02261708373334265  0.02329586447268900
  0.02407116570464628  0.02522616211424767  0.02767722169603366  0.02981311322950018
  0.03171871202852448  0.03396182409830927  0.03812716083795918  0.04057447193030352
  0.04129703700608151  0.04201960208185950  0.04274216715763749  0.13983152935611687
  0.28632986238674329  0.43282819541736955  0.57932652844799593  1.00000000000000000
 -0.00263981008152607  0.01098943460288651  0.02124931691441984  0.03265931227873690
  0.04320829931154227  0.05250870475775518  0.06060736672415431  0.06838170526098224
  0.07663957820886540  0.08548134432902388  0.09437054729948526  0.10386486111332895
  0.11385858617743923  0.12394432444790815  0.13186905750077330  0.13801716938191555
  0.14437347255224642  0.15227672431730660  0.16206309298986846  0.17273169145201758
  0.18241044429636086  0.19291016000325209  0.20484835167085486  0.21573747251423647
  0.22683485643917692  0.23729681723792026  0.24855303520302136  0.25857280349536188
  0.26937698199998494  0.28236403899189633  0.29587081155063150  0.30898959260956621
  0.31975044501270250  0.33100056288330681  0.34364953556028099  0.35426764606901157
  0.36424638444007040  0.37373860831651440  0.38352426951664192  0.39375536803449823
  0.40344441927509123  0.41282143418473100  0.42130861222915150  0.42903355383665914
  0.43696841176313173  0.44578282887599696  0.45618932143274615  0.46745983907263317
  0.47885103726797873  0.49160135307070252  0.50584408256458080  0.51857984182119032
  0.53017020114987257  0.54048114298565397  0.55026992371196415  0.56015028481837492
  0.57125806540265733  0.58301066176809790  0.59580374259310342  0.60855662752868578
  0.61915017030263686  0.62880379518171092  0.63873390720395828  0.64997053676518257
  0.66275417746502241  0.67383417819100044  0.68468033833608666  0.69589153609797316
  0.70790609429193674  0.71946411648231323  0.73003287061372357  0.74047045931763800
  0.75101870262534298  0.76254144135927404  0.77309668280848887  0.78340311550318531
  0.79262454719717446  0.80173503976768112  0.81122175505887650  0.82143645611145633
  0.83416536461181556  0.84538327130417545  0.85600951594793928  0.86663942901017055
  0.87764527379369273  0.88828717668923485  0.89900656093076614  0.91014271916264378
  0.92158214962900353  0.93311513102285826  0.94536968847360092  0.95839067165144498
  0.97077066560957614  0.98153798434510775  0.99126073569926465  1.00000000000000000
 -0.00034100482041004  0.03097406581198031  0.05563194061791973  0.07692501444679191
  0.09636977930357522  0.11522639807967446  0.13223798877693699  0.14659158732703895
  0.15966479304901626  0.17298566910085875  0.18632217164318449  0.19829477481738639
  0.20965817473272511  0.22211193141909460  0.23491989475424813  0.24666571807517876
  0.25702191421380033  0.26701708573419275  0.27747118610380389  0.28794972979613342
  0.29790027665906343  0.30806240193624468  0.31889480030637374  0.32966509632222529
  0.33976036295470829  0.34959429736027664  0.35912111584257866  0.36845269580851669
  0.37704256864539126  0.38485900244882304  0.39290323970546348  0.40156740365614796
  0.41056171622603249  0.41979255252675912  0.42806025183893359  0.43619334268595411
  0.44513714607016580  0.45426177499695353  0.46293166321560364  0.47063251499611503
  0.47895201591570619  0.48647626282869894  0.49404353648707805  0.50143933857388012
  0.50842208686858303  0.51569272428836299  0.52306325033026946  0.53023055535347130
  0.53837279926836867  0.54606482840647030  0.55424377790211143  0.56138539294973733
  0.56790510384460080  0.57412596165523844  0.58053801780889358  0.58742845012754252
  0.59446043420938077  0.60175013042645709  0.60946470088740234  0.61717059648491290
  0.62423606021243350  0.63041053647774803  0.63603752410961611  0.64180704311517078
  0.64721780591629940  0.65317024915259381  0.65939858170559418  0.66566316549060223
  0.67170926832325661  0.67751341538577747  0.68326308128302948  0.69004675928267745
  0.69936062178580372  0.70880378713653436  0.71620745733647206  0.72314910253813935
  0.72976412489996989  0.73617153176320382  0.74334824839363023  0.75057451890902893
  0.75828357946679881  0.76675145538987921  0.77608865568129204  0.78542030722653877
  0.79463681102310801  0.80368550858103527  0.81276617982987265  0.82323877768766673
  0.83446101732743638  0.84523444106434908  0.85974470582578200  0.88313032565394145
  0.90372726307680895  0.92312695046028326  0.94446796300413560  1.00000000000000000
 -0.01486476064878428  0.10217468577619376  0.15035290982047939  0.18165254496949332
  0.20432917923712574  0.22244962282995129  0.23689352793654980  0.25023260624037347
  0.26108067482392300  0.27070285512665582  0.27974173409180708  0.28848540601713890
  0.29724267479426664  0.30529243920451943  0.31281519601403357  0.31971363155239102
  0.32675519877019010  0.33386542344972564  0.34049592948334612  0.34682631879268500
  0.35317300675543284  0.35940596794376500  0.36523268760409072  0.37067359396343091
  0.37500995802892373  0.37856916867479945  0.38213151907127207  0.38573113364111994
  0.39013146403835175  0.39514187443605214  0.40060307234341935  0.40637315429587001
  0.41247396764762312  0.41864441564472432  0.42426285113536316  0.42962228913677358
  0.43488526933181793  0.44067021558415881  0.44647947438007174  0.45175644873833448
  0.45697097747433668  0.46249251878020836  0.46857044646421447  0.47463489829624822
  0.48073653248057724  0.48691390138096335  0.49246963452014852  0.49776526350113259
  0.50260813163973039  0.50748024113416190  0.51253662118256216  0.51793809388475776
  0.52392455875957278  0.52991893080625185  0.53571114050596058  0.54120359492764170
  0.54650100042560190  0.55186211950579522  0.55730877925258249  0.56219757791335256
  0.56690704018809346  0.57156452614240294  0.57653471598499639  0.58170928882235473
  0.58727288532848598  0.59302339985473163  0.59852867975528568  0.60367321724384027
  0.60884790892472007  0.61464963014690810  0.62054002927900198  0.62623964708341850
  0.63270804329187469  0.63940467205617801  0.64632477153922308  0.65365669994052777
  0.66132392624085334  0.66963006283105453  0.67835899516253773  0.68744099816651949
  0.69586884585448106  0.70432019170226590  0.71297147999804744  0.72158410163657150
  0.73107601836341918  0.74109305167021311  0.75270704707958747  0.76617233854483779
  0.77873939426013206  0.79121999406635446  0.80513206117874370  0.82158167687331551
  0.84160214575862835  0.86741069519735226  0.90237077656041054  1.00000000000000000
   3.0033934366730636E-028  -1.0000000000000000     
 F F F F F F F F F T T T T T T T T T F F F F F F F F F T T T T T T T T T F F F F F F F F F T T T T T T T T T F F F F T F F F F T T T T T T T T T
  <DiscreteSampler_grid>
  grouped_processes
  1 # 1 for a reference and 2 for a running grid.
  10 # Attribute 'min_bin_probing_points' of the grid.
  1 # Attribute 'grid_mode' of the grid. 1=='default',2=='initialization'
  0.0000000000000000 # Attribute 'small_contrib_threshold' of the grid.
  0.5000000000000000 # Attribute 'damping_power' of the grid.
 # binID   n_entries weight   weight_sqr   abs_weight
    10   10   1.738491095570499E-014   4.524872522853653E-028   1.738491095570499E-014
    11   10   1.738491095570499E-014   4.524872522853653E-028   1.738491095570499E-014
  </DiscreteSampler_grid>
