 -0.00004523666204080  0.00081200144966052  0.00166131912900017  0.00255326695766404
  0.00342619465700219  0.00425945692251636  0.00515401142002318  0.00596404930571455
  0.00666500950881948  0.00731767331116959  0.00795815926850237  0.00865210099521629
  0.00943073901228021  0.01019435366194618  0.01096407580313440  0.01175872866105792
  0.01259206973812014  0.01338186244616650  0.01412272175965654  0.01479404945488999
  0.01545341462530121  0.01612996289971578  0.01688661483966629  0.01760733278439826
  0.01836334013128136  0.01917340695461917  0.02005132818373769  0.02095902864679028
  0.02195316045970886  0.02320397589536258  0.02436359981693066  0.02549876777228348
  0.02666954155074535  0.02789713682781762  0.02916966666910744  0.03052304684900308
  0.03217703895325915  0.03433138057414380  0.03601647989902153  0.03719891368555012
  0.03790946417736710  0.03858823143830373  0.03933248186333602  0.04039680348395211
  0.04163665741802335  0.04267668433342740  0.04348690567359898  0.04429187131110667
  0.04499073446314530  0.04577313701552384  0.04647949370817590  0.04715147780135272
  0.04782999570584631  0.04849101911816087  0.04927373966788012  0.05070983635135216
  0.05229500888784992  0.05391102978213866  0.05567882777565834  0.05758115853875926
  0.05931238335562586  0.06102609850195592  0.06295260444048922  0.06540754925567785
  0.06815386322686463  0.07090489357277660  0.07331536635355709  0.07531617225565955
  0.07689121181181974  0.07829519994838897  0.07986829248914978  0.08181353702373885
  0.08383383562805591  0.08572429585070575  0.08747443381692395  0.08875833701987267
  0.09021093480099668  0.09161082612839808  0.09309139258577005  0.09501946141472319
  0.09731274472275248  0.09944427653064920  0.10196432880346815  0.10656924935940798
  0.11117416991534779  0.12206375198367560  0.13397891631657965  0.13986259065558823
  0.14355496922694172  0.14724734779829521  0.15093972636964870  0.18272498518667030
  0.21624409537056258  0.24976320555445486  0.30721382561410954  1.00000000000000000
 -0.00300419002437380  0.01094778325716514  0.02279017780141222  0.03536763688612682
  0.04766647149169885  0.05894158689428108  0.07089625384132256  0.08069037625734744
  0.09059984013932873  0.10042090204495036  0.11004239846450894  0.12055108660236494
  0.13116631331004974  0.14200575065436263  0.15203001666540442  0.16122437725993055
  0.17122410921328948  0.18093003419172460  0.19070245458996038  0.20049648519373275
  0.20981833119560342  0.21874137155781143  0.22815148050005143  0.23793726287975966
  0.24714289024035097  0.25603480437566212  0.26441661048355347  0.27484526238551843
  0.28637418779102414  0.29556043071856075  0.30293225472990132  0.31069271159391859
  0.31781565667451422  0.32474644430995370  0.33141078804234969  0.33833950069247176
  0.34516083607378845  0.35250627251027894  0.36315366537890270  0.37583200808155681
  0.38857095483510368  0.40147298423233635  0.41528073631766060  0.42913342064061161
  0.44363597082564332  0.45712290580900350  0.46771152001296806  0.47875505647764621
  0.48866671075668100  0.49752140682715923  0.50643205344858022  0.51488915246952782
  0.52500447422379115  0.53750477694494425  0.55228305220782192  0.56657372653963778
  0.57776232586534615  0.58783801390988322  0.59745783567189248  0.60787066168330184
  0.61817400776757603  0.62834112150436838  0.63796170420729514  0.64731942546222221
  0.65754838905471602  0.66861018201039402  0.68073340954186257  0.69326680111840322
  0.70436958019896134  0.71523493222466505  0.72631946755527843  0.73654851045711967
  0.74864941219786429  0.76169230385866227  0.77237175985877005  0.78098493354634091
  0.78951925737694273  0.79924130507764424  0.80937210329622367  0.81813439556338408
  0.82527479068869070  0.83259524044647859  0.84272158175383816  0.85673670860479689
  0.87028402037377017  0.88335205524112770  0.89527854761507097  0.90541474518611531
  0.91529277210050963  0.92573583842512952  0.93809095459284875  0.95132491561398458
  0.96413211569108748  0.97634715473632816  0.98815336738196691  1.00000000000000000
 -0.00817289785474232  0.09897878548312761  0.16685210080575447  0.22010956409460364
  0.26463475318558244  0.30698816850383320  0.34590015339196906  0.37913294909853062
  0.40666659211900841  0.43396191880885476  0.46321935448860924  0.48766223110441786
  0.50737133681366176  0.52590500057964962  0.54454236004451051  0.56223198835633603
  0.57827378302277277  0.59390446316285539  0.60759636688052598  0.61875714214188227
  0.62860498370162998  0.63770307779631996  0.64780394856536749  0.65694957078714777
  0.66521529363304366  0.67404998890896139  0.68369056878183010  0.69350414886379108
  0.70262999758687450  0.71085344308639131  0.71925185069680886  0.72784733720209249
  0.73953936532735653  0.75077817429388272  0.75829293364553074  0.76493326873304146
  0.77058075382070268  0.77561027512030367  0.78101996679862740  0.78660880205488837
  0.79218120278659920  0.79692648000872301  0.80152819790605023  0.80609863369308710
  0.81084172680014377  0.81567508616587758  0.82038149544366612  0.82496211181065393
  0.82957507137168907  0.83468169084584520  0.83997866195102855  0.84515411093126158
  0.85004849717823427  0.85458461685875753  0.85863613401368932  0.86271731199620683
  0.86687315682995081  0.87046201910582610  0.87435544472576965  0.87815617724770156
  0.88191216138528628  0.88592250684494844  0.88971096948122419  0.89336879139341752
  0.89698899280776878  0.90044037228675555  0.90372548164608146  0.90684537552232802
  0.90991118520055037  0.91309839945516380  0.91637790234285565  0.91936342252107428
  0.92207267406010007  0.92476435219867270  0.92741918148860536  0.92997478765535957
  0.93240269986916724  0.93467066320271841  0.93693027841999488  0.93910735447095595
  0.94122267340884480  0.94343822765362073  0.94604966466428564  0.94882613618535705
  0.95130225606568430  0.95373182100773657  0.95630231290095047  0.95884910365744003
  0.96201396275316364  0.96533417987544889  0.96878834673974823  0.97288343554058432
  0.97764980481893082  0.98265305583151230  0.98955371007695847  1.00000000000000000
 -0.01768198322308441  0.11642291986614414  0.17449853539500129  0.21162675645359585
  0.23499270957453205  0.25482325852711679  0.27292842162523789  0.28721983072702117
  0.30093323825099971  0.31576077517690698  0.32917846839056986  0.34120983563778085
  0.35332933516706116  0.36509854355003801  0.37776560460336683  0.38906605360488000
  0.39807458498153597  0.40521757586706447  0.41136009152331598  0.41742888290031560
  0.42329025792399028  0.42954475426010463  0.43630548900164284  0.44486375671561762
  0.45210494611519270  0.45861836330127315  0.46541158266780597  0.47072269790671906
  0.47576086824069286  0.48065500805403066  0.48699719039975092  0.49401447431374462
  0.50138070467207441  0.50817895601664775  0.51605389305844385  0.52273961332520780
  0.52930738060370663  0.53590663445898157  0.54140056527858815  0.54558714245378526
  0.54984714290227743  0.55412280547764858  0.55837505910170293  0.56263600471412301
  0.56669077432527126  0.57062916431591360  0.57459871926316408  0.57875552198964741
  0.58278452295827388  0.58671451008153785  0.59072956360447793  0.59439102266433186
  0.59800122330803851  0.60160525513555230  0.60595633817804451  0.61052956995429364
  0.61509545326235904  0.61965706151177857  0.62470165917629317  0.62959293970057628
  0.63377696377232962  0.63787330081949289  0.64188323194922714  0.64578493799812908
  0.64945376549558032  0.65316702270808913  0.65720105571520870  0.66139788089899076
  0.66592718646779736  0.67089699675350967  0.67529022341854206  0.67947324005007870
  0.68399243442412716  0.68934266956661272  0.69560930805776111  0.70261213542390244
  0.70994236627238894  0.71654186685677657  0.72299734415192818  0.72947032608758278
  0.73613383867793858  0.74327365922220157  0.75123334980238432  0.75878424451423676
  0.76703390166011776  0.77640834360662847  0.78614230576851929  0.79544109218500125
  0.80444444820892014  0.81396464950043257  0.82508985682927372  0.83852437049386741
  0.85788984178149097  0.88098469991490103  0.91301395056535894  1.00000000000000000
   2.6724319581520946E-010  -1.0000000000000000     
 F F F F F F F F F T F F F T F F F T T F F F T F F F T T T T T T T T T T F F F F F F F F F T F F F T F F F T T F F F T F F F T T T T T T T T T T
  <DiscreteSampler_grid>
  grouped_processes
  1 # 1 for a reference and 2 for a running grid.
  10 # Attribute 'min_bin_probing_points' of the grid.
  1 # Attribute 'grid_mode' of the grid. 1=='default',2=='initialization'
  0.0000000000000000 # Attribute 'small_contrib_threshold' of the grid.
  0.5000000000000000 # Attribute 'damping_power' of the grid.
 # binID   n_entries weight   weight_sqr   abs_weight
    10   10   6.204451187410261E+002   8.930469466632052E+005   6.204451187410261E+002
    11   10   6.204451187410261E+002   8.930469466632052E+005   6.204451187410261E+002
  </DiscreteSampler_grid>
