 -0.00003294463843330  0.00040006756446586  0.00072113440160982  0.00102300616403029
  0.00131241588411216  0.00158815470936957  0.00185701477965903  0.00214233197432000
  0.00243201544987820  0.00270933355957072  0.00298289769322911  0.00326674318624949
  0.00355168241870834  0.00382783056339907  0.00410976454944730  0.00440595289433515
  0.00469760198926923  0.00497627992717769  0.00524075561471460  0.00548832804860384
  0.00572199435236339  0.00595120463663987  0.00620508817277949  0.00647771255002380
  0.00673041064014601  0.00696210351843213  0.00718980405507304  0.00742466712690240
  0.00765083815310639  0.00791468666291269  0.00823956629893486  0.00854936570255836
  0.00883503553125508  0.00908057368448260  0.00933186465976314  0.00957264632889816
  0.00981234694623814  0.01006410689276771  0.01033851668052089  0.01064824163859471
  0.01097831777070440  0.01126390876111626  0.01155438525931412  0.01185155024478235
  0.01218082381942728  0.01253311884480910  0.01286589335399404  0.01317829463243331
  0.01346930498356096  0.01374030499233171  0.01400535578723880  0.01426384436233394
  0.01453539157078127  0.01481093831172580  0.01506881639099231  0.01530147795336491
  0.01551873186232364  0.01572565832395388  0.01593438997783666  0.01619189318414580
  0.01646125589103307  0.01671962390491947  0.01697356917832519  0.01723281472997436
  0.01751451327802210  0.01782108901034863  0.01816270093202616  0.01856842019415637
  0.01898765320132563  0.01939958055308336  0.01983335326647505  0.02035114547028342
  0.02088847226727079  0.02139070137349042  0.02187206206038584  0.02238105587496394
  0.02292202942440219  0.02346076527641899  0.02397097762802778  0.02451938573802829
  0.02509301369207578  0.02589250230140315  0.02700103612810264  0.02866294875652248
  0.03017017077818048  0.03186053602111016  0.03411745125043485  0.03637436647975954
  0.03951015654605558  0.04383230096882848  0.04815444539160137  0.05508204918315573
  0.06356890186015213  0.07205575453714853  0.26081651468757167  1.00000000000000000
 -0.00210866173285422  0.00988183450142365  0.02036772758056696  0.02925366965191040
  0.03661347200278907  0.04364273312531183  0.05108709191983318  0.05914843060639918
  0.06801316050990518  0.07702524426789605  0.08630039962849111  0.09724662428255845
  0.10901185852173592  0.12127061948313909  0.13241292295876872  0.14303951418561336
  0.15262254574862585  0.16239928085833341  0.17067294392550009  0.17638013947400816
  0.18204059948833284  0.18785648361967214  0.19465049789740468  0.20365723359363511
  0.21543911210936847  0.22748914203199663  0.23951759181872753  0.25218509388475274
  0.26760123341067005  0.28125132076169945  0.29385204799030168  0.30642103407345339
  0.32006097326122046  0.33560203580632836  0.35112192129289083  0.36387711623742786
  0.37462943933057075  0.38480829043290754  0.39500910693934493  0.40566753967767460
  0.41560156004653015  0.42545811289816793  0.43483779570846653  0.44328242920230426
  0.45159084871185151  0.45986646953978610  0.46902293949832774  0.47869113257457535
  0.48994644726354847  0.50080013933500722  0.51168897223987142  0.52331233926553933
  0.53395294438138596  0.54427684030543522  0.55476351085898901  0.56565927546345796
  0.57739596914611946  0.58745345985540531  0.59699088254323196  0.60694374931352824
  0.61742900298045023  0.62813486967967758  0.63764107954173577  0.64749445923134741
  0.65873807580219967  0.67019083787735667  0.68035004424417678  0.68970466091393245
  0.69921227113038875  0.70962023525524975  0.72121583261434818  0.73106564982987166
  0.74126212623477650  0.75166888344966587  0.76352662647310754  0.77622457216416141
  0.78925877108581388  0.80237435185169603  0.81479785262764570  0.82687212803323029
  0.84011086403222734  0.85384855597414511  0.86670252087610200  0.87873934518851948
  0.89028011646500316  0.90272172848573706  0.91523874445411291  0.92670614855580291
  0.93709451756031470  0.94650560816552487  0.95562390359109806  0.96379485654381336
  0.97402640283735520  0.98423031414220452  0.99273755798905960  1.00000000000000000
 -0.00268866778954514  0.04712586202163324  0.08484526935230545  0.11600476945438176
  0.14128321915576542  0.16430591387402521  0.18734205724626260  0.20954042427010880
  0.23005210683120991  0.24947031181876053  0.26900658332096539  0.28931219031569932
  0.30972200754681495  0.32791485284604538  0.34360734446909325  0.35827054576284034
  0.37204859298746967  0.38577682512478351  0.39927484108558153  0.41235626278850773
  0.42454317046149836  0.43565584813575192  0.44664357585575787  0.45788079412529936
  0.47132987929818643  0.48327460249988796  0.49452326483005005  0.50504408951592705
  0.51511466081465040  0.52560325584893863  0.53593450201854875  0.54558762605281341
  0.55427630722352084  0.56260306102740998  0.57088583454971153  0.58011909637170156
  0.58806733092242935  0.59594392038233157  0.60337063073887154  0.61142324483956778
  0.61835122703100598  0.62440765596665604  0.62999960646433273  0.63533872119652968
  0.64082377319629524  0.64687419439492100  0.65396242294334628  0.66129449407843199
  0.66845392191241237  0.67522962169825129  0.68150450180279920  0.68729747943717945
  0.69289639410794168  0.69824345849099956  0.70419223404460196  0.70938049918702195
  0.71422706824816273  0.71917864110650476  0.72432851175133606  0.72955020403466797
  0.73459357893731037  0.73913402241024451  0.74317231116196214  0.74700919019231571
  0.75124523898209383  0.75637277278333326  0.76187756285898656  0.76728919964176601
  0.77248932180898844  0.77741531808282893  0.78223344313947130  0.78709128769449566
  0.79177876601594122  0.79695188198816869  0.80166990070073219  0.80618107260541738
  0.81051956467328001  0.81477343776877054  0.81916746357196146  0.82376445258837705
  0.82837116287404533  0.83325106541338423  0.83855893635467704  0.84430609230470310
  0.85066545200974097  0.85755604681966113  0.86476109730971273  0.87264822912173756
  0.88177157004493090  0.89262339247309253  0.90507098593104562  0.91571974127097389
  0.92658027791900099  0.93869973433123899  0.95582348254023342  1.00000000000000000
 -0.02257734402732388  0.13227093732837791  0.16874133651545520  0.19124785163472774
  0.20836279577464600  0.22381521193417289  0.23837017457319937  0.25275571262452290
  0.26609951339014049  0.27573308652092843  0.28379746201391931  0.29209785652092118
  0.30013473839706528  0.30769766831267792  0.31455583788025931  0.32030877217495174
  0.32575960390291220  0.33115428957441745  0.33694773441062031  0.34226832868620249
  0.34714139651888082  0.35196350683947986  0.35646519327226511  0.36172050745054263
  0.36740049807736086  0.37331667496671533  0.37997586790653587  0.38707373988657218
  0.39341184095595561  0.39987796922194618  0.40648760591449512  0.41293538231872995
  0.41946297699329954  0.42556599837652170  0.43298309802180351  0.43881909547484588
  0.44369536304385881  0.44828254714358007  0.45268737034563139  0.45709974462550529
  0.46161056562183184  0.46605757907809381  0.47033588889622241  0.47474406151141191
  0.47934560249226621  0.48433624824639288  0.48942803116930778  0.49449517956794753
  0.49950853876427714  0.50561121401966946  0.51181185862361489  0.51764224419029925
  0.52355536508251299  0.52949532253506693  0.53533012801947455  0.54103871939682757
  0.54567761607519250  0.54959506609269926  0.55411423377792801  0.55826917374717233
  0.56246538177063055  0.56749424847214003  0.57232568520969607  0.57752678828275072
  0.58261902064064497  0.58785637813237790  0.59331677202250110  0.59927707023549381
  0.60499960278816478  0.61098909838601345  0.61678046750851945  0.62212088639252339
  0.62773807058184428  0.63339181551612767  0.63950018471733650  0.64604500941506648
  0.65194238377547209  0.65765443545274160  0.66321496536350077  0.66892830151401483
  0.67486487711959176  0.68124343523263697  0.68842821317052694  0.69599421586952748
  0.70293215841794698  0.71083789579684764  0.72089858628957937  0.73208598401978997
  0.74364748557119043  0.75600220371772009  0.76942439149949227  0.78587060198597491
  0.80599139656195384  0.83091060195999067  0.86828285482741174  1.00000000000000000
   4.5933640982364101E-011  -1.0000000000000000     
 F F F F F F F F F T T T T T T T T T T T T T T T T T T T T T T T T T T T F F F F F F F F F T T T T T T T T T T T T T T T T T T T T T T T T T T T
  <DiscreteSampler_grid>
  grouped_processes
  1 # 1 for a reference and 2 for a running grid.
  10 # Attribute 'min_bin_probing_points' of the grid.
  1 # Attribute 'grid_mode' of the grid. 1=='default',2=='initialization'
  0.0000000000000000 # Attribute 'small_contrib_threshold' of the grid.
  0.5000000000000000 # Attribute 'damping_power' of the grid.
 # binID   n_entries weight   weight_sqr   abs_weight
    10   10   8.325181133525317E+004   5.845029075403870E+010   8.325181133525317E+004
    11   10   8.325181133525317E+004   5.845029075403870E+010   8.325181133525317E+004
  </DiscreteSampler_grid>
