 -0.00019649633059646  0.00182442569776106  0.00469468562666029  0.00856081699566721
  0.01315886694563442  0.01831864182036772  0.02389053582126188  0.02996214087474664
  0.03651180492332492  0.04344065170861681  0.05048062724981677  0.05758905148724788
  0.06498713821894971  0.07270321407574798  0.08050210621161086  0.08836678270810952
  0.09645600353823873  0.10474029813517000  0.11313084715901922  0.12153825589163922
  0.13004054008763080  0.13865744774275718  0.14751896241466744  0.15662920299213856
  0.16578096637245018  0.17500672924067889  0.18435061653994583  0.19386329399963717
  0.20339071992277691  0.21285689622462128  0.22237439403511158  0.23207745886640765
  0.24195756808151295  0.25184349978970144  0.26190487053504352  0.27234320934258671
  0.28287715627107568  0.29350652605522004  0.30423449867764701  0.31488862894458947
  0.32553852276096368  0.33629759362797967  0.34724817587182460  0.35827184078635266
  0.36936545029867346  0.38055597788993373  0.39177030653460437  0.40305302274642524
  0.41445509501305910  0.42595317846347119  0.43758162731205774  0.44938863621839564
  0.46126859689932326  0.47312103812952255  0.48505068282572600  0.49725551572588383
  0.50943784753992982  0.52168667228487009  0.53391575184631601  0.54609907797283230
  0.55830447465253563  0.57052689296958192  0.58271231547747826  0.59487687078335716
  0.60705820825980028  0.61921551743054382  0.63131986785337180  0.64331887346249872
  0.65526332628846840  0.66721265139891317  0.67909950082578807  0.69094470439481714
  0.70245523913585484  0.71431975463339781  0.72648549039891841  0.73864634054371647
  0.75079104416606646  0.76302267533942203  0.77549482861977059  0.78809506312280253
  0.80086624636416592  0.81336768079617494  0.82555794584054665  0.83773415292575215
  0.85024143129551444  0.86309543780658360  0.87593328684492666  0.88875185644967913
  0.90172875857894286  0.91503051588765705  0.92847362978757564  0.94215730650151663
  0.95616139392324240  0.97048056410248018  0.98511570302624085  1.00000000000000000
 -0.00232711324444523  0.00956773025035257  0.01990208095031334  0.02999656067064303
  0.04025692354217811  0.05035937216702921  0.06060883877201047  0.07088075704150446
  0.08135919646505270  0.09150753843807118  0.10157121391900444  0.11126418864986888
  0.12115416188461946  0.13123000738668941  0.14155448965427117  0.15219359029144669
  0.16310635727855660  0.17413715700135476  0.18525079567932182  0.19595887049510982
  0.20656926874688583  0.21700576045465153  0.22729746319421856  0.23753126353904463
  0.24768142503659263  0.25809705227754487  0.26871435955379219  0.27954262708953559
  0.28999514770360735  0.30015375367132563  0.30987864931934422  0.31980117206881548
  0.32996575958089397  0.34031924646150985  0.35056111438399007  0.36091822233270282
  0.37154878297279803  0.38222778750792563  0.39301781273614733  0.40403522265645497
  0.41536940531109440  0.42607811871167839  0.43645837140386662  0.44697194929873901
  0.45797096584708397  0.46912764552649783  0.48011417595020112  0.49102166001201142
  0.50212545191956204  0.51335050158905260  0.52429488810586544  0.53475336625083103
  0.54478836313759604  0.55466050338498696  0.56476142596516066  0.57509040676706513
  0.58559097211366207  0.59577543532679655  0.60593744109652303  0.61627800703333713
  0.62687039683835311  0.63749312689528748  0.64753052982065684  0.65698191858499477
  0.66623388054262256  0.67594174928929829  0.68590993388604538  0.69599002148881117
  0.70613743608572022  0.71682115210554476  0.72838217018428852  0.74022169904023472
  0.75213703534474297  0.76346169508073114  0.77451096557682042  0.78545635854612761
  0.79621640260565063  0.80685456013411838  0.81759633123899500  0.82854567079018371
  0.83964917865039401  0.85058028919213058  0.86135751088768964  0.87227079555036902
  0.88328283881689895  0.89410336696436488  0.90472901482054358  0.91509734096797912
  0.92523634212567940  0.93535362130732702  0.94597727126271525  0.95674332796536299
  0.96754888396312588  0.97790772308053675  0.98900867014206417  1.00000000000000000
 -0.00330360468583521  0.01872173715917771  0.03504330625372200  0.04885296000820631
  0.06121121028435773  0.07301260120873897  0.08405244736773336  0.09405114941541616
  0.10338037167719263  0.11224850337730964  0.12096142721947785  0.12933542555307015
  0.13760739748779802  0.14575746941816314  0.15396457880143674  0.16196386331881274
  0.16987242453450307  0.17766252833614699  0.18525531656555794  0.19278464809944418
  0.20014409764643629  0.20719620201003822  0.21404528014890439  0.22089451939431035
  0.22784012374351129  0.23481749100452182  0.24180123876975931  0.24878146597137563
  0.25574398206899912  0.26269624390449842  0.26964528690813594  0.27658634685819194
  0.28345317163130118  0.29024715145476127  0.29708345659204305  0.30399236097382121
  0.31101108878831257  0.31813645142102454  0.32522163741888466  0.33232061284367814
  0.33931112895999149  0.34625270666263841  0.35341315576339427  0.36019364343466748
  0.36706438837128441  0.37385571750061014  0.38058331947272522  0.38734975269484656
  0.39424859640254806  0.40136195043721379  0.40839964843667026  0.41551129417370303
  0.42261881425789877  0.42967656690101036  0.43681408469650501  0.44424242210378084
  0.45185300717024585  0.45950623329847401  0.46709781585920318  0.47468242941713673
  0.48224661399533236  0.48980506747075947  0.49746328903351894  0.50522733469008785
  0.51312744608227001  0.52118865313134211  0.52931091885181247  0.53739096620685911
  0.54568317528044186  0.55449118678922227  0.56362070824302257  0.57313176472196148
  0.58250043339568769  0.59177177364276679  0.60112627555902320  0.61054443825201876
  0.62012520413552674  0.62994617210405579  0.64003278193388324  0.65051032164196732
  0.66123953277380487  0.67213379639250637  0.68326883593503540  0.69500191343824969
  0.70729680700459929  0.72010924484676597  0.73363902724109398  0.74757831215687609
  0.76252690789194777  0.77776695255702211  0.79518677926799897  0.81549177251765292
  0.83966850581802210  0.86900941742100779  0.90985862323482902  1.00000000000000000
 -0.02476707405864458  0.11979228387256688  0.15545535885075110  0.17671269076836052
  0.19401912100582072  0.20903560749980368  0.22251544019439562  0.23416613472588518
  0.24504927120387496  0.25520429963074437  0.26504239093215798  0.27443501698971606
  0.28364245162383189  0.29245073174588848  0.30089666753358973  0.30903962541641949
  0.31675725014959671  0.32406672050976953  0.33138010333373580  0.33814732908164402
  0.34448198008037767  0.35078016801494910  0.35700591411105953  0.36315393488296421
  0.36925094036049433  0.37524495963560406  0.38128663171203681  0.38737404357934441
  0.39336192673646875  0.39913885815690880  0.40476298619521861  0.41040780332467636
  0.41600426116664452  0.42150142815593689  0.42686166284014004  0.43218747302289484
  0.43752676638227000  0.44287955565264581  0.44823166159600081  0.45354470412054604
  0.45888625500930547  0.46427259369906271  0.46958981606490580  0.47487621180862061
  0.48020975385266990  0.48567490125766133  0.49121345491941415  0.49668961989621840
  0.50195298118107745  0.50722984335154520  0.51262480468244798  0.51802048412931401
  0.52339167724670155  0.52894117381818151  0.53446854164150814  0.53996221991873306
  0.54536819439522577  0.55063928105950566  0.55590135725656742  0.56125789103473367
  0.56674290940680161  0.57239503251657120  0.57815652024827457  0.58385993778735412
  0.58945346527236087  0.59499570256976742  0.60048457431639313  0.60621298738186580
  0.61217870035641064  0.61840234062087651  0.62479600482872133  0.63142646696448235
  0.63794923451127183  0.64438506039104337  0.65092866170283159  0.65762240868757149
  0.66449344137828315  0.67156330082352311  0.67884919178764969  0.68634188731997192
  0.69407033546680685  0.70205409404050967  0.71023031521269919  0.71854573208099370
  0.72707429148081160  0.73586388493698551  0.74528463398572231  0.75521535156150943
  0.76586424865455283  0.77733910490553659  0.79017066655381119  0.80422851074877744
  0.82061083287380210  0.84160563617145667  0.87794786630121613  1.00000000000000000
   2.2107600661800270E-004  -1.0000000000000000     
 T T T T T T T T T T T T T T T T F F F F F F F F F F F F F F F F
  <DiscreteSampler_grid>
  grouped_processes
  1 # 1 for a reference and 2 for a running grid.
  10 # Attribute 'min_bin_probing_points' of the grid.
  1 # Attribute 'grid_mode' of the grid. 1=='default',2=='initialization'
  0.0000000000000000 # Attribute 'small_contrib_threshold' of the grid.
  0.5000000000000000 # Attribute 'damping_power' of the grid.
 # binID   n_entries weight   weight_sqr   abs_weight
    10   10   2.457974963396443E+007   6.557978648870708E+014   2.457974963396443E+007
  </DiscreteSampler_grid>
