 -0.00003725727708588  0.00065732372884712  0.00127824100878979  0.00189549099317960
  0.00250054221788352  0.00308333241783868  0.00367457278758189  0.00424418915003816
  0.00477480364996098  0.00525600700390464  0.00576995594605388  0.00633358551225271
  0.00694357124363557  0.00748980992839739  0.00796289940844152  0.00839688014146464
  0.00883488772095767  0.00929712343674011  0.00972863734851082  0.01013701454640416
  0.01052379734249573  0.01096275268757614  0.01140091424077947  0.01185103610986241
  0.01231748557385877  0.01279494236695876  0.01330191984778954  0.01387126260104241
  0.01453787859916006  0.01528989386894451  0.01601641932783512  0.01657933076020114
  0.01710571292361957  0.01765072600805467  0.01823812206966832  0.01885931948730449
  0.01951369119851468  0.02028597313651757  0.02111662374383286  0.02202175036026568
  0.02301856881866847  0.02400372598804900  0.02494080347252249  0.02631181966717854
  0.02780894326997817  0.02967923886926803  0.03132514357280511  0.03263317956305832
  0.03405561260349906  0.03548622775799917  0.03648798874138515  0.03756033071970370
  0.03855762184829930  0.03947914920674542  0.04041619375858029  0.04129301797350473
  0.04211710412876032  0.04289936870913566  0.04369559127312053  0.04465842228966214
  0.04577132175863852  0.04678491204971362  0.04782145586461468  0.04874926555710482
  0.04969351987328397  0.05062262994163553  0.05142788641340314  0.05213346677593581
  0.05282250689691271  0.05354674810725490  0.05431269783431158  0.05502357261844913
  0.05587927631494002  0.05689347714669385  0.05797053011105358  0.05913355958927505
  0.06038028886040469  0.06161883725569745  0.06288389792227762  0.06403810419167281
  0.06494089947638865  0.06576417754617646  0.06661094883074280  0.06746936214889591
  0.06913032052471524  0.07202424305682135  0.07443413340467975  0.07632436294578773
  0.07871219982508092  0.08081791388450774  0.08274031222686946  0.08454549048623107
  0.08656622639799487  0.09084299788054220  0.10949112921806148  1.00000000000000000
 -0.00221498921386525  0.00914968000056601  0.01898934286557240  0.02992783342390131
  0.04105034059840974  0.05069842163053368  0.05947187466726022  0.07012818749886862
  0.08376425706483696  0.10008601688586514  0.11567826060250574  0.12830689983957855
  0.13984036556970966  0.15091996103807720  0.16257210536354882  0.17594138272851306
  0.18695301355384789  0.19876017079850691  0.21049120798079693  0.22082707859205694
  0.23077659000995993  0.24103545221440578  0.25273380381386573  0.26139944944204718
  0.26955701496741441  0.27752983063748055  0.28586158691127656  0.29517270210149449
  0.30500927281057016  0.31428138151328838  0.32600167470944519  0.33790986206802848
  0.35140504678354495  0.36507090245871743  0.37716735066229257  0.38667526442251743
  0.39537993937805660  0.40403919687350087  0.41287335635648492  0.42126513160521217
  0.43028713733496571  0.44088299763945599  0.45208796632639481  0.46120934379543155
  0.46936594876633914  0.47794898837443345  0.48985838600749498  0.50199267484067267
  0.51326389257886740  0.52435023276826775  0.53514699687057454  0.54643822342750592
  0.55754373655106715  0.56717422719987376  0.57526636218804328  0.58329190679987664
  0.59295684513209412  0.60434609908296788  0.61543728716643353  0.62542750754687026
  0.63593789678426282  0.64724865165303025  0.65854471182720664  0.67005527574372115
  0.68297711730513144  0.69368654766186244  0.70201581618935638  0.70974903753697838
  0.71735561538494541  0.72550714688773477  0.73402279048676977  0.74159170895953475
  0.74855923080823161  0.75467408831344041  0.76191549515229373  0.76923586979519443
  0.77707970830324102  0.78453592922940651  0.79144561518566447  0.80010641074092825
  0.80962812383277882  0.82127804529282677  0.83357740396655211  0.84749615728933958
  0.86165832022700928  0.87411286877855354  0.88624586384444182  0.89799211995131734
  0.90944423212801173  0.92127793153424098  0.93455065830013639  0.94823965329254334
  0.96151122943983236  0.97369939559976681  0.98598646049752470  1.00000000000000000
 -0.00458844054025689  0.07444865265762747  0.12967876774344048  0.17480655166054013
  0.21565409732078095  0.25030738821061754  0.27902979626113733  0.30585646159897528
  0.33279113374593805  0.35816165804543804  0.38121223580563879  0.40173375400250172
  0.42196515050162009  0.43983188647327098  0.45790642106356666  0.47278744097170161
  0.48531697665558343  0.49788046437354516  0.50930270956799106  0.52051199503204426
  0.53224009996404931  0.54437741139712448  0.55612458215155458  0.56864993898420224
  0.58094646813891582  0.59342494782570743  0.60632554191095489  0.61924342864983806
  0.63038434967348711  0.63917703701518302  0.64726009313071753  0.65499901981434550
  0.66271069398006555  0.66986967510498407  0.67645188573949777  0.68278096237986274
  0.68897154543659234  0.69531050236328118  0.70150781090247838  0.70731712543630931
  0.71221042468846607  0.71721895644828648  0.72238446939355849  0.72781260248036039
  0.73325516967308857  0.73951416788591140  0.74510272812142331  0.75041030355632854
  0.75598181877500115  0.76172638719870056  0.76650465060249928  0.77219985354498066
  0.78010227972112023  0.78871762059198480  0.79618384781722462  0.80340779919623118
  0.80986016077905287  0.81533306254435123  0.82008955645658566  0.82462581198926022
  0.83001250389902903  0.83489081243572549  0.83958061535632555  0.84427679857032789
  0.84917313548025941  0.85407734798465795  0.85866444560645094  0.86292190367669175
  0.86728555823084308  0.87241780187516560  0.87814899953095549  0.88383039277595943
  0.88924968915581482  0.89349679174068597  0.89710641669757885  0.90070770548172041
  0.90363217262708351  0.90740524852968207  0.91125115335968965  0.91482298830830167
  0.91807993001434007  0.92108573393852233  0.92399540248996881  0.92700628112090211
  0.93040684968490062  0.93410146970161789  0.93782886908018448  0.94139448732855713
  0.94477729571190616  0.94840250693439931  0.95203434756314231  0.95561215554105450
  0.95947219456079513  0.96472105637623151  0.97200344652050041  1.00000000000000000
 -0.02320518903617143  0.13423843536862640  0.17431417909148170  0.19965773457396752
  0.21747025044521376  0.23275049025753644  0.24760367148364509  0.26301321157117774
  0.27487245074735805  0.28459983748191836  0.29396495152396962  0.30220824810195979
  0.30908346730490349  0.31495238730804859  0.32084835264202349  0.32769276547532572
  0.33515577276458608  0.34272039574485941  0.34943262514607315  0.35582124502430229
  0.36215652965614276  0.36862965670983938  0.37537906527306342  0.38177720337612547
  0.38830456561558685  0.39396365453545024  0.40012018800070565  0.40658784044440771
  0.41317938988770586  0.42011245774981087  0.42757856848153386  0.43483980137454087
  0.44209369313211344  0.44811424081148393  0.45337918114772213  0.45816927780625855
  0.46262150212942149  0.46612631253254011  0.47091656787156899  0.47568388396233119
  0.48094921284950787  0.48596417340505554  0.49066059590658506  0.49492129293289583
  0.49890216133527859  0.50243877249375668  0.50613193660446953  0.51001296772534321
  0.51425091185131389  0.51935433272567133  0.52659584303712204  0.53659013603319217
  0.54448387268607668  0.54977916110416358  0.55472104392444210  0.55946284596269180
  0.56387938567070517  0.56800957928900486  0.57207478520470978  0.57593269680647319
  0.58041952151070331  0.58483985239201919  0.58988576561553019  0.59488734144108724
  0.59957008354740671  0.60402289981405088  0.60844142741176632  0.61295970616855922
  0.61748258521319022  0.62262530414249151  0.62792269012252167  0.63304603767489931
  0.63847436040116623  0.64358263929873372  0.64879637866209983  0.65351960816370580
  0.65869876750432965  0.66435141311623824  0.67033149719461882  0.67574418397196356
  0.68048892580305753  0.68470635856160844  0.68955560458444964  0.69541815280454444
  0.70157629634401208  0.70800521136651717  0.71564951739253768  0.72454194229504509
  0.73545543156066728  0.74762677071589700  0.76014612692130590  0.77379324299312624
  0.79020918256911643  0.81348987257033378  0.85792802289904624  1.00000000000000000
   8.9171764004444126E-012  -1.0000000000000000     
 F F F F F F F F F T T T T T T T T T T T T T T T T T T T T T T T T T T T F F F F F F F F F T T T T T T T T T T T T T T T T T T T T T T T T T T T
  <DiscreteSampler_grid>
  grouped_processes
  1 # 1 for a reference and 2 for a running grid.
  10 # Attribute 'min_bin_probing_points' of the grid.
  1 # Attribute 'grid_mode' of the grid. 1=='default',2=='initialization'
  0.0000000000000000 # Attribute 'small_contrib_threshold' of the grid.
  0.5000000000000000 # Attribute 'damping_power' of the grid.
 # binID   n_entries weight   weight_sqr   abs_weight
    10   10   1.489606849581327E+002   8.582978969037495E+004   1.489606849581327E+002
    11   10   1.489606849581327E+002   8.582978969037495E+004   1.489606849581327E+002
  </DiscreteSampler_grid>
