 -0.00010345710283344  0.00112697107553109  0.00204839010170119  0.00286948310298635
  0.00356598115441220  0.00425813347682512  0.00490877626831340  0.00554029522729993
  0.00620716677117591  0.00685238923340959  0.00754957924608890  0.00833173169962211
  0.00896557260570766  0.00948878625658761  0.01003969454976497  0.01058565997117498
  0.01112199536127209  0.01161876963133232  0.01200899423647162  0.01233690147411140
  0.01265669152995108  0.01296469904575950  0.01325211481041211  0.01353261284469404
  0.01380752714392910  0.01412725825759976  0.01447412034262803  0.01486129211106998
  0.01522789365251142  0.01558113935188033  0.01585860792367956  0.01630259749995380
  0.01697072295253317  0.01807822146371072  0.01923176719591851  0.02010178577485979
  0.02070174009223138  0.02123575818150154  0.02176802294111830  0.02228679591400530
  0.02282203353319314  0.02341057492502960  0.02397890363795295  0.02450423944607628
  0.02500236047918408  0.02548830582093600  0.02594483513243168  0.02641155050470865
  0.02736938275935503  0.02827993148423621  0.02948794717226124  0.03097632613345124
  0.03237199712813315  0.03368677264708957  0.03494542977262780  0.03621835693624641
  0.03749662228476395  0.03870037348844543  0.03962197278456154  0.04050329701917835
  0.04134862731634448  0.04217505708561168  0.04301635998639337  0.04384711413514325
  0.04476777380403775  0.04573596987642763  0.04669837048072071  0.04767572937928522
  0.04867235655151776  0.04951249972712968  0.05100868993157847  0.05307547219771803
  0.05489851521455003  0.05691356636730562  0.05938059012727578  0.06189142551057193
  0.06444449692189715  0.06741931221083637  0.07060852556383894  0.07408053652856154
  0.07776802584444625  0.08201121807617746  0.08530086905641784  0.08785807195837930
  0.08990835313189119  0.09173677225890821  0.09346397433130443  0.09537797811040832
  0.09710909013072655  0.10025928580179552  0.10380276356542026  0.10734392838897569
  0.11110734257130614  0.11446558713179444  0.11813491183505986  1.00000000000000000
 -0.00232267571262310  0.00768391291211255  0.01786992240421910  0.02813543324228998
  0.03969854420516137  0.04972720465042760  0.05846407622477729  0.06667029426413974
  0.07606102807605154  0.08601594741412971  0.09669621217361961  0.10726036041732312
  0.11943010521755008  0.13120061416121542  0.14152531026194587  0.15042519870388585
  0.15881859093819151  0.16633105049924052  0.17510614746152725  0.18382845620558547
  0.19357931422173688  0.20219964839285390  0.21214476069754082  0.22623449022590536
  0.23955698526793343  0.25073655354267055  0.26258828271913448  0.27049738099211607
  0.27841736705912745  0.28686925727729495  0.29600613829815475  0.30543050906859853
  0.31376113739734030  0.32108456622810910  0.32838234817201217  0.33721842816722131
  0.35289324076767398  0.36924693134507253  0.38390180988494688  0.39488123437971484
  0.40512176608631689  0.41379812122798304  0.42264336753748666  0.43187263675730631
  0.44152831843801399  0.45307794522033967  0.46798474746169372  0.48163260544007647
  0.49217616980782886  0.50266203826954403  0.51129444054624806  0.52012643975640982
  0.52953272142298757  0.53857203940048914  0.54700612056820075  0.55647350018819342
  0.56710260399291734  0.57722174115478553  0.58816405473220090  0.59875322921329699
  0.61395672655174993  0.63071129790218916  0.64715304402368756  0.66087613160809311
  0.67185273193220785  0.68232330033995348  0.69263113078889615  0.70291013960431881
  0.71307081791703208  0.72383943982682997  0.73381035837634812  0.74388251901052804
  0.75447680886326285  0.76412692266404225  0.77163018184711030  0.77956826628303155
  0.78767380102152462  0.79740485435991282  0.80868208786091778  0.82027680218084809
  0.83099416983077801  0.84045944537136141  0.84921251988844138  0.85874647639051715
  0.86750967384450084  0.87761094042242704  0.88931300920166767  0.90040975218525277
  0.91179028121007633  0.92527555934600569  0.94035965702401159  0.95367200895229365
  0.96579661159569175  0.97702355603798352  0.98806468711040918  1.00000000000000000
 -0.03748319673297295  0.31678119431799134  0.48666056255775270  0.58624545586148591
  0.65900976539844180  0.71535022073727217  0.75432837599282743  0.78438184727393900
  0.81148042917506624  0.83230493938700800  0.84886654527610006  0.86259535356170169
  0.87379555004650822  0.88282430351073016  0.89086147456011533  0.89815938861368294
  0.90510626896411939  0.91207741254066332  0.91810676922686596  0.92339545211839558
  0.92772532111074935  0.93140988156204829  0.93467144012613768  0.93729050035163408
  0.93942802029130512  0.94167908166070613  0.94423666314517385  0.94654616882818565
  0.94854126068904987  0.95033280986834234  0.95199282482945469  0.95354741807668142
  0.95504806852647650  0.95657013438725380  0.95813153857174294  0.95957092636787122
  0.96093726964147508  0.96221116788926198  0.96335067569721633  0.96441740042591595
  0.96542679611201254  0.96639985838687625  0.96738370205675717  0.96838862850218088
  0.96940554468217877  0.97044550698729359  0.97151158778057856  0.97252839624734888
  0.97343313382935204  0.97420702690569227  0.97491706409273704  0.97564137564618747
  0.97634009449145720  0.97699572581555205  0.97764730570717062  0.97831678766656760
  0.97901915264072881  0.97960331534572109  0.98016233898918959  0.98071823074411535
  0.98125829646641172  0.98176526554448251  0.98227158298576711  0.98279793586730324
  0.98334040526264954  0.98385930241495090  0.98430138293898806  0.98478894852092380
  0.98527999059306659  0.98579091739341651  0.98633314588642818  0.98687894676965759
  0.98744213744603049  0.98798883582584951  0.98849377149896833  0.98890865139120154
  0.98929688280826733  0.98965121691737756  0.98998870862977040  0.99033476392384312
  0.99068527005736284  0.99101590088454139  0.99136458602052613  0.99170624268833452
  0.99209888850754990  0.99253872158803513  0.99298685482933924  0.99341613877700308
  0.99384939800222183  0.99435503362242561  0.99484685137004403  0.99532789403097477
  0.99582171063974645  0.99638578357520846  0.99728984560662282  1.00000000000000000
 -0.03046509447224335  0.15757893452210170  0.22267323716683837  0.25830273242423968
  0.28252959923661586  0.30077860369856035  0.31662632738889662  0.33221796999735537
  0.34667544647312748  0.35957909765167023  0.37097707166315391  0.38159049813373314
  0.39195203928732120  0.40218503232355529  0.41167111433909709  0.41951119148700583
  0.42633712043051475  0.43257877902756947  0.43773040511641048  0.44257205667785410
  0.44712056809831163  0.45114339023132849  0.45471006060078573  0.45826105106734277
  0.46321955428236611  0.46813720721049890  0.47243656389445388  0.47601665648633346
  0.47925329154265150  0.48276225824844282  0.48664075647893790  0.49080882981170959
  0.49478285986393300  0.49791089249494025  0.50113127936496205  0.50396276730948986
  0.50871024681432053  0.51343348535950484  0.51813044349939874  0.52333358384689221
  0.52895056015422803  0.53484451491513041  0.54135439641979322  0.54887938732713137
  0.55556819521776002  0.56117979843340171  0.56615501456257955  0.57165649217404169
  0.57716210365851617  0.58230048412514379  0.58741802082923933  0.59186736424910336
  0.59641648856098495  0.60073203362042382  0.60480441211362213  0.60865334358183265
  0.61293062806528420  0.61758810307145728  0.62200404277497201  0.62592980063775994
  0.62960738493299795  0.63320142482050445  0.63649142711230822  0.64002184289754749
  0.64425786119229078  0.64939211687548426  0.65508239526122447  0.66089600566164608
  0.66699365823218426  0.67338959801012399  0.67972712939226276  0.68559624453571566
  0.69029679046510017  0.69599666351525802  0.70161694865409097  0.70673243368194616
  0.71113278270042779  0.71584558990791836  0.72058131272163706  0.72724494060135558
  0.73465318117504586  0.74180424939557643  0.74900266682824534  0.75750610185989409
  0.76731707149876327  0.77590534944566836  0.78511132807004314  0.79443819104669122
  0.80373991900224750  0.81509642521946579  0.82695021775340938  0.83999793131027922
  0.85283590350425553  0.86923778702619647  0.89877725034113642  1.00000000000000000
   1.3458396019362246E-011  -1.0000000000000000     
 F F F F F F F F F T F F F T F F F T T F F F T F F F T T T T T T T T T T F F F F F F F F F T F F F T F F F T T F F F T F F F T T T T T T T T T T
  <DiscreteSampler_grid>
  grouped_processes
  1 # 1 for a reference and 2 for a running grid.
  10 # Attribute 'min_bin_probing_points' of the grid.
  1 # Attribute 'grid_mode' of the grid. 1=='default',2=='initialization'
  0.0000000000000000 # Attribute 'small_contrib_threshold' of the grid.
  0.5000000000000000 # Attribute 'damping_power' of the grid.
 # binID   n_entries weight   weight_sqr   abs_weight
    10   10   4.566154573087959E-001   1.194003479244792E+000   4.566154573087959E-001
    11   10   4.566154573087959E-001   1.194003479244792E+000   4.566154573087959E-001
    16   10   4.566154573087056E-001   1.194003479244792E+000   4.566154573087056E-001
    17   10   4.566154573087958E-001   1.194003479244792E+000   4.566154573087958E-001
  </DiscreteSampler_grid>
