 -0.00002574291691102  0.00038330755561721  0.00074760367855790  0.00115022224311311
  0.00155942669822118  0.00195477647991683  0.00232767292613702  0.00266799636858649
  0.00297858570255372  0.00327561660488106  0.00357454482535372  0.00386997503637869
  0.00415814454576499  0.00443031014648406  0.00470386114374456  0.00500607140754696
  0.00531013929586277  0.00559979868871903  0.00588230259297863  0.00615028440139840
  0.00642495902676853  0.00670037115437559  0.00697493590747509  0.00731790832189530
  0.00761791261100904  0.00801322884059796  0.00863394574500122  0.00916996546632433
  0.00957987522479279  0.00980502573885665  0.01003414793727773  0.01026698907345810
  0.01050121669915183  0.01072743463580529  0.01093980227806071  0.01114222796551927
  0.01134587802829060  0.01155375932381711  0.01176980482923756  0.01199628794736114
  0.01222039669393034  0.01246012893682088  0.01271568705838038  0.01300241040386360
  0.01335296473199191  0.01371159813697021  0.01401713977467273  0.01429381227208879
  0.01458801217439810  0.01487992462591105  0.01512564684414576  0.01542498747091903
  0.01582525571151832  0.01630148054583654  0.01683126986315256  0.01737539204727202
  0.01791517583144350  0.01843753082045338  0.01892483166120961  0.01932340296015578
  0.01964851185484889  0.01995064842516216  0.02026752370428018  0.02057349341906920
  0.02086813499106676  0.02115440458187143  0.02149810463366121  0.02187941145527631
  0.02229452484041918  0.02274835420823871  0.02328714328213721  0.02375023163980381
  0.02417322775166716  0.02459254688780699  0.02500864890197575  0.02539786009258910
  0.02582082650526843  0.02630910109188954  0.02698658145393283  0.02748631427071365
  0.02802846543541762  0.02879177403734622  0.02952220172121974  0.02987556731611599
  0.03022893291101223  0.03067465737182312  0.03114166648153946  0.03173744779264417
  0.03236868444399859  0.03308809249819936  0.03394761245646261  0.03555286050858775
  0.03780105374209992  0.10203486102163174  0.24798942761749354  1.00000000000000000
 -0.00277054637630179  0.01038982169504663  0.02275681581791266  0.03405733680639328
  0.04746442821155939  0.06431874269445290  0.08137213413399656  0.09944323750852720
  0.11984618443129778  0.13761166534311056  0.15438443936648877  0.16888978735068189
  0.18075188529546185  0.19127107641269858  0.20224628334628095  0.21240964524905215
  0.22241323497223439  0.23468829756234863  0.25076026810839164  0.26571213844383357
  0.27753962818312994  0.28717858081784103  0.29619730084187235  0.30553628917930847
  0.31618488532368938  0.32806201000331237  0.33843973056745824  0.34821201378078925
  0.35826763276374424  0.36833965493149817  0.37608636193287209  0.38446267921161459
  0.39310688447745668  0.40172499066161999  0.40890800322701315  0.41546926406745455
  0.42289887000462650  0.43088874888897910  0.43794497945678623  0.44705642575011711
  0.45835974563957005  0.47083728713476591  0.48642594837418007  0.50367764177951391
  0.51512214512477206  0.52678352069554324  0.53770919117366933  0.54849810011865086
  0.55926492735451150  0.57087148665788512  0.59061280482620737  0.60476655895309972
  0.61811351202653952  0.62840887174572380  0.63745134514193547  0.64513427595549522
  0.65224741717625234  0.65905644806191355  0.66738626635321674  0.67574383979363284
  0.68295905869870033  0.69117163670610360  0.70133076504168868  0.71270815807967325
  0.72509547506223793  0.73481617207765582  0.74398048912262471  0.75363356847286955
  0.76303877405567178  0.77076764141819853  0.77728450967684426  0.78376457901234442
  0.79173468214141629  0.80066202837112277  0.80907732969901913  0.81767354869980857
  0.82840095831559146  0.83752399989373238  0.84642280446578588  0.85908454371133913
  0.87529895259209534  0.88775902831503251  0.89855773950421314  0.90680852364311082
  0.91409511063506199  0.92266392732774072  0.93045075060757321  0.93656560581962034
  0.94239419601054031  0.94824633347732845  0.95459247913951073  0.96163110812416253
  0.97245096986917889  0.98197832476379587  0.99123387532886809  1.00000000000000000
 -0.01339894231130422  0.14513019408729194  0.25235808353619460  0.33385866400371633
  0.40322932040669635  0.46524346838713315  0.51738461975896821  0.56286244961986864
  0.60250711533883505  0.63703562495057697  0.66819781179034154  0.69631464007553290
  0.72327448742919220  0.74662737030706194  0.76597855529256176  0.78190664042133395
  0.79578519320887986  0.81050062033937809  0.82233493615953512  0.83223535630430723
  0.84117372058835249  0.84999042181384810  0.85812319828148298  0.86552489267156896
  0.87217143655696217  0.87794441442399573  0.88296123368604729  0.88761081839843969
  0.89210539712864334  0.89619862839773501  0.89982641700759591  0.90323517711416279
  0.90663734516276195  0.90993837845321057  0.91312610588460896  0.91627716179704233
  0.91889628894401298  0.92120198566175482  0.92342217209992994  0.92549817196051587
  0.92750012874271581  0.92957312980683826  0.93178781835010860  0.93391323603443377
  0.93569699168442244  0.93723342463193782  0.93889398413218039  0.94027778449576294
  0.94166358887621415  0.94294536547416719  0.94448473213467710  0.94605169540892553
  0.94805758737229828  0.95018376041563168  0.95184754301637009  0.95341491309739390
  0.95478882993539738  0.95610959149683938  0.95735555784101545  0.95860397321883006
  0.95988936768107436  0.96114933343817666  0.96243781912615234  0.96378595486148089
  0.96523262248379460  0.96663758591391757  0.96788047744174199  0.96885536855739518
  0.96954797122004199  0.97025381726175519  0.97092751570010338  0.97152092692131664
  0.97213083167853620  0.97271304761423527  0.97331783632622348  0.97384814214821491
  0.97437261015797205  0.97488603468910329  0.97537639515393793  0.97587306740661250
  0.97651424901142825  0.97721847635139258  0.97793592855273093  0.97867836371011618
  0.97953060462986019  0.98036325720903672  0.98118614257945092  0.98200126392220943
  0.98292726199621649  0.98401339457152204  0.98512668938400894  0.98625465399212420
  0.98780713107562601  0.98997747600577235  0.99363520744538170  1.00000000000000000
 -0.02017142745859281  0.13646640726659290  0.18841719817524541  0.22110303888053134
  0.24730044785760061  0.26465328612091144  0.27632433958557995  0.28723887979795432
  0.29816763580196665  0.30944248160717930  0.32215814360540557  0.33476758332669782
  0.34607045713891776  0.35717552753599080  0.36807949779099797  0.37851868586482496
  0.38763833698115902  0.39710484692448667  0.40632095189752548  0.41391278566518341
  0.42086014624814327  0.42782678681012515  0.43559493824429157  0.44448611250521697
  0.45147640550297696  0.45852981726123054  0.46534348377075679  0.47123108355933441
  0.47722600820588873  0.48518760337763434  0.49238258450475170  0.49820336869570847
  0.50317689011793643  0.50770837648521827  0.51189048421526784  0.51575158633347817
  0.51987942783824559  0.52465907283017699  0.53098190679594492  0.53829186158415765
  0.54569368331099832  0.55236439713454100  0.55866634052682984  0.56544270163427324
  0.57307342726471544  0.58173517566280974  0.58894723834409923  0.59613781236393681
  0.60337803194133266  0.61089588284793062  0.61838124405133044  0.62506214336775279
  0.62966442182657334  0.63311883768966670  0.63711320187986009  0.64121894549431657
  0.64523987232298308  0.64902054571696322  0.65245762710615984  0.65616614319848376
  0.66145079750983182  0.66701524365670528  0.67032155101328295  0.67343185642791270
  0.67676793703065419  0.68132587580759385  0.68532034324865110  0.68889915550015379
  0.69182724025967612  0.69474864678757486  0.69771678792396363  0.70135828891384788
  0.70627335861082707  0.71094442647063938  0.71532645298956199  0.71903954604714593
  0.72292164469200604  0.72735986347548620  0.73277504117518055  0.73985686278058316
  0.74604743641729010  0.75363123547208211  0.76111054235729381  0.76901869439849180
  0.77723138112215984  0.78538236227574520  0.79413251712489774  0.80733428281232111
  0.82104771312990088  0.83581262092442132  0.85189790511129004  0.86852530337145817
  0.88460504078803515  0.90314273930203159  0.92607193624084672  1.00000000000000000
   1.6341795279236447E-028  -1.0000000000000000     
 F F F F F F F F F F F F F T F F F F T T T T T T T T T T T T T T T T T T F F F F F F F F F F F F F T F F F F T T T T T T T T T T T T T T T T T T
  <DiscreteSampler_grid>
  grouped_processes
  1 # 1 for a reference and 2 for a running grid.
  10 # Attribute 'min_bin_probing_points' of the grid.
  1 # Attribute 'grid_mode' of the grid. 1=='default',2=='initialization'
  0.0000000000000000 # Attribute 'small_contrib_threshold' of the grid.
  0.5000000000000000 # Attribute 'damping_power' of the grid.
 # binID   n_entries weight   weight_sqr   abs_weight
    10   10   1.663339103041242E-017   1.774664480087820E-033   1.663339103041242E-017
    11   10   1.663339103041242E-017   1.774664480087820E-033   1.663339103041242E-017
    16   10   1.663339102001935E-017   1.774664477592636E-033   1.663339102001935E-017
    17   10   1.663339101999933E-017   1.774664477592583E-033   1.663339101999933E-017
  </DiscreteSampler_grid>
