 -0.00002489683107269  0.00035662259371631  0.00068358753772693  0.00100595579942706
  0.00130784279349453  0.00159212306397795  0.00186295502335852  0.00213234586955211
  0.00240017045808902  0.00267191584758194  0.00294061020308341  0.00321119447718134
  0.00347958055838972  0.00373071105801659  0.00397256610474088  0.00425140636650731
  0.00458738602984100  0.00491615548947464  0.00519793786986514  0.00543313073824270
  0.00564432794265651  0.00586151366817373  0.00608914152563166  0.00631391905847488
  0.00653082384301082  0.00673529743852567  0.00692976536745075  0.00714543277800583
  0.00738880124782929  0.00762115900587221  0.00785838859607097  0.00809166250881463
  0.00832964000605421  0.00857349701664805  0.00885125097538484  0.00917925910894411
  0.00948180840337808  0.00972137409291826  0.00994274131930280  0.01017195122277617
  0.01042693754945142  0.01070461338795592  0.01096680031716557  0.01121245477976273
  0.01145598488767428  0.01168633508701670  0.01193267692629593  0.01216743907032721
  0.01240857483823824  0.01262965646154047  0.01290259042481640  0.01318453178664149
  0.01348660208458174  0.01407329693654257  0.01469406520192076  0.01527299349593507
  0.01587966721965778  0.01649552503025547  0.01712802404675555  0.01781435683281655
  0.01853094309055947  0.01899569305663323  0.01950824616591787  0.02000320870009817
  0.02047989364177210  0.02098853623032748  0.02143128866811142  0.02186389410316134
  0.02232698681015829  0.02277483300762402  0.02318004453149305  0.02358696146304746
  0.02399975261963339  0.02432544753907323  0.02455983122706968  0.02482744386368940
  0.02515901747958462  0.02562408694013029  0.02620086968820557  0.02670638394816722
  0.02706893061011802  0.02743393432018938  0.02781216500987723  0.02825310096648532
  0.02879368922659431  0.02943878203121396  0.03018955069649003  0.03097686730591998
  0.03147554804214581  0.03186771286585991  0.03217815450604687  0.03239326891643200
  0.03418021423149251  0.03867610966030908  0.21430897995865869  1.00000000000000000
 -0.00162168691189050  0.00714132677688444  0.01465408095723384  0.02240777903100847
  0.02976819483948589  0.03715072323542065  0.04771671018489090  0.06106146863913922
  0.07377490513545629  0.08583422159504608  0.09816664713876484  0.10844757762729662
  0.11827538591503664  0.12797502017234805  0.13889844142111782  0.14991933693274365
  0.16109334518202745  0.17259980185281137  0.18299024587071436  0.19407818115165126
  0.20739244891617162  0.22033207741161437  0.23344158448798993  0.24476204403050666
  0.25464506861635861  0.26497442181541209  0.27537252291866421  0.28631642195822421
  0.29928666707417217  0.31368848346016603  0.32693380540860112  0.33933027360655510
  0.35125543102790557  0.36209570894529319  0.37287288006893210  0.38592621360261975
  0.40187593654119314  0.41753799422484644  0.42440632493807834  0.43144218046423927
  0.43851858751022038  0.44432406290510379  0.44951015823264778  0.45477717621391028
  0.45961913050480674  0.46622460112534997  0.47401142220527198  0.48110147328644254
  0.49454669943276464  0.50698418162828951  0.51967774050919957  0.53269902466590102
  0.54724130693893269  0.56111265960542345  0.57502082070530625  0.58745193566438281
  0.59820899233139158  0.60913062834137932  0.62125185000724636  0.63303840993124183
  0.64426042502727099  0.65497280280202508  0.66490692791377837  0.67514182132299727
  0.68578004338475229  0.69706348758222847  0.70991782380250934  0.72405586638164354
  0.73688491689959679  0.74841886533687174  0.75997563635311882  0.77098062515147636
  0.77879733236558568  0.78656116318681479  0.79284861408654861  0.79826813814639852
  0.80395005137377251  0.81022879703070827  0.81773967808768810  0.82503864444472930
  0.83159466883505007  0.84028526668623982  0.84945180462382630  0.85808393641824110
  0.86661719646762281  0.87636292884560330  0.89181278661650643  0.90561498977335397
  0.91906982313400443  0.93061897353748557  0.94172165455395185  0.95254651565070270
  0.96364060305474786  0.97553401407091600  0.98780746346090420  1.00000000000000000
 -0.01437112348701325  0.13821555800114840  0.23798968378279858  0.31807634718453076
  0.38206148161216563  0.43604328309058316  0.48673202382035219  0.53024320326520324
  0.56849686675751609  0.59709053897112985  0.62541689036473835  0.64972295585927520
  0.67076343315902831  0.69050573661370607  0.70988087369913133  0.72836961557367275
  0.74452897949281893  0.75776474284784401  0.76920537055045457  0.78025642816056684
  0.79029786338829122  0.79942246746511658  0.80790779964986437  0.81721723834500859
  0.82626996627165716  0.83427692456122882  0.84151634591709568  0.84823884776076874
  0.85451609525868522  0.86036788088315885  0.86566867024263716  0.87073929636509961
  0.87597606808840667  0.88103076419936643  0.88588230711642135  0.89241861275160839
  0.89715868320323200  0.90112311178417470  0.90455135229654471  0.90783800862879260
  0.91105180094967919  0.91420614657556176  0.91707832769404962  0.91970173532878230
  0.92235453479685503  0.92497556527887037  0.92747804855096039  0.92984933284852778
  0.93209821527954961  0.93439481072069319  0.93647393398724887  0.93843091361389519
  0.94021582525991787  0.94185410884781262  0.94345294048481465  0.94496375358308093
  0.94645343109606273  0.94808902107788229  0.94971825401400389  0.95122855115156235
  0.95272801923573702  0.95427553312225910  0.95578439350776390  0.95720286621193673
  0.95854830104373689  0.95982426837433832  0.96102307609536375  0.96221718786456401
  0.96343461745803138  0.96468993392166646  0.96593761039073300  0.96720963365127444
  0.96844602411731517  0.96962653224844586  0.97081126183944877  0.97189603492751453
  0.97289691337265150  0.97401065943324006  0.97511273842116619  0.97620078612687200
  0.97726363302718966  0.97825172012759254  0.97928730083208104  0.98035892610000419
  0.98147273154443138  0.98257417157881599  0.98364266909065035  0.98467566346182156
  0.98561430386910565  0.98655961319292473  0.98751333185339951  0.98874269601924547
  0.99038173881176983  0.99268549435798137  0.99574254084843750  1.00000000000000000
 -0.01867587202821647  0.14872843620242349  0.19414953170899646  0.22296552929649172
  0.25324036094131019  0.27800408559777751  0.29540340299028006  0.31052501644904940
  0.32444025673049320  0.33599732690807693  0.34883721855836897  0.35948346223156186
  0.36947359255720974  0.38024224457920097  0.39161024594549881  0.40176157802976875
  0.40956522780965632  0.41668976956521708  0.42369016390699760  0.43057618180785390
  0.43782311256401590  0.44561618495137439  0.45251943518387228  0.45938391542830165
  0.46761858070159118  0.47644181279176290  0.48476251979581109  0.49312717979163223
  0.49974107397410805  0.50630961415613440  0.51307366367475948  0.51912074558828170
  0.52355722052011311  0.52793876137496865  0.53221967629385991  0.53663704562518744
  0.54128406324170997  0.54689856481117627  0.55246125390841350  0.55810823367470830
  0.56305557950893992  0.56694161352592110  0.57071229125790202  0.57458409236984176
  0.57824420416897371  0.58132148992463517  0.58416880634204904  0.58740645760949417
  0.59121359586063293  0.59627444891429660  0.60106108717765583  0.60500398750923079
  0.60843468080290497  0.61203088419756513  0.61604686829163824  0.62050492698718673
  0.62564137844574963  0.63238991455404092  0.63939786789087338  0.64532494084307346
  0.65070138810143896  0.65595225443224325  0.66149063182867762  0.66834263946745609
  0.67380368159219861  0.67890642245747412  0.68407296530979789  0.68927036245757556
  0.69477578011103425  0.70099684449747146  0.70745825910363735  0.71364449382673023
  0.72016123297169021  0.72639029256750409  0.73270336489341736  0.73890269758742599
  0.74561474911584735  0.75327200875015021  0.76220437375694994  0.77151385901288649
  0.77785642098465702  0.78384181535396913  0.78888060204509636  0.79360335001697657
  0.79805168726077647  0.80403442952600979  0.81119903245346847  0.81879593231025594
  0.82558309811440711  0.83337795517005508  0.84529788132308636  0.86122622157169371
  0.87855440175603960  0.89717819280216748  0.92259603493923181  1.00000000000000000
   2.5799203760079018E-013  -1.0000000000000000     
 F F F F F F F F F T F F F T F F F T T F F F T F F F T T T T T T T T T T F F F F F F F F F T F F F T F F F T T F F F T F F F T T T T T T T T T T
  <DiscreteSampler_grid>
  grouped_processes
  1 # 1 for a reference and 2 for a running grid.
  10 # Attribute 'min_bin_probing_points' of the grid.
  1 # Attribute 'grid_mode' of the grid. 1=='default',2=='initialization'
  0.0000000000000000 # Attribute 'small_contrib_threshold' of the grid.
  0.5000000000000000 # Attribute 'damping_power' of the grid.
 # binID   n_entries weight   weight_sqr   abs_weight
    10   10   2.903758250853603E-002   6.714232831796849E-003   2.903758250853603E-002
    11   10   2.903758250843571E-002   6.714232831796551E-003   2.903758250843571E-002
    16   10   2.903758250853604E-002   6.714232831796852E-003   2.903758250853604E-002
    17   10   2.903758250843572E-002   6.714232831796554E-003   2.903758250843572E-002
  </DiscreteSampler_grid>
