 -0.00006429074539505  0.00123230437155131  0.00237218317606604  0.00339660844739558
  0.00435417004922435  0.00525899986792636  0.00617509338110823  0.00703013629173851
  0.00783582810496804  0.00867337799478098  0.00954012676516588  0.01034414732895163
  0.01112159728340253  0.01192027307129944  0.01271899116891402  0.01360676039412268
  0.01462509489910040  0.01571182866236038  0.01664513861067912  0.01739425992284956
  0.01807260640445403  0.01865930703732922  0.01929407352232853  0.01989923563683459
  0.02045533417480997  0.02101849293169185  0.02162048820042640  0.02222785662794293
  0.02284292397708678  0.02342055739577076  0.02399659458898103  0.02463859035545066
  0.02535141363851618  0.02608130455115369  0.02680890503652026  0.02772760409117359
  0.02869488785609980  0.02957060656513003  0.03036041206586186  0.03110172761433998
  0.03183420818376099  0.03260963500023328  0.03353773013449220  0.03458721893151515
  0.03567565322138363  0.03664998294521480  0.03745862941691716  0.03826173214795602
  0.03908360520829175  0.03982145758603181  0.04054905487256662  0.04132443079893176
  0.04213314645787610  0.04305818173151049  0.04406904289838250  0.04503352204184743
  0.04588719814688576  0.04670016509916461  0.04754638270725836  0.04840376455960785
  0.04922548859296322  0.05019834752549614  0.05141658150732906  0.05270935851515603
  0.05380365597434796  0.05477266450870243  0.05575378886707136  0.05675491834384044
  0.05790519361068768  0.05900924421214809  0.05991227645241198  0.06182479420900065
  0.06481182422649676  0.06845309497342944  0.07186453604646008  0.07513364515680461
  0.07832205004474670  0.08059181651607783  0.08265290767436936  0.08468235923217646
  0.08682014197012754  0.08912323303974248  0.09157744431412687  0.09393995165381103
  0.09609021389549273  0.09851164032228311  0.10085899171247852  0.10343075401225678
  0.10689123919990666  0.11004477901895221  0.11296901799746488  0.11594335933680293
  0.12287621836832141  0.12980907739983988  0.14043536451533650  1.00000000000000000
 -0.00232193718230507  0.01060383730743873  0.02000074440900087  0.02874731660600651
  0.03766046742848286  0.04646191190254947  0.05626808961369018  0.06567815335684882
  0.07308990058891814  0.08085136595587711  0.08846378255951617  0.09603852386004690
  0.10369338851704733  0.11310042432069896  0.12362624403892940  0.13759839563670417
  0.15234338729153815  0.16669957623588452  0.18068155305873329  0.19333579689758207
  0.20429971358910431  0.21409980555510599  0.22384678380371970  0.23408611461421161
  0.24697032091437798  0.26016375616174908  0.27308329035796980  0.28565398513255197
  0.29805117602146752  0.31018844790935202  0.32239352108424812  0.33621626101913099
  0.35165070234799328  0.36758849020863671  0.38296733484994477  0.39735179243988961
  0.40952912097927940  0.42021340066707996  0.42969692484220917  0.43960725339711043
  0.44931801640240804  0.45941294567071106  0.46969089686146143  0.47985385869491215
  0.49016876437261658  0.50015188041391867  0.50824003034145471  0.51544429036682526
  0.52183930071570672  0.52867734665854149  0.53607043238086116  0.54448634882990465
  0.55328172479761306  0.56276105889545314  0.57248658299444788  0.58279269278575052
  0.59358079963346155  0.60544549536650749  0.61815585853814325  0.63148936246188636
  0.64598550700385160  0.66006228611811391  0.67199655406515391  0.68183333699951776
  0.69088350883136307  0.69958661075226791  0.70837983343335231  0.71767876868633618
  0.72765293501293926  0.74033293394080091  0.75470252874680022  0.76846144762622870
  0.78097473391514660  0.79326158421225446  0.80660792761387479  0.82021136347040802
  0.83303757342970219  0.84334778221952811  0.85448869417464446  0.86447207242263013
  0.87373242601937451  0.88302184022331154  0.89256835303565940  0.90297625740599818
  0.91356911038744582  0.92201931896904465  0.92917310429792521  0.93618658001966193
  0.94356195378807561  0.95148613414306937  0.95914862348819507  0.96601032825179678
  0.97272402530377078  0.98053374667217819  0.99010397144934537  1.00000000000000000
 -0.01514041804269414  0.17517353490291762  0.25573042151438691  0.32061296228006259
  0.37105585858439832  0.41589612356487254  0.45614666622552436  0.49104667041611816
  0.51982390720520433  0.54357831073397134  0.56447223255613421  0.58698466479578171
  0.60937892465953947  0.62897507193155155  0.64687767875760982  0.66294973979341165
  0.67626403154119419  0.68862342303078605  0.70069268383925509  0.71233702656826370
  0.72236986149298399  0.73149571486674803  0.74022215377306411  0.74828988019088183
  0.75673538693167075  0.76528007237120388  0.77362451268523569  0.78113271976163634
  0.78794508027206123  0.79431342324863929  0.80046136079360786  0.80657750520306393
  0.81260573994100194  0.81878803733846039  0.82510500574024437  0.83148745021343040
  0.83688326626546194  0.84138913630934664  0.84583709919633943  0.85027189337922837
  0.85473078494043975  0.85912407980735139  0.86323361972228363  0.86710932814405395
  0.87094039870656370  0.87467302721546125  0.87828477762016188  0.88181798146108437
  0.88521296918175152  0.88851338832464566  0.89171887669122163  0.89481698785556685
  0.89765312841713341  0.90018614668756891  0.90271175992462227  0.90529130476670439
  0.90782085778155053  0.91040087886084697  0.91287217855164982  0.91530576692768550
  0.91735905956528307  0.91933967844360898  0.92127130200436991  0.92320764275005018
  0.92512602078880812  0.92691293675211517  0.92861429914015170  0.93030537921264977
  0.93212819722539997  0.93412284377232579  0.93612211350673180  0.93798327150477578
  0.93971056182050838  0.94143601208178485  0.94310900464423231  0.94468295767065269
  0.94635121053443017  0.94797611248653868  0.94963878823383108  0.95141897370707262
  0.95328175415821226  0.95513439964407587  0.95692872481156133  0.95873427715772086
  0.96054107278107259  0.96241631492887558  0.96429721166803584  0.96617940891250520
  0.96815442515639538  0.97037545175104223  0.97272261774616253  0.97525469390075292
  0.97823738610653577  0.98216145693806722  0.98956479261598140  1.00000000000000000
 -0.02232772421570185  0.12571374702808771  0.17237401813265246  0.20412760485465192
  0.23183959989897404  0.25492659926362621  0.27360049609770776  0.28882407782613118
  0.30440109006551652  0.31559710001454294  0.32482511348708304  0.33333695166756261
  0.34203597695849008  0.35077498413302882  0.35858621012757386  0.36551086909105074
  0.37199093454939031  0.37839827769345580  0.38492684745420580  0.39144213770825592
  0.39777756002658066  0.40393132367812723  0.41030309979085083  0.41727212813527165
  0.42445793552166777  0.43201528396869637  0.43934473063230850  0.44648583609255366
  0.45332629605285779  0.45911545604515713  0.46376739801591627  0.46789747727712333
  0.47223899380982848  0.47702869307054330  0.48209531626222513  0.48718666968802432
  0.49214464551275344  0.49701487099987585  0.50153280605938255  0.50580352163857822
  0.51007492684180178  0.51427114157290132  0.51851807997996591  0.52325619385135380
  0.52871544334794807  0.53440058783978128  0.54003494844112243  0.54603669085775752
  0.55285816818601741  0.56035090962097367  0.56808714293108131  0.57585499159753639
  0.58253642112150650  0.58808371298423534  0.59293038779491303  0.59778212404870956
  0.60294296845948481  0.60790824346016603  0.61261851214336871  0.61715331263146467
  0.62153792249550921  0.62584447138644783  0.63063156261171249  0.63535572904722815
  0.64049558215180558  0.64531066166932938  0.65080221950144912  0.65607190038651164
  0.66091605750434212  0.66543579017556187  0.66973710040767076  0.67400496233139573
  0.67845266081311617  0.68294631781515980  0.68785438928571341  0.69379248749358691
  0.69975988161986435  0.70571140966308299  0.71183914398451642  0.71826507403091511
  0.72500793826088938  0.73398607816593098  0.74435514393614388  0.75532310538887759
  0.76583630826548543  0.77636459860964024  0.78621228645159558  0.79536097489449176
  0.80407234865147004  0.81369642459741687  0.82634636359939495  0.84167637222384473
  0.85897978457129576  0.87988703943233904  0.91576698859849481  1.00000000000000000
   9.3095724214792717E-043  -1.0000000000000000     
 F F F F F F F F F F F F F F F F F F T T T T T T T T T T T T T T T T T T F F F F F F F F F F F F F F F F F F T T T T T T T T T T T T T T T T T T
  <DiscreteSampler_grid>
  grouped_processes
  1 # 1 for a reference and 2 for a running grid.
  10 # Attribute 'min_bin_probing_points' of the grid.
  1 # Attribute 'grid_mode' of the grid. 1=='default',2=='initialization'
  0.0000000000000000 # Attribute 'small_contrib_threshold' of the grid.
  0.5000000000000000 # Attribute 'damping_power' of the grid.
 # binID   n_entries weight   weight_sqr   abs_weight
    10   10   6.639121346205125E-029   2.836157383229668E-056   6.639121346205125E-029
    11   10   6.639121346205125E-029   2.836157383229668E-056   6.639121346205125E-029
  </DiscreteSampler_grid>
