 -0.00036598674849269  0.00194838222349410  0.00322705109737006  0.00449510791540359
  0.00584476793023515  0.00738119749671906  0.00907261425205389  0.01093331534589063
  0.01299684562043469  0.01516040240831457  0.01756648617775569  0.02012536979040546
  0.02270696708400237  0.02547993787015204  0.02836890497788305  0.03150807047212365
  0.03480683315359876  0.03820423378982641  0.04187387109177552  0.04581320082101386
  0.04992994654762269  0.05421062008930348  0.05852152513038527  0.06284796521488822
  0.06720667601320371  0.07194068693513016  0.07702640220324883  0.08222613099786259
  0.08709212077433398  0.09199152688558346  0.09711759650738544  0.10258551717375471
  0.10841198377750422  0.11459823151476876  0.12127560834052670  0.12834830639637082
  0.13552347494509170  0.14266352072331653  0.14985762456782223  0.15736728477798187
  0.16525785935728246  0.17336939476142474  0.18205798333644602  0.19131112279414950
  0.20088558971023565  0.21074757429269658  0.22102243461079518  0.23173908727593767
  0.24338209779095218  0.25591310202620698  0.26926213445234004  0.28349645855521638
  0.29830392609586770  0.31331939793561508  0.32919139873091313  0.34668618000029638
  0.36550399336363759  0.38618518088030362  0.40892915993232271  0.43486322739196193
  0.46332424186444032  0.49313265718348803  0.51881727366330832  0.54601765564198768
  0.57254382145361493  0.59775147763476533  0.62299613033711898  0.64693027491689059
  0.66910812799350894  0.69029675649733724  0.71111449549008554  0.73032999671746723
  0.74830750537085022  0.76545340303584763  0.78175729685417350  0.79643959301934097
  0.81062189912015992  0.82447982462224023  0.83744516878909170  0.84945626688042664
  0.86155640136555833  0.87353769888685406  0.88419496848850021  0.89410163134510245
  0.90378069971638331  0.91354703514908120  0.92300483298896807  0.93233851355523234
  0.94170411984373803  0.95093511673692666  0.95977303799203229  0.96822606055454508
  0.97641220271732987  0.98433795661791001  0.99217522627025334  1.00000000000000000
 -0.00269537201234895  0.00957838783801227  0.01977711159002750  0.03038360242831943
  0.04086589747205985  0.05165096149414374  0.06281922283202908  0.07431219207994447
  0.08523799963830145  0.09567961949949763  0.10613913906297794  0.11693393855281402
  0.12806480810693313  0.13897385743030233  0.15037386485414456  0.16194828299303024
  0.17313308256163962  0.18316698794208514  0.19364928302905701  0.20376536566365946
  0.21391630683718035  0.22354698034413584  0.23367524763619255  0.24403765652201173
  0.25467209372461497  0.26522390403666740  0.27557780719165653  0.28483034214407488
  0.29431625521989502  0.30463078021527956  0.31531071666542143  0.32609093447984294
  0.33730757992010019  0.34927586081045159  0.36078795743791636  0.37180541824483915
  0.38375794931886092  0.39564120511559697  0.40515412834874082  0.41447998202530656
  0.42390470975711614  0.43323549948215018  0.44203341212934910  0.45085146073518650
  0.46035864494122292  0.47124182271206005  0.48296965570852740  0.49419558251201567
  0.50481922845353777  0.51468744937662481  0.52535019894659574  0.53594714649736219
  0.54631324789119484  0.55584113232017163  0.56583055800374416  0.57560647083048855
  0.58552285547059546  0.59578440902978447  0.60691263375934146  0.61885912541538890
  0.63105819482180636  0.64297316326776222  0.65502258901118848  0.66650078765956100
  0.67798700670411838  0.68918760236939547  0.70070259023613879  0.71142794709626023
  0.72157493009707552  0.73134199423879509  0.74074385456813563  0.75022754662400226
  0.75899776274962638  0.76814742843139650  0.77695495231670042  0.78565430293621430
  0.79440659271926006  0.80336208228209827  0.81290830407320702  0.82380061774836366
  0.83499396183040586  0.84645174683319546  0.85763177512774202  0.86859440655448761
  0.87976499236507855  0.89124453076290278  0.90295727276785598  0.91466656653921841
  0.92497230564632371  0.93537628277140628  0.94595442818634179  0.95710844379709914
  0.96757682239488629  0.97782563925779564  0.98874669783206925  1.00000000000000000
  0.00113011050367129  0.01841193103774112  0.03383130126723807  0.04659732444149432
  0.05844032387393119  0.07002380892542301  0.08203272100254019  0.09487432751753985
  0.10756590766663150  0.11958478502576289  0.13172054992827359  0.14385878980711139
  0.15569774067480191  0.16724635765489934  0.17912030706877080  0.19063547990779564
  0.20174283460998377  0.21253698445753849  0.22321362382946316  0.23368873277901009
  0.24388960512178864  0.25393813557113537  0.26409600485963880  0.27443472197622720
  0.28545035858760726  0.29625536290302762  0.30801269480462357  0.31961804302571467
  0.33134492579912184  0.34306817579580123  0.35457744374461808  0.36559154116791426
  0.37635558905168959  0.38713249937227523  0.39723724173360914  0.40658173169675321
  0.41533713645505249  0.42427071425929175  0.43362739713224402  0.44343071220552849
  0.45308847273480801  0.46254778524261447  0.47229539103422380  0.48160642894193395
  0.49052762967219077  0.49917591920498544  0.50768601117683998  0.51651300769053243
  0.52532716625903975  0.53352410094469438  0.54147370541189777  0.54961878473463166
  0.55795007974560895  0.56649688426318368  0.57540627144026379  0.58471864660981043
  0.59442470928924251  0.60414952849295389  0.61324288051320663  0.62204736616487133
  0.63125026848053045  0.64021772994730308  0.64936550535620152  0.65792836299211876
  0.66666931707251420  0.67520540668329365  0.68329537263512496  0.69090724248665836
  0.69835770754085291  0.70596223495144472  0.71404424162130131  0.72216870036505687
  0.72997555434376138  0.73792561327623274  0.74622240116447458  0.75428939423615871
  0.76178300478024719  0.76913218437699415  0.77685678685221338  0.78499430469114140
  0.79323988591860561  0.80152888232682995  0.81006658125179198  0.81901917842578742
  0.82814198649010506  0.83701191977564460  0.84588211836542415  0.85500489245820022
  0.86505832708069141  0.87567944461917768  0.88685244564455568  0.89906341533528922
  0.91323934413939123  0.92961115531197780  0.95284701189875298  1.00000000000000000
 -0.02069111035453128  0.14236670647274199  0.19728395986719294  0.23022311638615583
  0.25317363029841533  0.27156285845627542  0.28812330576523137  0.30405477799989589
  0.31861385913898188  0.33163910813997804  0.34336962856639602  0.35436767874733288
  0.36401564075506931  0.37348934786644450  0.38227201211389716  0.39092337744520789
  0.39916391871049922  0.40705890882883061  0.41457119168252704  0.42194781828659822
  0.42923957749091335  0.43644955332130619  0.44350646843348390  0.45048930621899186
  0.45723220469633463  0.46378882679860534  0.47011636307435439  0.47621040784306429
  0.48185795959567124  0.48729577182888978  0.49273404486551259  0.49819878774259713
  0.50377835276284488  0.50956007528754677  0.51545505496061972  0.52121823322977912
  0.52678573796229611  0.53218093852898019  0.53745843651063219  0.54310699897777359
  0.54939076723056857  0.55583775294232518  0.56202854685746684  0.56799207658028905
  0.57375016222910735  0.57930087453126666  0.58464783521687069  0.58985701322377715
  0.59497344892494330  0.60012635755821209  0.60506556401987188  0.60984632956920959
  0.61455787606028611  0.61922073503710706  0.62381107570112682  0.62838784340875620
  0.63300159506633369  0.63766960838612707  0.64244758869991736  0.64731506347782841
  0.65221123928404001  0.65704667685058027  0.66178109615061353  0.66664160156293373
  0.67184766970122012  0.67733191820424876  0.68286912389801346  0.68861512240768208
  0.69457129908904880  0.70057333680703082  0.70656699112483545  0.71220455932255189
  0.71772145656842135  0.72356433704222500  0.72950315213200045  0.73518840780336514
  0.74083263283245193  0.74639863942504547  0.75177639356296655  0.75705668264377879
  0.76259288059959063  0.76830853840921276  0.77432734640013501  0.78080930275866045
  0.78735416546235248  0.79447510112735154  0.80220186172297425  0.81006147046944410
  0.81889629790194063  0.82918697967952082  0.84083183294613850  0.85420478772194408
  0.86992906899031697  0.88988730229662782  0.92267951206990606  1.00000000000000000
   1.2721181711110856E-017  -1.0000000000000000     
 F F F F F F F F F T F F F T F F F T T F F F T F F F T T T T T T T T T T F F F F F F F F F T F F F T F F F T T F F F T F F F T T T T T T T T T T
  <DiscreteSampler_grid>
  grouped_processes
  1 # 1 for a reference and 2 for a running grid.
  10 # Attribute 'min_bin_probing_points' of the grid.
  1 # Attribute 'grid_mode' of the grid. 1=='default',2=='initialization'
  0.0000000000000000 # Attribute 'small_contrib_threshold' of the grid.
  0.5000000000000000 # Attribute 'damping_power' of the grid.
 # binID   n_entries weight   weight_sqr   abs_weight
    10   10   2.864115700348577E-004   1.706162076170427E-007   2.864115700348577E-004
    11   10   2.864115700348577E-004   1.706162076170427E-007   2.864115700348577E-004
  </DiscreteSampler_grid>
