 -0.00008067975444107  0.00077823648906840  0.00170176738506446  0.00300514546564702
  0.00469814919752420  0.00676077614528538  0.00922605300177139  0.01206602421406424
  0.01529228526747754  0.01884165905629441  0.02270203508765200  0.02679332497927346
  0.03107446498262522  0.03560889121445922  0.04055868571125237  0.04576375921979953
  0.05108818866170781  0.05662501826204988  0.06247149524930319  0.06886722870216369
  0.07597435765975923  0.08336867444251071  0.09043994668805837  0.09762255882809667
  0.10515659220766896  0.11289152351439526  0.12080227386963448  0.12865737741552927
  0.13666100628096364  0.14508551718319643  0.15396543509680641  0.16321518016292236
  0.17258719057056351  0.18176799353315026  0.19100294796575062  0.20043256316615413
  0.21019945048231034  0.22030934692021276  0.23081347022611012  0.24172307717555752
  0.25291323238735192  0.26435252491882644  0.27606505606752668  0.28795070255853800
  0.29982232964035810  0.31198122040286963  0.32426918408062944  0.33670306815092127
  0.34918911032071986  0.36169975764951268  0.37425308289197179  0.38687325645335519
  0.39994674021190380  0.41333530050556749  0.42661917555298928  0.43991845166059496
  0.45305829435701422  0.46617778510485186  0.47958195139665555  0.49320940974055055
  0.50681531695424631  0.52055390903803345  0.53411690388055144  0.54747888524053401
  0.56143764045878852  0.57550732908425339  0.58957042237052515  0.60372078682052843
  0.61797152688353141  0.63222548099936615  0.64645661554878753  0.66079985038382416
  0.67508444023267600  0.68920784776917365  0.70291813341132880  0.71680550521950492
  0.73154858493321817  0.74626534330800998  0.76136649799077694  0.77673509050577627
  0.79211419842994502  0.80732401776400031  0.82230146294463358  0.83662640378744468
  0.85086591920411525  0.86489528396746129  0.87872802652395432  0.89273465953865327
  0.90689336948370758  0.92085975256699859  0.93457582779564274  0.94806703173704276
  0.96131474554667928  0.97437526256462770  0.98726368245086116  1.00000000000000000
 -0.00223730511266904  0.00958157791811077  0.01993840739145294  0.03090927908685953
  0.04201258041483138  0.05324309888082603  0.06422251308597964  0.07451859096503967
  0.08479249104748426  0.09492394352891163  0.10545204128387561  0.11616772060589584
  0.12726848107678068  0.13846080906300470  0.14944341077142656  0.15994521159475444
  0.17012965364845323  0.17993293060568316  0.19006088728213369  0.20011170313767851
  0.21027862774724682  0.22021093225860716  0.23013755951200876  0.23986952487499663
  0.24974199278297660  0.25967105244255206  0.26977065759686530  0.28014526819957691
  0.29090879450223794  0.30254027681575152  0.31455939529632787  0.32644091111903362
  0.33785086927039099  0.34848251934157426  0.35856360361098810  0.36846284125244705
  0.37826941859475499  0.38759956057570383  0.39641391580448387  0.40558052443747705
  0.41498876160551590  0.42496699370296709  0.43503001541436831  0.44553122092242292
  0.45583143590931885  0.46583209874842491  0.47578341880946279  0.48619583504894820
  0.49675709994350231  0.50747400570630086  0.51880692716026067  0.53116507587791006
  0.54427574845964422  0.55608827929547933  0.56821432111234316  0.57993315428188719
  0.59166795882268719  0.60314301320316432  0.61460515919568592  0.62647378933109255
  0.63682866480603117  0.64695474919847495  0.65638407632024431  0.66610995248899696
  0.67543154799446481  0.68466399996861860  0.69435786651811249  0.70441234146967602
  0.71446773994832624  0.72449731129742345  0.73493024233286364  0.74572292638372073
  0.75600369386296618  0.76572170832690312  0.77553929630607454  0.78596070081676339
  0.79712090922662282  0.80858551864870598  0.82073488386936022  0.83307754050670590
  0.84395495301325940  0.85433899411391734  0.86472368461993721  0.87518310897315243
  0.88595814539651896  0.89653576394168522  0.90655558980937223  0.91695129826235244
  0.92718309053210402  0.93759041111150465  0.94762205659450405  0.95775159205401394
  0.96786824408619598  0.97838304487924588  0.98905020319097259  1.00000000000000000
 -0.00299129470632555  0.01788080190348784  0.03323184064356248  0.04660935576765161
  0.05830395810666510  0.06913055434964863  0.07928689151365553  0.08932041086789472
  0.09931010642523698  0.10883002173661781  0.11791100023218769  0.12732130744576983
  0.13646448421610052  0.14524998392585720  0.15340962468181074  0.16103903009862078
  0.16866055664346080  0.17642822960410395  0.18431299662147474  0.19262364666189957
  0.20155619694207969  0.21036337761915397  0.21868970610429736  0.22693401052548584
  0.23518812813009121  0.24336826118708554  0.25135957857842356  0.25926322718921430
  0.26728891173875918  0.27542097993279746  0.28363148175976871  0.29176033942089497
  0.29951152549688231  0.30713569906375254  0.31484879460104370  0.32246020451287333
  0.32991582017889975  0.33724310991289713  0.34441730555338984  0.35148532481950334
  0.35886686654534500  0.36668706563705733  0.37481177656903558  0.38273778625981447
  0.39050330151058171  0.39807679182320155  0.40543870132339849  0.41352271974635491
  0.42186024507838982  0.43002203106499204  0.43836880177650045  0.44693622575565922
  0.45535135599552667  0.46340928243256629  0.47127897272142222  0.47928576621811797
  0.48736149596651207  0.49532089703531718  0.50314640453295156  0.51098426321174395
  0.51896826034546018  0.52730885800286309  0.53598208396895741  0.54470842648680917
  0.55378786252591916  0.56283921518124602  0.57213297260580076  0.58173367711012614
  0.59124394806729308  0.60068803877803789  0.60978044002868581  0.61859526697167222
  0.62784318648789739  0.63715048457197565  0.64695648523088978  0.65713925647882232
  0.66797465974977088  0.67893520187368372  0.68975113486131867  0.70037404387822200
  0.71137374493123795  0.72248222580108323  0.73403786444597707  0.74628232943804929
  0.75934559717613037  0.77338151585975712  0.78746288405105769  0.80169373355602946
  0.81645059541362086  0.83195284297689287  0.84798861660824432  0.86599022178804608
  0.88654317631757618  0.91100852672039556  0.94314177725027626  1.00000000000000000
 -0.02084017011813028  0.13018390261742013  0.18005278315997059  0.20960143560838582
  0.23341936466575525  0.25488161313561286  0.27349705498048987  0.29016197807131766
  0.30539413951444777  0.31999591090536039  0.33393898773171726  0.34671488732662631
  0.35804896340427694  0.36875742370528913  0.37923307249275884  0.38994821838108357
  0.40059272035092480  0.41091087882968569  0.42084643347881201  0.43039722346862208
  0.43976206526001466  0.44894621184864059  0.45799947443910671  0.46669936117311850
  0.47517167506594599  0.48335079358749372  0.49154940631206628  0.49934829440234324
  0.50671146003063039  0.51386177328680971  0.52101723378811504  0.52800551652813776
  0.53492222161135061  0.54186679250042458  0.54848166837962087  0.55485431264172635
  0.56108982423891129  0.56723142859143860  0.57345395601097993  0.57980755318617283
  0.58603604517462005  0.59202736231845343  0.59789410130381704  0.60360516893717830
  0.60918577408976293  0.61465341742022916  0.62024535658256241  0.62597562128884476
  0.63153515450599507  0.63695741215517132  0.64227696540813528  0.64755447370902230
  0.65273348693527178  0.65791906619944485  0.66311859759138958  0.66812065335273974
  0.67300429559650732  0.67791874589656009  0.68280911733141059  0.68785875648300809
  0.69290400768861560  0.69795007808058140  0.70289322648378305  0.70797270377984944
  0.71347545383450872  0.71908363776445106  0.72444373910234328  0.72975506266681200
  0.73519089118613212  0.74066321177238104  0.74615759697931405  0.75203950950956056
  0.75773360828723868  0.76347282068396449  0.76927399181161127  0.77501665846821965
  0.78082041878955788  0.78686120228620171  0.79304405059923599  0.79928292244189936
  0.80557272358491216  0.81187398821847701  0.81778884321193324  0.82412238694574469
  0.83073891602811278  0.83752209670685873  0.84461146737562287  0.85215069738873983
  0.86033930359101174  0.86893094578975660  0.87850621523019878  0.88945149442677318
  0.90202007841330445  0.91756003213404991  0.94143835067378001  1.00000000000000000
   1.6176205726867738E-003  -1.0000000000000000     
 T T T T F F F F F F F F T T T T T T T T F F F F F F F F T T T T
  <DiscreteSampler_grid>
  grouped_processes
  1 # 1 for a reference and 2 for a running grid.
  10 # Attribute 'min_bin_probing_points' of the grid.
  1 # Attribute 'grid_mode' of the grid. 1=='default',2=='initialization'
  0.0000000000000000 # Attribute 'small_contrib_threshold' of the grid.
  0.5000000000000000 # Attribute 'damping_power' of the grid.
 # binID   n_entries weight   weight_sqr   abs_weight
    10   10   3.461643085406831E+008   1.229915753715701E+017   3.461643085406831E+008
    11   10   3.461643085406831E+008   1.229915753715702E+017   3.461643085406831E+008
  </DiscreteSampler_grid>
