  0.00000176585854796  0.00049392249583897  0.00093294556022888  0.00134907245778586
  0.00175724401000743  0.00216698423646480  0.00256217069055631  0.00295236961973055
  0.00334946584317325  0.00373722517094665  0.00411183573360196  0.00452895020497792
  0.00493710731316673  0.00531142933129724  0.00567472151160284  0.00605801861034327
  0.00644812367350151  0.00684296274122632  0.00722108832483106  0.00761718122869428
  0.00801190033178424  0.00842261913593863  0.00879803016223818  0.00914237083835473
  0.00950039278356165  0.00984104228274560  0.01017078613136003  0.01048505006189404
  0.01080421344914924  0.01111495680345351  0.01143742330976307  0.01174504557858771
  0.01209722291534151  0.01246492212570403  0.01282460750014034  0.01318268717103534
  0.01355121601146540  0.01392878932903915  0.01430132926061685  0.01468757457991919
  0.01506324661850403  0.01547831312550889  0.01590327369816241  0.01630465675556477
  0.01669400244236457  0.01703592823038541  0.01735484488624799  0.01769750148200796
  0.01808691543435502  0.01851965913254780  0.01891531625928919  0.01929177702683254
  0.01980544496171620  0.02036761161278540  0.02092582726832515  0.02165493762790552
  0.02247895508189898  0.02339092898810196  0.02433039867797933  0.02495200097318698
  0.02550706823256324  0.02600762649091182  0.02643301768476405  0.02684316833080219
  0.02731487984261945  0.02767684969901272  0.02805458982718225  0.02844997691741970
  0.02880918439678505  0.02916886859617622  0.02959131538707360  0.03000363650901880
  0.03039884021075076  0.03080864711589501  0.03126873020046166  0.03172102645565945
  0.03221616240971074  0.03283025771399432  0.03349330293006549  0.03412100970140507
  0.03474547242957550  0.03539007194547127  0.03615833882200363  0.03719112334304642
  0.03823150048921079  0.03906793663453582  0.03978641567573968  0.04126292365310868
  0.04299363524171617  0.04737373070621276  0.05245200912849540  0.05854115497858130
  0.06625588831490789  0.07663287071318925  0.16942068908433244  1.00000000000000000
 -0.00228615477150319  0.00921124293103374  0.01773625416561586  0.02632345144627147
  0.03538010036906145  0.04480603112437308  0.05412656263830340  0.06541952795011763
  0.08119231763141345  0.09618033114926226  0.10948123818144109  0.12180191122409580
  0.13298299455863175  0.14299531271248450  0.15239240089549125  0.16254840890641192
  0.17202537099733867  0.18175208735315046  0.19096621698234761  0.20150384755788031
  0.21095704529277434  0.21948856673639591  0.22794666863884869  0.23714478317917925
  0.24701740183857637  0.25663486241677141  0.26536796397216422  0.27560412322355760
  0.28906762493063431  0.30286174730371612  0.31630728989107593  0.32893064016277557
  0.34148065653017612  0.35224323368196248  0.36350001330019194  0.37502789897892114
  0.38638602647784054  0.39829126838606160  0.41039681548668105  0.42237332801119970
  0.43497465470224672  0.44655008367034876  0.45714845066699938  0.46829688887591797
  0.47933731233898652  0.48955527846027153  0.49998939533506570  0.51187782917409741
  0.52433610904716099  0.53698144780834256  0.54951007823148956  0.56056503121040668
  0.57029921739944978  0.57904294296175363  0.58716864655426393  0.59491921682916526
  0.60294419568486601  0.61421504245640290  0.62617143120495589  0.63864352214069431
  0.65001533344843310  0.66053382598355925  0.67222559968582396  0.68459564319442645
  0.69589865063958900  0.70672841041281320  0.71810873839617295  0.72982593771981052
  0.74103408925014436  0.75152894290640027  0.76199727546396312  0.77180089659055096
  0.78046220712842518  0.78932494016102317  0.79776649398677602  0.80608883598180725
  0.81458097242567795  0.82268250816439592  0.83076751527469817  0.84005342444362874
  0.85027797260555049  0.85995107448796793  0.86947433847537992  0.87883568924775757
  0.88828159040248778  0.90019403837227951  0.91305049159593332  0.92461625008453252
  0.93507866862897804  0.94550444878014017  0.95454236459628361  0.96299547215355363
  0.97102882044093286  0.97956690818027492  0.98951807423732974  1.00000000000000000
 -0.00431955897415183  0.06122261329333156  0.10681004171098399  0.14574422938119524
  0.18088232772888735  0.21009649959528950  0.23864500361293414  0.26645271007500676
  0.29176965175538278  0.31521179805762045  0.33626186231610361  0.35535169159572705
  0.37350124882392866  0.39143653128165157  0.40898336326382445  0.42434517516303455
  0.43856538406036621  0.45276187892388337  0.46672104319708951  0.48105462397698634
  0.49633886033952612  0.51120662131195960  0.52362573930268619  0.53385715945205225
  0.54341292333653124  0.55202307605682310  0.56057305221681308  0.56959554556986336
  0.57884805253812810  0.58811064057415841  0.59734193567078575  0.60730483187061879
  0.61823456606964600  0.62848661221361157  0.63731243698743978  0.64526803073761552
  0.65359398192783369  0.66200792088513072  0.67082244673839675  0.67991983026943092
  0.68882373357321858  0.69515488316077911  0.70139344950964877  0.70726475865438287
  0.71230295718928505  0.71677043639544669  0.72110721771244990  0.72529958230355496
  0.72972854662372100  0.73428212473746990  0.73890979686493075  0.74364422499419092
  0.74805721938983361  0.75211500916741203  0.75627363509434142  0.76052035152773934
  0.76470181683339056  0.76837317616606016  0.77234401192250401  0.77684647536336759
  0.78128683281313627  0.78596554209338143  0.79060243160478327  0.79473109144522980
  0.79905318925532742  0.80401372560812456  0.80850196528465179  0.81291572847968840
  0.81702736066177706  0.82074654895308463  0.82458203571483490  0.82849333827323335
  0.83249807079524829  0.83671738100122373  0.84146482875515094  0.84603264025801272
  0.85047459256054958  0.85532124165711898  0.86104980944366682  0.86708395288137030
  0.87248848030350801  0.87707318967972514  0.88125280079794899  0.88535473677460430
  0.88960133401185570  0.89395307533941748  0.89835446136335029  0.90318298033992361
  0.90832420365685895  0.91320353875431559  0.91930408417931120  0.92637453668346892
  0.93592190073877368  0.94846193106895549  0.96917840000884836  1.00000000000000000
 -0.02096734779094456  0.13354726132880221  0.18807409084526255  0.22583256434422203
  0.25334725685364379  0.27594445358118225  0.29484678348674032  0.31340998752555571
  0.32907894119027703  0.34236709011725253  0.35406720081195880  0.36453114625957844
  0.37508036979329845  0.38581404318949808  0.39656542454789018  0.40678960420823251
  0.41589504282519030  0.42414036585621007  0.43189029687964081  0.43901786990087299
  0.44511972421737322  0.45060194637073586  0.45610101289132565  0.46182299489397838
  0.46876450955692744  0.47511503941661459  0.48036063504084531  0.48509945676339727
  0.48977059670388390  0.49504808577277054  0.50031887772391404  0.50542617989997929
  0.51025163634235093  0.51524419414498490  0.51999141585733866  0.52423360362808769
  0.52826409129469309  0.53233084122526830  0.53656250674403883  0.54120018913568013
  0.54647056228077684  0.55227373809358038  0.55833680608643044  0.56447089935814898
  0.57049893527891005  0.57624149089917887  0.58202323903671438  0.58747638340428288
  0.59280888556352651  0.59829436072901854  0.60361629512421011  0.60902638909841378
  0.61460450354716512  0.61991921356711177  0.62509224930157659  0.63059245958216970
  0.63569950677321296  0.64190069294205898  0.64802176928570299  0.65342139544863365
  0.65813401081267975  0.66230918929666571  0.66622277079132775  0.67009631094188393
  0.67412329964085282  0.67909315462962949  0.68385385703415269  0.68911844704655734
  0.69478313056555530  0.70067712511182034  0.70651627188517940  0.71183372437550430
  0.71664131938190478  0.72139219191209680  0.72634944289562442  0.73158715590933487
  0.73719719538371764  0.74273150676112787  0.74820832146926974  0.75366084080937246
  0.75942704865730015  0.76534050090178107  0.77072537007521380  0.77667062827993150
  0.78343237315079650  0.79117010136897392  0.80056625767392331  0.80925896837915345
  0.81786936424898526  0.82741416077396257  0.83958475750775163  0.85329109343730691
  0.86698922467125117  0.88383156209389879  0.91505691503833886  1.00000000000000000
   2.6429132228257561E-012  -1.0000000000000000     
 F F F F F F F F F T F F F T F F F T T F F F T F F F T T T T T T T T T T F F F F F F F F F T F F F T F F F T T F F F T F F F T T T T T T T T T T
  <DiscreteSampler_grid>
  grouped_processes
  1 # 1 for a reference and 2 for a running grid.
  10 # Attribute 'min_bin_probing_points' of the grid.
  1 # Attribute 'grid_mode' of the grid. 1=='default',2=='initialization'
  0.0000000000000000 # Attribute 'small_contrib_threshold' of the grid.
  0.5000000000000000 # Attribute 'damping_power' of the grid.
 # binID   n_entries weight   weight_sqr   abs_weight
    10   10   2.868399009820918E+001   5.815549719559845E+003   2.868399009820918E+001
    11   10   2.868399009820918E+001   5.815549719559845E+003   2.868399009820918E+001
  </DiscreteSampler_grid>
