 -0.00002532214859716  0.00044930651089418  0.00082718444245954  0.00118841393942449
  0.00154813523948572  0.00192489624627486  0.00231574098604832  0.00271769110946413
  0.00311441022879640  0.00349991855533608  0.00385995300747301  0.00419908855695879
  0.00451546505525803  0.00483210429836570  0.00514278933504662  0.00544102733640394
  0.00574431475114003  0.00606265876018481  0.00638551682142034  0.00672666068125469
  0.00705581122211420  0.00737820721357612  0.00770881359494384  0.00806988408396154
  0.00842548197852383  0.00879548129030779  0.00918131791242234  0.00958272258658066
  0.01002752959484836  0.01047097177044013  0.01088471828526367  0.01127373902516270
  0.01166641142374804  0.01205455029417021  0.01244259662849637  0.01284427007200679
  0.01324827705205265  0.01365747539446876  0.01409973945263534  0.01485134200772382
  0.01575789547882483  0.01635302164650737  0.01672315587413262  0.01704117323307405
  0.01735724476024801  0.01770560635360484  0.01808908511045111  0.01843854963369424
  0.01878851421371697  0.01918546100959008  0.01961739541689596  0.02002258892901784
  0.02041535947459041  0.02082934494423254  0.02122723068299810  0.02161392058640817
  0.02206781765655595  0.02258868258396588  0.02314463046516098  0.02368354525404658
  0.02422046829228131  0.02479012974467977  0.02545508005009858  0.02614566525706427
  0.02683052445505803  0.02754533006203200  0.02833890339064486  0.02926971811204584
  0.03046244092521432  0.03165060712849078  0.03276952749061677  0.03380893457825772
  0.03471415317196867  0.03562902122012488  0.03661635993796739  0.03760369865580989
  0.03898830385276231  0.04038484694938636  0.04334602093226742  0.04709390273320424
  0.04966857635810759  0.05177313927599754  0.05296608328026855  0.05413892527840517
  0.05532242830773516  0.05650700709027052  0.05813134389071833  0.06047299233990989
  0.06358406469042757  0.06492943426504597  0.06627480383966437  0.09867446163833302
  0.16661910454285789  0.23456374744738273  0.34426624144078138  1.00000000000000000
 -0.00143523842983544  0.00683184028718089  0.01534652043649495  0.02508940509110119
  0.03447756382791895  0.04405936373209722  0.05282711228636439  0.06209579479605494
  0.07181336663330405  0.08229112070889250  0.09217742522672102  0.10182714133374074
  0.11165191022070235  0.12126344996176774  0.13198245816555590  0.14412367654589175
  0.15543704633104452  0.16659205258331339  0.17786292742708218  0.18942151942593147
  0.20047386342934345  0.21033331827439009  0.21892450733217420  0.22841335306266056
  0.23923129597407178  0.25077021408752831  0.26227431682853830  0.27283316482808323
  0.28232175360969686  0.29126238519934960  0.29889741927095070  0.30531813657787454
  0.31073275552293594  0.31828076865788335  0.32548731999245661  0.33284504253675240
  0.34124215444561135  0.34900462636717272  0.35748248171751318  0.36691099945294631
  0.37739946942814451  0.38907625236475890  0.40074311164161225  0.41253555573508965
  0.42484250705750687  0.43753695351663463  0.45018979409767618  0.46293037023774225
  0.47621015595296962  0.48782255474417824  0.50005956750083946  0.51264284070185440
  0.52596576362312064  0.53912681022286146  0.55087086542358521  0.56179730821925622
  0.57296127727401625  0.58497871234783716  0.59789605994848827  0.61097132968273171
  0.62222900395735181  0.63411589556894277  0.64588161982372028  0.65805488058622186
  0.66975238274085824  0.68082195088347952  0.69089447766783296  0.70088284293882352
  0.71044081568688378  0.72001154036567960  0.72929722817128151  0.73763226769072598
  0.74584309211496347  0.75500922485105426  0.76483503028095479  0.77390841065645122
  0.78212298095985511  0.79133319366577426  0.80236875570618171  0.81408867878658142
  0.82567262695769261  0.83801743026535136  0.85086046562659912  0.86309160809677687
  0.87435592583100596  0.88380687875976838  0.89271852751261060  0.90205414972127185
  0.91132705030688688  0.92130516360218073  0.93089951883762456  0.94174995318362642
  0.95436730736434905  0.96829150472437286  0.98264767593071078  1.00000000000000000
 -0.00335865368112857  0.05274161681609203  0.09240965864919169  0.12304385122804926
  0.15187481859207547  0.17942938073639089  0.20577903714821172  0.23107565054383750
  0.25595542544614180  0.27828339064677937  0.29985624217209977  0.31999522977196854
  0.33843798335910746  0.35364889867993365  0.37037070362632535  0.38711825675230266
  0.40376280156463118  0.41821239155736872  0.43247160881536956  0.44472076123663462
  0.45525943358084753  0.46435346320733761  0.47395398979694003  0.48374837255125525
  0.49364439329789606  0.50318672736869374  0.51283132913257412  0.52207229335327399
  0.53086147459052302  0.53972706708902096  0.54824030869030771  0.55620739996697666
  0.56363381655184974  0.57074435419698588  0.57760207556165899  0.58471870361660594
  0.59173494205446842  0.59889496686346677  0.60625402189462785  0.61387720523714606
  0.62102894443766621  0.62759751630510352  0.63477956473624209  0.64285867160705323
  0.64971191144638252  0.65604571398704070  0.66211375344044010  0.66844338912531620
  0.67522458138461727  0.68190635211813166  0.68804792322808939  0.69420339582012025
  0.70034350663106415  0.70654114823486691  0.71262447792163686  0.71840683171737474
  0.72405191685856396  0.73008941131157057  0.73681884036012590  0.74361867246428637
  0.75046092410146703  0.75682344510786137  0.76280797258484689  0.76774262261221149
  0.77250993467880480  0.77806183499086923  0.78397685029254827  0.79036258215620203
  0.79624511952318466  0.80160086043778278  0.80669206586948949  0.81162852444501210
  0.81660683330254125  0.82219913862928051  0.82855737559976617  0.83485435327980817
  0.83979808094567354  0.84482015111203457  0.84951015469715230  0.85408760932947347
  0.85928270230302017  0.86478612267977994  0.87039115931049960  0.87629540802957628
  0.88218672155089572  0.88793895313473836  0.89395737730321501  0.90057617991077288
  0.90802449297189192  0.91658888648847026  0.92466516711091762  0.93462658220902650
  0.94554349856853004  0.95777965929637443  0.97435960461544258  1.00000000000000000
 -0.01679896051531864  0.09842360040425206  0.12966215737076359  0.14960047586024688
  0.16606282001945233  0.18279730891564264  0.19912419063946404  0.21624919643599919
  0.23211335328814331  0.24658729755993355  0.25886743566014614  0.27183787801533321
  0.28144780472373693  0.29123986322135631  0.29879698128588644  0.30637099266316509
  0.31380200046014023  0.32138702418379866  0.32890136886644905  0.33592187681233626
  0.34230832298456493  0.34828469516528071  0.35479607269494434  0.36166403148752280
  0.36755824545193283  0.37294970276365119  0.37777480108642553  0.38269316377941487
  0.38829171279904262  0.39389999187125241  0.39911360352293007  0.40416147132940783
  0.40918442207998684  0.41430409374140770  0.41950268220028086  0.42482518181232831
  0.43047817957164680  0.43603252418694072  0.44202002471055596  0.44847232201935272
  0.45494708820613855  0.46074092412666234  0.46537241573497579  0.46978607770245984
  0.47463458989399493  0.48008808991134083  0.48584706929202448  0.49144931518186263
  0.49715557417129869  0.50282599884432322  0.50847936318942022  0.51354427759536314
  0.51805161022199697  0.52258191858270620  0.52738242492333842  0.53254004361048568
  0.53743021271488345  0.54315167031670453  0.54916060991326499  0.55511317672052296
  0.56112588229033078  0.56746773754682978  0.57428111186890740  0.58135890878360863
  0.58887481495108096  0.59663326916646442  0.60441754538835402  0.61221259546110385
  0.61978424014447830  0.62704414800972963  0.63450411167122733  0.64181745186647654
  0.64892641427607678  0.65563059338258245  0.66210347068671760  0.66938119838980481
  0.67724434765616826  0.68520363846083843  0.69203828599454886  0.69789762808548661
  0.70453532789843909  0.71229620781500025  0.72100312191966376  0.72941337078474178
  0.73773710450324925  0.74649128499926476  0.75919242781587604  0.77100407810825311
  0.78416313505928670  0.79782649734983679  0.81328395646835194  0.83066219290470533
  0.84950446895479981  0.87529912450050817  0.91167800807643329  1.00000000000000000
   1.5007395816510595E-013  -1.0000000000000000     
 F F F F F F F F F T T T T T T T T T T T T T T T T T T T T T T T T T T T F F F F F F F F F T T T T T T T T T T T T T T T T T T T T T T T T T T T
  <DiscreteSampler_grid>
  grouped_processes
  1 # 1 for a reference and 2 for a running grid.
  10 # Attribute 'min_bin_probing_points' of the grid.
  1 # Attribute 'grid_mode' of the grid. 1=='default',2=='initialization'
  0.0000000000000000 # Attribute 'small_contrib_threshold' of the grid.
  0.5000000000000000 # Attribute 'damping_power' of the grid.
 # binID   n_entries weight   weight_sqr   abs_weight
    10   10   1.397387324926278E+001   5.181112668914892E+002   1.397387324926278E+001
    11   10   1.397387324926278E+001   5.181112668914892E+002   1.397387324926278E+001
  </DiscreteSampler_grid>
