 -0.00003212800121208  0.00033716392939199  0.00056837369706849  0.00077395354193656
  0.00096275085650461  0.00114651261882192  0.00132581515124680  0.00149663289280806
  0.00166539848595038  0.00184112639781556  0.00202425914457269  0.00221042090937554
  0.00239558847494950  0.00257560751773665  0.00274468570530461  0.00290813938681490
  0.00306723469867283  0.00323450436548997  0.00340199009060582  0.00355791515770090
  0.00371420024823943  0.00386878166009363  0.00402886267908264  0.00418682601234755
  0.00433842758166020  0.00447983462796474  0.00462008857849696  0.00476946009067450
  0.00493054992761978  0.00509125588336182  0.00525265292347475  0.00541226162511907
  0.00555942578991441  0.00571191950859590  0.00587685028072799  0.00604857600801920
  0.00621987890215943  0.00639182971075562  0.00656204513764011  0.00673965022092319
  0.00693750861927037  0.00713078948530687  0.00731012431437582  0.00748142312390161
  0.00764880184774710  0.00782164876518766  0.00799706749490695  0.00817015105227789
  0.00834709159403700  0.00853402161228435  0.00875159503956144  0.00900126001634253
  0.00928384573680655  0.00955399969971563  0.00990437128259366  0.01034832433405399
  0.01073044694850081  0.01105349642725360  0.01137636763454029  0.01168795088348802
  0.01198334833282683  0.01228569217846800  0.01259666784544766  0.01297020934519291
  0.01339302681470555  0.01384454392420567  0.01437025579836207  0.01501962348482375
  0.01570539244574087  0.01626972124068373  0.01680596794386249  0.01722905747051930
  0.01762177072131518  0.01801099679320139  0.01840477919850230  0.01882332090789305
  0.01927930798536540  0.01975676799529078  0.02029530313471737  0.02074236837339330
  0.02114668503198035  0.02202968027507418  0.02320233618618727  0.02478845334918136
  0.02654632976103135  0.02880939236133636  0.03189720712982531  0.03623425204287892
  0.03868361314611678  0.04177188714615414  0.04537929572527451  0.04973051014618424
  0.05855515382801994  0.06795462818028371  0.76673946715453833  1.00000000000000000
 -0.00101621484401977  0.01020391398016259  0.01927766342700004  0.02860098421250298
  0.03756657121423910  0.04678097921774182  0.05669672270135266  0.06743256279927788
  0.07942737082222638  0.09045094836811690  0.09947617095622459  0.10752956601993449
  0.11589498327326937  0.12420474951259905  0.13351274433556826  0.14238322382795138
  0.15298511031265383  0.16618362915939086  0.17992063951560572  0.19336911496871950
  0.20616285550991154  0.21757550684272367  0.22855342500411469  0.23969933972873331
  0.25106893263273761  0.26300423475323548  0.27597350680651139  0.28965259452978759
  0.30424561520073090  0.31682944592580414  0.32770955270788799  0.33859463732892769
  0.34914944783989882  0.35998241633355843  0.37032017639427289  0.38107475409454072
  0.39119252797817611  0.40002631917836051  0.40774925134440276  0.41540785871300095
  0.42353735613002452  0.43277213691680294  0.44275948873288939  0.45328266791115362
  0.46375007579692029  0.47393799489785771  0.48346783915272290  0.49275181599438461
  0.50191829075259020  0.51112300346435868  0.52149715033786004  0.53291727957564616
  0.54553723296504097  0.55732508226598931  0.56793468998807484  0.57806021585400946
  0.58821158784563354  0.59951823518089076  0.61046868728210946  0.62127162972790184
  0.63317321264682125  0.64566227457746195  0.65737081801084596  0.66757897727011517
  0.67613020932947165  0.68499533592105788  0.69360979757358832  0.70187664373566250
  0.71084602565221122  0.71993085589574057  0.72778564521555345  0.73609782265350820
  0.74513380426127962  0.75496936429481798  0.76594418042656010  0.77708561779682550
  0.78926249373993340  0.80182922378399002  0.81401489964562468  0.82543685934413658
  0.83619973786812440  0.84664747211787628  0.85727875594074543  0.86880748404776720
  0.87992049545557005  0.89156239631310641  0.90458730787940500  0.91788111261667260
  0.92951958539229407  0.94064725042318265  0.95013442584457375  0.95925293409972179
  0.96819222825547779  0.97803685226670978  0.98921376434276598  1.00000000000000000
 -0.00101413841477288  0.03297121847399619  0.05775367245498994  0.07872403419950022
  0.09786732828842430  0.11540208052650858  0.13186331731925666  0.14776829179242498
  0.16261004804230406  0.17691357772875230  0.19073331904646065  0.20411750787095956
  0.21741172436353470  0.22981376671977574  0.24110624469480760  0.25266285719867954
  0.26518064150312859  0.27769387566535431  0.28922297597471242  0.30095529241925317
  0.31224053439473520  0.32420500351785675  0.33432716838965643  0.34394402842240990
  0.35294432120254421  0.36211102186538607  0.37104805351767017  0.37920586193929173
  0.38662480634282559  0.39384415484109370  0.40098282600311075  0.40847191444513092
  0.41588295671470149  0.42408390330451790  0.43252481451277081  0.44053920644936639
  0.44819961558053745  0.45611750691911529  0.46405823900291543  0.47144458198599948
  0.47873986839905447  0.48483527751885996  0.49100146495459468  0.49687178311253538
  0.50250677335980798  0.50873835579453675  0.51513413501624084  0.52171603897889274
  0.52820548738683759  0.53434950171906959  0.54024921088627365  0.54646908547794759
  0.55329312439063294  0.56034068277471605  0.56766034591463621  0.57468070334116439
  0.58176918729084637  0.58783867623282171  0.59431946348619125  0.60078348465433395
  0.60745701433471311  0.61474782718248822  0.62253318532633362  0.62937742671111663
  0.63629613733402135  0.64320663214853757  0.64961669080095097  0.65579257919528589
  0.66186654762728547  0.66800720178182038  0.67433442471379779  0.68036484138894104
  0.68644649025175197  0.69278124181244660  0.69897498775479228  0.70567291732182713
  0.71288632006622610  0.72097410524361427  0.72935260405883484  0.73750872692841862
  0.74574491242296836  0.75453875608073107  0.76354034318426189  0.77253599255642447
  0.78158840246164052  0.79178894067875916  0.80052167942372843  0.81012759934341749
  0.81974841396849318  0.83047184339788704  0.84111916476933501  0.85905878642945188
  0.88969921947563901  0.92125268720801690  0.95470225987275248  1.00000000000000000
 -0.01459367456185690  0.10295904878176723  0.14806316938589506  0.17575517242454672
  0.19676688359840658  0.21391047444571720  0.22915793139846913  0.24221048707066489
  0.25435513748150712  0.26611288226984131  0.27782931429187741  0.28838037232652397
  0.29738689319766959  0.30587549058930458  0.31441336775667028  0.32261621982153110
  0.33039985551299811  0.33789892533847055  0.34502938235203934  0.35188277095757775
  0.35792747583113149  0.36296146514239480  0.36822276869674930  0.37332032261468318
  0.37812284212166541  0.38307514865417996  0.38817442927109291  0.39363431032529322
  0.39897869443869305  0.40482725672394948  0.41062812846924945  0.41624901870239850
  0.42110087358119097  0.42573578405648965  0.43027359099928641  0.43499174651155703
  0.43991702238275460  0.44500732856930947  0.45015246993132801  0.45534213812088298
  0.46086786471559743  0.46635500686522657  0.47157307321567477  0.47652529170886049
  0.48149988662174154  0.48682081375815528  0.49247460744076726  0.49796211615341823
  0.50316317501287278  0.50811284095968035  0.51277505190213835  0.51787373725306673
  0.52238657701727209  0.52661591646145889  0.53095449309136977  0.53561180894714433
  0.54031421376591782  0.54541122716326662  0.55023510685232524  0.55496398098491340
  0.55950495842300374  0.56385827339542582  0.56876171870594550  0.57433748320664535
  0.58035511222452596  0.58724534870385625  0.59471828002468974  0.60211595366637916
  0.60816415499875986  0.61449547454727282  0.62114835277410385  0.62803453619408811
  0.63515591778532055  0.64238888644928982  0.64995718318203488  0.65755369175834610
  0.66478408581273118  0.67224143865327790  0.68042321385633098  0.68821470141417873
  0.69555391149366519  0.70300366895933186  0.71087137302473946  0.71900256652700134
  0.72809938845774580  0.73791533764361927  0.74878022904427699  0.76046702981567926
  0.77327403519669957  0.78758861886930565  0.80288698127787395  0.82033814381168002
  0.84194609360731332  0.86854897321779068  0.90886207486253412  1.00000000000000000
   3.0422895493383710E-028  -1.0000000000000000     
 F F F F F F F F F T T T T T T T T T F F F F F F F F F T T T T T T T T T F F F F F F F F F T T T T T T T T T F F F F T F F F F T T T T T T T T T
  <DiscreteSampler_grid>
  grouped_processes
  1 # 1 for a reference and 2 for a running grid.
  10 # Attribute 'min_bin_probing_points' of the grid.
  1 # Attribute 'grid_mode' of the grid. 1=='default',2=='initialization'
  0.0000000000000000 # Attribute 'small_contrib_threshold' of the grid.
  0.5000000000000000 # Attribute 'damping_power' of the grid.
 # binID   n_entries weight   weight_sqr   abs_weight
    10   10   1.239888597474604E-014   2.890786241996042E-028   1.239888597474604E-014
    11   10   1.239888597474604E-014   2.890786241996042E-028   1.239888597474604E-014
  </DiscreteSampler_grid>
