  0.00000285778217536  0.00000576973731280  0.00001185252570664  0.00001720381393926
  0.00002219738371816  0.00002694965218053  0.00003158911706462  0.00003623865709969
  0.00004089899728193  0.00004561292847609  0.00005040927713112  0.00005529946558749
  0.00006029498111662  0.00006540935944713  0.00007066408330859  0.00007601495036851
  0.00008143473607006  0.00008695444075816  0.00009265883939484  0.00009859070089714
  0.00010471823455989  0.00011099085831085  0.00011756363302008  0.00012434259181009
  0.00013128576393554  0.00013834169850122  0.00014552138732635  0.00015285423275615
  0.00016037272088421  0.00016807408619879  0.00017597218772662  0.00018414523838074
  0.00019260079091393  0.00020139073117152  0.00021066008073066  0.00022012651929408
  0.00023013342541949  0.00024030587192552  0.00025095868354780  0.00026206460660867
  0.00027362070457859  0.00028580173592418  0.00029832483300039  0.00031142350554601
  0.00032516314811358  0.00033952383075247  0.00035455235460068  0.00037018338837678
  0.00038643963511294  0.00040342363700811  0.00042128656522276  0.00044004023297459
  0.00045994989526025  0.00048090046391360  0.00050306937108403  0.00052640036764109
  0.00055092678859737  0.00057697977203993  0.00060474915730622  0.00063430565501417
  0.00066561778866202  0.00069859147620043  0.00073392324493092  0.00077118853825667
  0.00081114851521004  0.00085399957191923  0.00090116615607493  0.00095198435987885
  0.00100551368693521  0.00106284712902153  0.00112454226880750  0.00119114817069356
  0.00126315943035795  0.00134245783474190  0.00143259862865055  0.00152737915306286
  0.00163050701548595  0.00174407249065455  0.00186983788233625  0.00201429036186224
  0.00218126399315929  0.00237596103642056  0.00260000659759131  0.00285845895994199
  0.00315023802462457  0.00350601514069662  0.00392418654309379  0.00444104386722914
  0.00507360623397975  0.00585435236531129  0.00687323228910731  0.00854151189374229
  0.01165579751691629  0.01781759123906038  0.22303666507192613  1.00000000000000000
 -0.00252942201304988  0.00990594643950434  0.02019777827437375  0.03064372462688898
  0.04098022720125237  0.05191304064751484  0.06287073800372169  0.07379245407784385
  0.08453527879076769  0.09515584059881367  0.10575799004332283  0.11621821547623462
  0.12667182783797468  0.13701202056115300  0.14742502936476212  0.15784183314506636
  0.16822539698445957  0.17830528331359857  0.18844799660708031  0.19851891698527971
  0.20858541317153864  0.21855165798292828  0.22853698375604861  0.23880846580772186
  0.24894643702954905  0.25885961845437921  0.26873591549417797  0.27918130668603347
  0.29003309821584078  0.30074395812083432  0.31139828716785778  0.32208694362297896
  0.33261838595675514  0.34296558852956588  0.35311918179011970  0.36331461712098723
  0.37352970456704215  0.38385143502782493  0.39429888297946358  0.40469874177168863
  0.41513984697471196  0.42596940728630694  0.43696408500930983  0.44784814834273473
  0.45857595992131933  0.46943080878999260  0.48035822300893399  0.49104809319887283
  0.50198478515716383  0.51258114383714759  0.52320303157566195  0.53365573454937965
  0.54411493754834894  0.55438578179413645  0.56489731413082689  0.57569381856831636
  0.58649819697024297  0.59710745792358155  0.60774538774432796  0.61856541217133110
  0.62945685114756811  0.64017167170245426  0.65106923813854845  0.66189161399917118
  0.67304610364055206  0.68414786574995567  0.69517065250966903  0.70618352191710076
  0.71714115185479754  0.72790501291820087  0.73848319258251094  0.74908071840630008
  0.75979191205141339  0.77055888006037287  0.78115244777235271  0.79158353990731778
  0.80178914819837088  0.81200032611744288  0.82224358341739312  0.83244137591160594
  0.84289694631975720  0.85361112268045702  0.86436537089605658  0.87501799455284857
  0.88532041874048473  0.89564639509367505  0.90601923761617054  0.91656210116226466
  0.92716866642233575  0.93768011545284002  0.94800712264551734  0.95825728381777331
  0.96859483812519565  0.97903413043905485  0.98959240674822813  1.00000000000000000
 -0.00413336945057032  0.02604530322928331  0.04732664606752894  0.06495841983287058
  0.08081229773455750  0.09541538833919955  0.10910911800688267  0.12208142012404721
  0.13446035716396171  0.14653920447777813  0.15821120052944887  0.16962901641556560
  0.18064992040544689  0.19141690884210802  0.20182703247675765  0.21207257859285289
  0.22203202169391481  0.23186707257549827  0.24140607042861897  0.25089480891446991
  0.26022903762650218  0.26949410021124087  0.27859629661007024  0.28761832987435604
  0.29650401201775289  0.30533484226429342  0.31407675203385654  0.32265016854359940
  0.33098429969473525  0.33939898950714559  0.34775759458244415  0.35631726550620757
  0.36495055409860161  0.37348164511996890  0.38189367014261988  0.39023139398179524
  0.39851111511298598  0.40674092802770578  0.41492241020180737  0.42302035267039451
  0.43104186626574553  0.43905907560773327  0.44703566490592078  0.45489491318056291
  0.46268820966393182  0.47036168295284930  0.47815837449774862  0.48589970893161544
  0.49361924682522412  0.50131749803740500  0.50901076215155772  0.51673296641366340
  0.52446865054916525  0.53218037240931837  0.53989366723594412  0.54774684581533495
  0.55564361609211277  0.56362189165174892  0.57157449435716667  0.57944211745028884
  0.58738180422766118  0.59537157027043874  0.60336086063398775  0.61144638516895367
  0.61955580064310756  0.62765647631815114  0.63579342902548930  0.64399305243840910
  0.65230620661084060  0.66076525165779210  0.66917485804265542  0.67762986005982440
  0.68603505602280601  0.69480236509647597  0.70358109363443344  0.71252641388472548
  0.72157959502211144  0.73072921590307427  0.73999836154662824  0.74940837333436450
  0.75899597904156335  0.76872439528720804  0.77859517323489391  0.78868348922884879
  0.79917507792179632  0.81008326373430939  0.82142829933836503  0.83307176236486380
  0.84523953583053790  0.85824366442713340  0.87220338597329827  0.88762386449158714
  0.90475024459316844  0.92488779279456501  0.95217614255370775  1.00000000000000000
 -0.01903710361442780  0.10870230900450611  0.14505787327246639  0.16784815565535965
  0.18543315749667325  0.20052077802501544  0.21376781448576360  0.22581360262070266
  0.23712317622122395  0.24777375369738289  0.25759561021287747  0.26691345827935242
  0.27582748397121298  0.28455471486958445  0.29290572954035271  0.30081497721440120
  0.30849587419388874  0.31598305358500761  0.32329270456004788  0.33048479259587205
  0.33747586168370458  0.34428944219449287  0.35095826454055956  0.35751351509685292
  0.36400201063239157  0.37046911688147388  0.37689101218584203  0.38322008300793120
  0.38945476399042633  0.39561855112282734  0.40172881107000818  0.40778937899248807
  0.41383976454025800  0.41977643594458702  0.42568264118730370  0.43165505742181104
  0.43757836260247568  0.44336524386280290  0.44908760811918363  0.45478727222447035
  0.46040207005878769  0.46591235210090232  0.47138366043170687  0.47684108523871654
  0.48228162396075891  0.48769064097035486  0.49316765848833072  0.49868060613406773
  0.50420287592967639  0.50967455757698865  0.51512158343248737  0.52060228700152811
  0.52612403903701366  0.53164970065678996  0.53713960860590659  0.54260126955193400
  0.54808853891977716  0.55362805600560183  0.55919120234043607  0.56481923019724689
  0.57051454261713630  0.57620713671680512  0.58195616902029201  0.58777456109359660
  0.59369744662549451  0.59959750066386763  0.60558082190463725  0.61166786598682565
  0.61787925822374934  0.62420626979168414  0.63064683328265780  0.63716622259557609
  0.64373415213406360  0.65041807071633606  0.65719110984205442  0.66395401998418757
  0.67089269204921120  0.67803863600109748  0.68535165978445212  0.69294016544839865
  0.70071194330796782  0.70871590691620390  0.71709439429145960  0.72577956456853820
  0.73472140396788965  0.74389737701831304  0.75355299470287962  0.76395370705359544
  0.77525614883776994  0.78755743969141656  0.80085937680815478  0.81569948991418184
  0.83301456402164675  0.85477938141893905  0.89038886670880335  1.00000000000000000
   2.1718876556260976E-003  -1.0000000000000000     
 T T T T T T T T T T T T T T T T F F F F F F F F F F F F F F F F
  <DiscreteSampler_grid>
  grouped_processes
  1 # 1 for a reference and 2 for a running grid.
  10 # Attribute 'min_bin_probing_points' of the grid.
  1 # Attribute 'grid_mode' of the grid. 1=='default',2=='initialization'
  0.0000000000000000 # Attribute 'small_contrib_threshold' of the grid.
  0.5000000000000000 # Attribute 'damping_power' of the grid.
 # binID   n_entries weight   weight_sqr   abs_weight
    10   10   2.255632973604937E+008   8.405453751990205E+016   2.255632973604937E+008
    16   10   2.255632973604938E+008   8.405453751990208E+016   2.255632973604938E+008
  </DiscreteSampler_grid>
