 -0.00013053765027647  0.00109251758319800  0.00175862554769073  0.00230286755758714
  0.00274150550145463  0.00312074583379024  0.00341489324040335  0.00369054397122285
  0.00394914748594057  0.00419934095089762  0.00446872201386176  0.00472145577277578
  0.00501622695980932  0.00531797468787979  0.00563367160587476  0.00597460807977628
  0.00634286186870979  0.00671471885158578  0.00710325839863084  0.00748947715385120
  0.00784203429655564  0.00814574597656412  0.00843277515210229  0.00872580357224577
  0.00902833954759914  0.00934935737880393  0.00965140811000332  0.00994918224900959
  0.01024772774060635  0.01055197714213845  0.01084708578377206  0.01110998085095740
  0.01133466546450484  0.01156506772946937  0.01180071002952988  0.01204769555749271
  0.01229733157920231  0.01253847708372926  0.01278804083232724  0.01305278124014426
  0.01329278833872469  0.01353439262906506  0.01377989116487847  0.01404898707405140
  0.01448681174328347  0.01489037091575540  0.01530095154268032  0.01571465325208611
  0.01614189437941858  0.01654850334593343  0.01692261395662712  0.01724574489073942
  0.01779292419107070  0.01842826779758587  0.01904648556128267  0.01978354620117562
  0.02052153778787354  0.02125126840694592  0.02196259141622307  0.02265393490365070
  0.02334085114364851  0.02402587756183510  0.02474344308302978  0.02544540339602680
  0.02613272734234006  0.02684279480023431  0.02756078719163972  0.02829168325774432
  0.02898026806640986  0.02964763624464073  0.03022540071766947  0.03079909906405355
  0.03136509594937049  0.03191218972901846  0.03244827198718327  0.03296166284316240
  0.03348486009826106  0.03402498049167749  0.03447170787656613  0.03489241382763082
  0.03529843602606944  0.03570990218217002  0.03611601136841348  0.03650183886325666
  0.03701801052023364  0.03759089703587348  0.03830046120129231  0.03903192898112846
  0.03974460979798762  0.04045242116323208  0.04112973485686536  0.04179115021216256
  0.04255527620584892  0.04349382532247494  0.04455182520842793  1.00000000000000000
 -0.00504638271067312  0.01492893057065052  0.03237406406131959  0.04868929388584214
  0.06464940173931012  0.08010256797576457  0.09488409217813143  0.10803035202312158
  0.12020957460135086  0.13128765637399606  0.14304884830849801  0.15566066265107253
  0.16911888806634948  0.18248200378615839  0.19499551167960971  0.20612413788831027
  0.21531198394104425  0.22360432440735609  0.23220155580419446  0.24221538219856822
  0.25300936689383685  0.26390851048658348  0.27514842814909185  0.28652995153816135
  0.29773541865827707  0.30756718036154562  0.31696977625578765  0.32697224697673394
  0.33781521457214758  0.34725291748336723  0.35725627933779175  0.36617693247886035
  0.37579347832664067  0.38677621337843116  0.39692261303162241  0.40692641216198944
  0.41739495922587683  0.42710459810060153  0.43775228701783664  0.44811258314732050
  0.45840209790037961  0.46908604118166020  0.47946144222814568  0.48989453565571539
  0.50004243212573718  0.50956349202039319  0.51763381251183127  0.52471498558568352
  0.53124138020923473  0.53854412886292902  0.54820059154118062  0.55862638663280584
  0.56751504849780765  0.57574518484927362  0.58310730235487063  0.58977440077201848
  0.59729303855671356  0.60559151972965508  0.61403485025133620  0.62580081137768917
  0.64205447931564408  0.65796554725262579  0.67276266595485945  0.68440776926358282
  0.69175097879195446  0.69811918626015734  0.70524096089945154  0.71291587168792836
  0.72139725695531209  0.72884000963972828  0.74193943770470594  0.75348918518764052
  0.76364838736995888  0.77455881442553409  0.78676036389851634  0.79808047186792941
  0.80857054619570379  0.81937564615709280  0.82960672062164775  0.83957027682083152
  0.84941528402775757  0.85942311125287585  0.86972701180977341  0.88075955763664215
  0.89279157062714254  0.90437968937362800  0.91402643242705894  0.92227123655699894
  0.93165315122321790  0.94268426362764635  0.95392828177647315  0.96380614222968430
  0.97155818733808863  0.98050052608728788  0.99014356516945690  1.00000000000000000
 -0.05887381612955388  0.38092508802388658  0.54280618813583137  0.63242063415833916
  0.69549189555251323  0.73710543973185438  0.76805121345336158  0.79386441590234824
  0.81283256633269130  0.82770096602522403  0.84014770224296431  0.85074636592139397
  0.85994800314878883  0.86821223364244493  0.87576504729656079  0.88282200419308565
  0.88919906795145598  0.89473444037112193  0.90016905584837503  0.90539211898621730
  0.90986810869851120  0.91405965730286975  0.91794716952022848  0.92164483659201724
  0.92512564933931607  0.92837623619293330  0.93132337441852608  0.93404647119952333
  0.93663954481405753  0.93901667524128030  0.94122671836937188  0.94325882334668343
  0.94522279876945658  0.94716036414710514  0.94901125111182649  0.95062250132862747
  0.95205554022350036  0.95341112090579705  0.95471991379327603  0.95600114944127479
  0.95723966162561536  0.95842663717332555  0.95958222199480103  0.96069288730501790
  0.96175633872686617  0.96280397125456574  0.96384694909658220  0.96488792988830407
  0.96589799231622542  0.96692261428283099  0.96779742784533562  0.96857497356753552
  0.96931468470522386  0.97004358820552850  0.97077200311228462  0.97151584488765697
  0.97224055271738019  0.97288519317946487  0.97341558528930161  0.97404012080872182
  0.97481743876426497  0.97563787595734186  0.97633505350881711  0.97686250729816604
  0.97744423890296017  0.97800723678934187  0.97841932363777617  0.97876272392004882
  0.97911838184528166  0.97949776535717503  0.97988085351156684  0.98024559004649070
  0.98059597675304799  0.98094157894913725  0.98129744759458615  0.98169037169826501
  0.98213426890152533  0.98260773446245142  0.98303095987118083  0.98340457164643491
  0.98390207725483836  0.98449599973943946  0.98510151645357336  0.98572350750428928
  0.98636596041124225  0.98694218338352502  0.98751064850181436  0.98808325264332586
  0.98873528585417869  0.98939996512097994  0.99006568393650274  0.99085808912988815
  0.99189617375523176  0.99334847032700679  0.99586276746962643  1.00000000000000000
 -0.03295650611432345  0.17247434145569038  0.23385953736601511  0.26694618709493279
  0.29310106951637499  0.31511558780417831  0.32896942100799137  0.33938276372304160
  0.34927838260453176  0.35894266868733282  0.36707473116341366  0.37545005197496184
  0.38492637146145620  0.39534739187815787  0.40591406086970211  0.41629362212844040
  0.42487684123989938  0.43279846629845897  0.43995947789923517  0.44604007647749111
  0.45135548376595802  0.45715769548088225  0.46346850659149730  0.47037139990210353
  0.47652851760773757  0.48214695488696613  0.48727664218533784  0.49237458291317132
  0.49717005035293099  0.50202810810897081  0.50718688400422784  0.51310970262055822
  0.51917624270143259  0.52493108242841791  0.53042758390521949  0.53584510649189321
  0.54143679810858725  0.54671931931621653  0.55148347903524930  0.55559230803132276
  0.55973266945833255  0.56373539909670778  0.56743020832156954  0.57106609660603125
  0.57505283819724506  0.57936458215409936  0.58364172251024327  0.58808160115793540
  0.59285490026257548  0.59777801569211719  0.60276528938956930  0.60784133327602385
  0.61329510875430437  0.61815680630145009  0.62143502705797826  0.62473177580404038
  0.62820459400155693  0.63174252795931263  0.63509720631117550  0.63981273328624744
  0.64465674712664012  0.64945960993302321  0.65432986045873243  0.65910846301393367
  0.66335972366814633  0.66835942248404634  0.67428913672583746  0.68010505246798270
  0.68550311086899607  0.69036295625247945  0.69494013521891695  0.69999329021753165
  0.70551211666348312  0.71102129538532222  0.71603053598142641  0.72129746526650518
  0.72671199278322296  0.73265245525458100  0.73947461708559581  0.74669670802979382
  0.75427245487902006  0.76256753504016395  0.77216021513828803  0.78293457504558372
  0.79292232430282661  0.79963054180746707  0.80527884281786777  0.81116193997275143
  0.81748662681679163  0.82482231226952873  0.83625888133215187  0.84590366834690001
  0.85611920828758914  0.86974399130931745  0.90008031088043883  1.00000000000000000
   5.5751849170982232E-012  -1.0000000000000000     
 F F F F F F F F F T F F F T F F F T T F F F T F F F T T T T T T T T T T F F F F F F F F F T F F F T F F F T T F F F T F F F T T T T T T T T T T
  <DiscreteSampler_grid>
  grouped_processes
  1 # 1 for a reference and 2 for a running grid.
  10 # Attribute 'min_bin_probing_points' of the grid.
  1 # Attribute 'grid_mode' of the grid. 1=='default',2=='initialization'
  0.0000000000000000 # Attribute 'small_contrib_threshold' of the grid.
  0.5000000000000000 # Attribute 'damping_power' of the grid.
 # binID   n_entries weight   weight_sqr   abs_weight
    10   10   4.218936389644584E-001   1.462538737533478E+000   4.218936389644584E-001
    11   10   4.218936389644584E-001   1.462538737533478E+000   4.218936389644584E-001
    16   10   4.218936389636189E-001   1.462538737533442E+000   4.218936389636189E-001
    17   10   4.218936389644582E-001   1.462538737533476E+000   4.218936389644582E-001
  </DiscreteSampler_grid>
