 -0.00007294968799687  0.00060443669165095  0.00127724361737573  0.00219988797114727
  0.00345254516824209  0.00487336813529637  0.00655828243241185  0.00854717695971298
  0.01065051467121964  0.01297233197934312  0.01561624959383709  0.01850862706477816
  0.02169184416484083  0.02498921543429126  0.02836604834372534  0.03190939425010104
  0.03564778028847204  0.03956806920052214  0.04363772062468713  0.04802420568947022
  0.05261456206668809  0.05731190306187039  0.06196442092700148  0.06658097268099121
  0.07121412947456617  0.07596904887271028  0.08096257240562928  0.08629034206612085
  0.09204149565584681  0.09810454474299035  0.10443232095176709  0.11099778756669011
  0.11761822384780035  0.12426043704484555  0.13127047841690861  0.13864867958512667
  0.14623480321408006  0.15417011788038612  0.16249282452735553  0.17106308078788390
  0.17970230407895219  0.18836506090464727  0.19720814734396924  0.20635414382594119
  0.21600599914586141  0.22636586714409374  0.23697331974388694  0.24782997845374644
  0.25896946295598605  0.27062751038996197  0.28290825019350396  0.29616786881108481
  0.31008893438750446  0.32483614704102909  0.34056849706925119  0.35697234760373209
  0.37408832145857079  0.39268241330336867  0.41202180739099153  0.43223111988761853
  0.45327036242883317  0.47539629073123713  0.49869811978249007  0.52283498080207469
  0.54810669410657087  0.57336996236446514  0.59711233441456402  0.61938167935719779
  0.64016377489646092  0.66027650633067148  0.67935744865472125  0.69744236914508428
  0.71460026829855150  0.73077571438083644  0.74621929586937363  0.76140377326076480
  0.77606382074658342  0.79020825777032833  0.80380528574000565  0.81702992750964420
  0.83000071194559577  0.84253632267260437  0.85480417131669573  0.86703334974792468
  0.87913925393560455  0.89058861786612242  0.90203723417083015  0.91351122248152972
  0.92500166984465459  0.93612200371416410  0.94693001874192317  0.95755501316475566
  0.96818180599688053  0.97874947868357265  0.98934263499756225  1.00000000000000000
 -0.00275649990956682  0.01061260447384940  0.02159992820572874  0.03180906503102511
  0.04206501055433325  0.05196280381258507  0.06164526863272728  0.07118446134869029
  0.08098023643351446  0.09141507710641406  0.10220965177920266  0.11244812779010216
  0.12256693148790551  0.13226142586138454  0.14191469426560066  0.15148511191893949
  0.16148470981871960  0.17197789223107923  0.18268294642630140  0.19278866962056806
  0.20297610176980660  0.21275038730215665  0.22252062006634923  0.23286287202174022
  0.24322393591828914  0.25413916669851888  0.26440350435149612  0.27504384735292414
  0.28668968069013806  0.29865183418163993  0.31142242358405819  0.32348589621908502
  0.33469697611162136  0.34521033648869515  0.35598440346481142  0.36749745953308061
  0.37851874249752676  0.38940643786597623  0.40039243516665102  0.41106673659534082
  0.42165106431049176  0.43128550013220929  0.44102692936558308  0.45068792288001069
  0.46097697339392107  0.47181676335294420  0.48288656367480298  0.49400671169122834
  0.50569261584293013  0.51701569769630851  0.52763888851977159  0.53784744659508554
  0.54855294168794178  0.55952221978759209  0.57045614066937467  0.58122759760679166
  0.59231648914148050  0.60318311196312857  0.61368565995049551  0.62361614911711927
  0.63311518380320686  0.64256689123518151  0.65281610770253740  0.66336636713412600
  0.67431643407074437  0.68505800770909386  0.69695725432319078  0.70923928696533667
  0.72116337540025943  0.73212195355752541  0.74253765184885123  0.75297137376696832
  0.76359006021222742  0.77431819637328247  0.78505074738236180  0.79564088071652528
  0.80598004870562412  0.81623360258896271  0.82654545637569232  0.83720462769763881
  0.84805137511401918  0.85958762858245263  0.87105458273638936  0.88156864536108104
  0.89166141149193778  0.90230073158809865  0.91322859398285805  0.92319578964519999
  0.93245972402350641  0.94171858779924733  0.95104953265635228  0.96053113853710015
  0.96966195098399410  0.97875969385045647  0.98918256187847431  1.00000000000000000
 -0.00294617044187372  0.01654610956756569  0.03157339039717988  0.04429906277812941
  0.05571124991634884  0.06733477957690230  0.07904211592739756  0.08977742983376476
  0.09968270440060403  0.10964431629671577  0.11960088276372982  0.12912342094675416
  0.13883933359251149  0.14855156869333930  0.15789932563334699  0.16670949354815878
  0.17548250538613711  0.18430830964876435  0.19338401780459602  0.20303849600877133
  0.21366190157633547  0.22561537144046795  0.23679365901396499  0.24803598923870218
  0.25872175948133769  0.26971667918717290  0.28073089419014569  0.29192657424611518
  0.30290843017684910  0.31350126794554406  0.32350530383274823  0.33350807995579063
  0.34303782633007573  0.35281999144460396  0.36261126719911779  0.37270820475503758
  0.38255127934959787  0.39187898102639618  0.40141433773874469  0.41141225519514091
  0.42165334634787421  0.43195463294823716  0.44319079854259202  0.45596932821858360
  0.46808464259091337  0.47977442723427410  0.49036987490996431  0.50123437488968847
  0.51169428980066678  0.52203976269653574  0.53266981052192619  0.54363748974346005
  0.55463707302201048  0.56521536792367622  0.57562080631242118  0.58674892764477482
  0.59839313981060482  0.60971076997389639  0.62071103702530883  0.63117072593534806
  0.64150257178569603  0.65102515081976664  0.66020356702886640  0.66974913786990287
  0.67934677386498921  0.68894515833185632  0.69885994796623796  0.70889321272974737
  0.71879958096260155  0.72819963053275338  0.73787740625227793  0.74797178432285594
  0.75819675865517000  0.76806688126878098  0.77790729479750076  0.78827326655142638
  0.79805737183826919  0.80731677716273031  0.81647041160138367  0.82574708821614917
  0.83550788233403561  0.84564658745239218  0.85540247805901004  0.86458085993346767
  0.87334243351611451  0.88208492355560775  0.89137753986353130  0.90143013705263819
  0.91205750031236066  0.92200736013198969  0.93156974559462580  0.94161335385130807
  0.95216978271931152  0.96396042622777411  0.97863972949461753  1.00000000000000000
 -0.02084784364771396  0.13042724642188178  0.17654806444682644  0.20618102114094541
  0.23046973565348708  0.25084518034947939  0.26939282469787929  0.28535361856656855
  0.29992946036873008  0.31309406877184903  0.32595886669525703  0.33788546894283122
  0.34865778280897619  0.35881849259969073  0.36870579196306730  0.37847393260577966
  0.38795622413910924  0.39697075593496373  0.40556048664609723  0.41417908007444409
  0.42297535787146967  0.43149518677025828  0.43941841131823417  0.44700294417781500
  0.45459651951158886  0.46239233797944118  0.47025113900670557  0.47790042958939055
  0.48525794611922157  0.49235035802493843  0.49931403970644822  0.50567606310231394
  0.51194979225563775  0.51808997303151305  0.52452095706543822  0.53122814112306294
  0.53807116728059357  0.54492718611458713  0.55158275146005076  0.55812032687681701
  0.56455571962039164  0.57076711806340474  0.57680473442391789  0.58273439314215647
  0.58827730559541491  0.59373062548533073  0.59905239204487815  0.60429942804796255
  0.60966736199338789  0.61520004272136442  0.62086980305897921  0.62647831356733530
  0.63205109285659811  0.63749694540552559  0.64283946695379157  0.64834554502401731
  0.65400626376563875  0.65975425448172398  0.66546500419121812  0.67090720207344334
  0.67628158820186368  0.68150735049877620  0.68663256503246817  0.69161665179960397
  0.69662339234040860  0.70173014996094096  0.70680086537846876  0.71189518414814512
  0.71708592053023379  0.72257774776493600  0.72818603984650598  0.73367854667870447
  0.73901992418738238  0.74426294077937405  0.74959040706668434  0.75522043325694910
  0.76110308610150690  0.76703281835954440  0.77336219061305822  0.77943070362075195
  0.78567019211583500  0.79190445610016647  0.79823935629501042  0.80460023937167613
  0.81101678672150956  0.81778640744494080  0.82497346732411381  0.83288513692762023
  0.84155150066608331  0.85089386296608926  0.86124949745710655  0.87268912953825151
  0.88639594817212097  0.90368195893920977  0.93264618193931037  1.00000000000000000
   2.4455203023137802E-015  -1.0000000000000000     
 F F F F F F F F F T F F F T F F F T T F F F T F F F T T T T T T T T T T F F F F F F F F F T F F F T F F F T T F F F T F F F T T T T T T T T T T
  <DiscreteSampler_grid>
  grouped_processes
  1 # 1 for a reference and 2 for a running grid.
  10 # Attribute 'min_bin_probing_points' of the grid.
  1 # Attribute 'grid_mode' of the grid. 1=='default',2=='initialization'
  0.0000000000000000 # Attribute 'small_contrib_threshold' of the grid.
  0.5000000000000000 # Attribute 'damping_power' of the grid.
 # binID   n_entries weight   weight_sqr   abs_weight
    10   10   9.824959560022024E-004   1.207340121594563E-006   9.824959560022024E-004
    11   10   9.824959560022024E-004   1.207340121594563E-006   9.824959560022024E-004
  </DiscreteSampler_grid>
