 -0.00038112619527099  0.00215921823863492  0.00361736456657086  0.00502725586380250
  0.00666179004989863  0.00848076246792095  0.01047803327701307  0.01263066011815750
  0.01499551977809975  0.01765502372094483  0.02046104568476914  0.02328332875789110
  0.02627803779970568  0.02947536334860233  0.03301773055720914  0.03663279047908648
  0.04025802349730630  0.04417840359199807  0.04862039274637257  0.05319188690343985
  0.05764907853284265  0.06203922862819489  0.06646352419320964  0.07095429027326614
  0.07562773838659445  0.08059065177877293  0.08585617439626654  0.09147645445773246
  0.09744646095407763  0.10338943217652791  0.10917211615201854  0.11493858800468727
  0.12101313627519522  0.12759535618165643  0.13450692575869078  0.14152321444012542
  0.14869933052641737  0.15624131968187932  0.16421651091082134  0.17262204010237833
  0.18148980195527936  0.19065002413193463  0.19996625466896850  0.20945062662815286
  0.21920231827142905  0.22955723465483682  0.24045204596574760  0.25152436247603877
  0.26348184025465521  0.27656219182582553  0.28993975022597007  0.30422046506577449
  0.31928658592791703  0.33502650593399008  0.35139984782001504  0.36861804922978703
  0.38702860867578687  0.40615852914917050  0.42745658705105455  0.45079915283777328
  0.47673897585048913  0.50349497202159221  0.52934407608200329  0.55248770452916895
  0.57589397443021573  0.59924338948598810  0.62028372879312288  0.64052067407446411
  0.66030254101432473  0.67935948611658237  0.69751682638074086  0.71467787905967650
  0.73087998555356193  0.74636936390347119  0.76154113317153538  0.77614509416887278
  0.79033061201613031  0.80391139594195393  0.81698840361049274  0.82965841943571406
  0.84180095278940170  0.85376746774988321  0.86552920812523437  0.87703478805127200
  0.88819925144277700  0.89912645919256151  0.90998473754744214  0.92081277889908841
  0.93165111604607787  0.94180905226209999  0.95186632813656502  0.96179491353819713
  0.97148619079023346  0.98110168803438003  0.99061036791816381  1.00000000000000000
 -0.00228521717516969  0.01109086770790574  0.02238433740706218  0.03325030665554916
  0.04374427587841098  0.05373061914524205  0.06387126724250264  0.07425952400997198
  0.08485105666697314  0.09560132945879853  0.10643393257836316  0.11800599845229272
  0.12884200818297431  0.13924640240500283  0.14994151211002896  0.16070761050507093
  0.17149358864299150  0.18213586552535624  0.19247736457535505  0.20272978700878644
  0.21351260459631297  0.22453018081799644  0.23512323825963996  0.24506016955407844
  0.25509207873157780  0.26502319687300191  0.27496364788094690  0.28468964619294090
  0.29470069156778639  0.30464333353766382  0.31475706354908906  0.32505044230769609
  0.33525331711679346  0.34538881210165040  0.35593882925580717  0.36666899801587399
  0.37767866415894186  0.38887904241156868  0.40032537630523191  0.41142676858367572
  0.42225538460395046  0.43331268064935541  0.44370891946123986  0.45337837424457783
  0.46270903554221410  0.47227579551134002  0.48238740648906370  0.49242980130568559
  0.50243332932319174  0.51247961797253316  0.52349844797441425  0.53573877415795468
  0.54787912004483830  0.55960771278497745  0.57103331370075416  0.58263974158504461
  0.59389292022668683  0.60481193821253942  0.61557058304914580  0.62600063555408247
  0.63648784703112449  0.64698226121809754  0.65744395482437434  0.66823347702030778
  0.67970344997597998  0.69121514051056421  0.70190320009317386  0.71211182089352631
  0.72218019844439429  0.73222728431073614  0.74200949413352302  0.75157318801776596
  0.76112882618028432  0.77077829794512642  0.78051915084934376  0.78981753208631644
  0.80028227209983438  0.81154431674478433  0.82340247258520993  0.83449481647564849
  0.84542771296938202  0.85602086337971595  0.86736126231075505  0.87784297047248228
  0.88787017483807673  0.89757436039010541  0.90749891660730775  0.91734243129157844
  0.92752356582796480  0.93790641036828681  0.94876677292174383  0.95932101611491694
  0.96966379867160302  0.98008512728497521  0.98997278520949850  1.00000000000000000
  0.00163613103781076  0.02079251940732733  0.03682982473249480  0.05035755012957191
  0.06288302367320338  0.07485096281456402  0.08657650801615517  0.09792524086092914
  0.10854929086749632  0.11799912919348728  0.12771981466120061  0.13765434949281394
  0.14765768727266240  0.15733618428891497  0.16684433913578389  0.17679847369981624
  0.18686157787375188  0.19641091372261754  0.20570377846027380  0.21525833443776710
  0.22508074116574164  0.23513434120227089  0.24524643377582131  0.25565093769047409
  0.26634644972487981  0.27728447726168060  0.28820281381216972  0.29836488598692290
  0.30779717788836902  0.31719567116566416  0.32656455604353130  0.33615268585573049
  0.34580682975307375  0.35586790495896237  0.36624486271747764  0.37664422199528341
  0.38719054069105252  0.39765788337834884  0.40801060414996254  0.41792269333768578
  0.42736285118209372  0.43642969428408657  0.44547749461914349  0.45452925454260124
  0.46358518960998168  0.47262903251987420  0.48161505294821993  0.49070303354596823
  0.49936056992864131  0.50843408752279262  0.51732477821759504  0.52676544966855288
  0.53574610704459091  0.54514974020601747  0.55450494507765336  0.56391232028942739
  0.57293503394410761  0.58185203668290952  0.59042090520700130  0.59851782452134916
  0.60653443900186266  0.61469618126648962  0.62319784777996767  0.63197629851971393
  0.64079482734204685  0.64957214220766990  0.65844014098536108  0.66735280210238646
  0.67622970994539322  0.68479478694848572  0.69276297182308777  0.70024207061806309
  0.70772101341219384  0.71564916993689887  0.72406883601096295  0.73271394766563414
  0.74125095287250986  0.74983612063375393  0.75903463748485289  0.76896504947157762
  0.77867280961805119  0.78822566858065657  0.79801118113925973  0.80835262673116781
  0.81830034094489035  0.82837773427233619  0.83906038616239553  0.85032290868402893
  0.86106253425906576  0.87201105624557007  0.88441456617964509  0.89763016448796784
  0.91198757111880557  0.92940831936329049  0.95357786050669380  1.00000000000000000
 -0.01543980831662973  0.09631400348347893  0.13764884895527679  0.16363771215716785
  0.18370722101277420  0.20013361079887193  0.21439322908529515  0.22713534891405451
  0.23868871801503114  0.24880701319530116  0.25796209639092216  0.26664117554630129
  0.27533388832966099  0.28373559282624211  0.29194924061138716  0.29999463676932581
  0.30775621594276908  0.31528777178466899  0.32282582608251886  0.33033671752397636
  0.33771776490437283  0.34506250857058435  0.35241158412501783  0.35952636019380163
  0.36632499956791859  0.37275014412814544  0.37929961997965361  0.38560413006661887
  0.39235748419432365  0.39863461886565527  0.40475784013686872  0.41073721804466296
  0.41639004421180625  0.42172643203677856  0.42697882870953102  0.43240431597954770
  0.43799892029184934  0.44353796623708563  0.44888586668936398  0.45430712398972917
  0.45960958035065091  0.46496620494903379  0.47031548812889690  0.47572407229971092
  0.48128589702339064  0.48689644119806319  0.49239471929713846  0.49777465447988112
  0.50323800149537568  0.50898656766951478  0.51494445215057305  0.52083308952949015
  0.52661675284964227  0.53227375303365665  0.53761650700381003  0.54301796945578851
  0.54844188131932625  0.55387998660215787  0.55930310831356878  0.56472959831739100
  0.57024498724964834  0.57594202823896978  0.58193640193040685  0.58784683600009557
  0.59377537922382362  0.59970807109395807  0.60567046568927052  0.61158622094033877
  0.61754411520697128  0.62344787287172132  0.62934230028151916  0.63530729189761170
  0.64137915399635670  0.64781080406460245  0.65461680873959793  0.66167560394333980
  0.66867525534510108  0.67582838990800154  0.68324766928861513  0.69119238247226655
  0.70055483392850904  0.70996953802389673  0.71996990313385389  0.72991846246021219
  0.73940363700013723  0.74922802982134429  0.75934332955881667  0.76982363714162805
  0.78084101744439238  0.79270682501515444  0.80713024694835445  0.82381576814627511
  0.84486421306725512  0.87162653434130133  0.91003772860613252  1.00000000000000000
   3.7192521160358524E-016  -1.0000000000000000     
 F F F F F F F F F T T T T T T T T T T T T T T T T T T T T T T T T T T T F F F F F F F F F T T T T T T T T T T T T T T T T T T T T T T T T T T T
  <DiscreteSampler_grid>
  grouped_processes
  1 # 1 for a reference and 2 for a running grid.
  10 # Attribute 'min_bin_probing_points' of the grid.
  1 # Attribute 'grid_mode' of the grid. 1=='default',2=='initialization'
  0.0000000000000000 # Attribute 'small_contrib_threshold' of the grid.
  0.5000000000000000 # Attribute 'damping_power' of the grid.
 # binID   n_entries weight   weight_sqr   abs_weight
    10   10   1.187735966716215E-001   2.227062430266721E-002   1.187735966716215E-001
    11   10   1.187735966716215E-001   2.227062430266721E-002   1.187735966716215E-001
  </DiscreteSampler_grid>
