 -0.00003792642428419  0.00050348893614434  0.00092622644878382  0.00132822863173510
  0.00171326835004871  0.00209164120976384  0.00250476102105863  0.00290601213390136
  0.00329043476473575  0.00367389279874765  0.00403360990892817  0.00436819600010775
  0.00469125773472157  0.00501930562608424  0.00535507640427828  0.00568875833478176
  0.00598635989274467  0.00626327289188256  0.00656589787971524  0.00689155075389158
  0.00723782835864034  0.00757623429211783  0.00792135002736089  0.00828071065770920
  0.00861222548336403  0.00891060488454973  0.00919448623538387  0.00948851862307618
  0.00980467090698934  0.01015645700397939  0.01049824382717434  0.01082295008549332
  0.01113410608560684  0.01142410404616871  0.01170148357803240  0.01196647418241671
  0.01222280248753145  0.01248131255866315  0.01274991804960482  0.01302088006892517
  0.01331183656755171  0.01360121254222137  0.01386972138733085  0.01412334910189547
  0.01437271935465812  0.01461311877224652  0.01485721218075141  0.01510885049614660
  0.01536270616461216  0.01562440185023567  0.01589579913219346  0.01621077779102411
  0.01658488128885092  0.01690202826175292  0.01721203294817708  0.01752805674377464
  0.01785492254088788  0.01818212349666866  0.01848980273026237  0.01876390757492651
  0.01902331462416112  0.01926920858684695  0.01950317965414528  0.01978060045963387
  0.02012359688891828  0.02060919018068297  0.02102936531467284  0.02141058299031292
  0.02219998603754321  0.02332125208369679  0.02458914188316931  0.02592733714444082
  0.02780981324525889  0.02971903050737686  0.03152008701926591  0.03328302041684489
  0.03476734127824607  0.03602110989593611  0.03785202136146189  0.04033538816533545
  0.04211043369332891  0.04377461701867413  0.04531605997501003  0.04729744196161704
  0.04999447967941365  0.05382490684485114  0.05672045997460226  0.06003192023049675
  0.06268970247767498  0.06555390804296049  0.07052563214731766  0.08765280428582262
  0.10664026729536222  0.12555861647911640  0.16010715112764476  1.00000000000000000
 -0.00261794441446873  0.01116571794129583  0.02219216818199042  0.03225641152489984
  0.04188265044041016  0.05287313258914027  0.06413995761503929  0.07510821543211929
  0.08712509560795202  0.10152472921347468  0.11756962778924068  0.13070031627596879
  0.14013105529082989  0.14949046294233007  0.15842230021544440  0.16670415456567209
  0.17512016445643189  0.18391870992681819  0.19364430869849955  0.20343048336187783
  0.21450119968520451  0.22766026076469542  0.24034871371807970  0.25278643921138411
  0.26504250316782962  0.27571574750901495  0.28518324496799263  0.29401182177799517
  0.30225884655086172  0.31261688078101374  0.32340080961495604  0.33470719645428793
  0.34619579767322473  0.35681683875970066  0.36693416808226531  0.37628610057832668
  0.38522414686189582  0.39438451548872666  0.40298276033923780  0.41036289193818332
  0.41733497528666091  0.42442230649852153  0.43412122708371431  0.44661968498256766
  0.46064131607834319  0.47064346270294782  0.48015116813259046  0.49065456620394288
  0.50322139233376839  0.51623091099609597  0.53096186824782754  0.54587547659507729
  0.56049471460106071  0.57415254153271555  0.58509581874223959  0.59398452068789076
  0.60266163307622633  0.61183001435163309  0.62402464418935921  0.63720488826755683
  0.64943709323642140  0.65861727813148740  0.66813041604287959  0.67840321913830015
  0.69069133979788644  0.70434444692694342  0.71770556736365287  0.73110072169447760
  0.74276492744412770  0.75250049974231770  0.76010735325278311  0.76870548715103659
  0.77830944520114709  0.78887711701299501  0.80015726831504252  0.81081396059088062
  0.82134650864936587  0.83110260734068031  0.84041382307725232  0.84969216106191581
  0.85930211289833591  0.86939840227716569  0.88232745831159831  0.89619933077925762
  0.90694380850118617  0.91690146895470148  0.92666264666709908  0.93602506241517913
  0.94344232735681388  0.95088264630258812  0.95881894574043514  0.96836135717289551
  0.97764379528311074  0.98606868102852774  0.99331702968888569  1.00000000000000000
 -0.00387780808461863  0.06107934856283882  0.10870259455836496  0.14826157774354834
  0.17906950032617452  0.20675588337723305  0.23438735315220893  0.26171234287946460
  0.28729080973482912  0.30974880152107132  0.32924173731093265  0.34949762268025286
  0.36932427075745311  0.39065705398952405  0.40978730146156955  0.42606110937358210
  0.44080745076578415  0.45672454108545002  0.47420786580265645  0.48799280799052180
  0.49894533738819136  0.50919721878812785  0.51961649256807441  0.52946389315297193
  0.53887172402960914  0.54804185558198937  0.55755555027741521  0.56616372201593756
  0.57473784622991508  0.58265324630133963  0.59027087024035174  0.59731079170008439
  0.60462790779383702  0.61234387088427022  0.62063859189208326  0.62912122273664195
  0.63712524875024568  0.64489734001012899  0.65216829252884145  0.65916363013934798
  0.66620503179775103  0.67303858267709604  0.67955588134148570  0.68575658374791071
  0.69103806232583909  0.69652637599771017  0.70191091092911528  0.70719111218994790
  0.71254333996190000  0.71815460423420130  0.72412179901540952  0.72981008030660910
  0.73433391301306905  0.73858742964575441  0.74288788909662740  0.74729389463884721
  0.75153481478859441  0.75528384248258362  0.75885479070253581  0.76252269601850287
  0.76648583590311514  0.77059905218764690  0.77449303108037415  0.77815478070899624
  0.78175109763906836  0.78531522230291340  0.78871752501442849  0.79226034264385892
  0.79622047275266739  0.80026727027206412  0.80422365993274203  0.80804111741054796
  0.81196016690319184  0.81623817010390087  0.82043857026832012  0.82432462213317181
  0.82800487814186563  0.83156750893678055  0.83538636185943038  0.83916293750878046
  0.84307933462736062  0.84762151714653955  0.85276830102335244  0.85779824430808171
  0.86292385006197581  0.86826917065998999  0.87420218439859654  0.88346864671831893
  0.89341592925542934  0.90208285155804935  0.91073103846846015  0.92113778592152507
  0.93355823184469267  0.94554029907044401  0.96168095573157619  1.00000000000000000
 -0.01077825451736035  0.09133628097553247  0.14181839153824063  0.17199390523509672
  0.19592673055818824  0.21667858944947166  0.23367045117928426  0.24703641877286006
  0.25801526015771115  0.26822898773638737  0.27769109059695374  0.28629417309898286
  0.29410191332475683  0.30111194257755547  0.30793989040582803  0.31523901940703808
  0.32324626108993315  0.33123888330666607  0.33816059765730699  0.34444898213365238
  0.35094460663006805  0.35771520377330079  0.36437528164038208  0.37045626855320180
  0.37618388591930119  0.38166532663771091  0.38708679619345915  0.39267928236204563
  0.39849140516547682  0.40485130085488702  0.41165840344781668  0.41823851025724323
  0.42397606522362979  0.42962175504201400  0.43488087187337815  0.43953362020236009
  0.44469153073656381  0.44998052320369780  0.45530827485287628  0.46062048983863141
  0.46590601378107760  0.47118995600537811  0.47618346594673394  0.48142650419601157
  0.48681845881132230  0.49204272041935432  0.49768842498891347  0.50357352240903197
  0.50974377174128127  0.51594145956536419  0.52129207659223853  0.52688657503269543
  0.53221990971672861  0.53748494533457547  0.54296676749412021  0.54811204137866054
  0.55302061397349100  0.55821519855446389  0.56410598151306768  0.57050179974586068
  0.57763052526628167  0.58364705196386835  0.58976072561285597  0.59588139024864517
  0.60180121868258662  0.60797168531675894  0.61461214140293796  0.62148668550454889
  0.62800468062709081  0.63324109947610818  0.63888034759821732  0.64393573961049866
  0.64944139975865744  0.65357535752180640  0.65806198899328250  0.66257385709128036
  0.66795609659660926  0.67393868655038836  0.67981010569138800  0.68602915148647925
  0.69412488652453153  0.70414975492840737  0.71362933114109117  0.72332733731065646
  0.73258528169610071  0.74079348658952304  0.74927219078641538  0.75819119787147815
  0.77031421352097962  0.78379046310703471  0.80006729736780857  0.81830854592048030
  0.83619811989732540  0.85769349010618345  0.90052121542697505  1.00000000000000000
   2.7447287146213585E-028  -1.0000000000000000     
 F F F F F F F F F T T T T T T T T T F F F F T F F F F T T T T T T T T T F F F F F F F F F T T T T T T T T T F F F F F F F F F T T T T T T T T T
  <DiscreteSampler_grid>
  grouped_processes
  1 # 1 for a reference and 2 for a running grid.
  10 # Attribute 'min_bin_probing_points' of the grid.
  1 # Attribute 'grid_mode' of the grid. 1=='default',2=='initialization'
  0.0000000000000000 # Attribute 'small_contrib_threshold' of the grid.
  0.5000000000000000 # Attribute 'damping_power' of the grid.
 # binID   n_entries weight   weight_sqr   abs_weight
    10   10   2.002569190453433E-014   3.043993695078285E-027   2.002569190453433E-014
    11   10   2.002569190453433E-014   3.043993695078285E-027   2.002569190453433E-014
  </DiscreteSampler_grid>
