 -0.00008941635699488  0.00089673502688266  0.00206039118182722  0.00373601596317840
  0.00595688693110576  0.00871626927042151  0.01204613274669476  0.01580937795831668
  0.02006267882781350  0.02485984909891560  0.02979633095989125  0.03487078418860918
  0.04017946931451779  0.04566799945326126  0.05146480947705220  0.05773148128375273
  0.06430535119531464  0.07110862023263630  0.07803512097344992  0.08485135578253136
  0.09173994766127706  0.09889361417150264  0.10663232973211545  0.11473178626551520
  0.12293842624754175  0.13115594739181619  0.13981736944051928  0.14887686994004395
  0.15817502775897438  0.16756899293618133  0.17702914061770009  0.18661407644148970
  0.19621672261561532  0.20590886780644102  0.21568659027195888  0.22544926100809773
  0.23498894473027207  0.24475130146230822  0.25473527514088112  0.26480039692905583
  0.27515642822021874  0.28607530509189527  0.29757889651550273  0.30904607314366644
  0.31977831276967678  0.33059288149140925  0.34156343485834251  0.35281990879465475
  0.36428581820690470  0.37564384152871988  0.38695447593089960  0.39835072425826856
  0.41013112527493278  0.42228268914872502  0.43433907363777458  0.44652702695613722
  0.45859650784862421  0.47078531098352122  0.48327372390670342  0.49602172059623212
  0.50899421660764987  0.52236976937772650  0.53630643151181712  0.54991088230390694
  0.56356148233688974  0.57738029261733492  0.59111106068254504  0.60474221700313602
  0.61848680200664763  0.63227519981715596  0.64605302605902515  0.65975303214544334
  0.67335240022512166  0.68686153110860337  0.70033804580493675  0.71385002481195048
  0.72726762582954751  0.74055643952190109  0.75376636125544660  0.76702805353036396
  0.78049592854512695  0.79420700174959591  0.80812581749803292  0.82219711449177557
  0.83635962645855833  0.85056612391800701  0.86483667707326117  0.87906430078506281
  0.89322008503616457  0.90743718361836812  0.92210979810206462  0.93707061722945439
  0.95237333968088589  0.96795053304862699  0.98380047707227158  1.00000000000000000
 -0.00165218126920273  0.00907339850095197  0.01845794019961011  0.02835329377313060
  0.03888138415196493  0.04919134766627894  0.05911711534701869  0.06944129358476066
  0.07972076651063315  0.09050498410907171  0.10097029889633030  0.11195486518671859
  0.12334156776086588  0.13454704024224715  0.14561453137150143  0.15593430523846355
  0.16618460112032096  0.17628312966792434  0.18621175275990329  0.19598464435073928
  0.20606055769262679  0.21671921185608750  0.22730806622226707  0.23773187587943354
  0.24794215706786460  0.25805478317101216  0.26811408848352003  0.27787287884988476
  0.28783449308380754  0.29827250141597800  0.30927695678527861  0.32011248296446898
  0.33084520780393328  0.34189689968309245  0.35297585530084330  0.36370083874741244
  0.37424183916996107  0.38493556085109731  0.39542969451879156  0.40571304848007106
  0.41616494480278793  0.42713735526604818  0.43825366113342651  0.44890467484208879
  0.45935962867844321  0.46984280626421987  0.48070093244274353  0.49133430561678548
  0.50172958828344938  0.51160532665001124  0.52135696202501147  0.53072711144560725
  0.54038405593165517  0.55058462412372910  0.56071165762849706  0.57087104477251183
  0.58083123103074996  0.59081078794104946  0.60114120061431886  0.61207686609120615
  0.62311977596444557  0.63376158525430981  0.64411578251573576  0.65459498315292242
  0.66499193506503651  0.67499805116009470  0.68517346505520327  0.69602269055197241
  0.70702365762361774  0.71729002297192090  0.72719954319839486  0.73746721616431721
  0.74755062907432468  0.75760991117470999  0.76770278131593261  0.77867838219400420
  0.79029216429844862  0.80178890796095548  0.81293317046737634  0.82330670636042225
  0.83372853187965845  0.84474039114480937  0.85642298565346153  0.86834395230355976
  0.88104049678379515  0.89392268939005615  0.90524690402852959  0.91577577856179782
  0.92566792928999053  0.93487664809678728  0.94424333986634068  0.95407396790765464
  0.96518445241630879  0.97587019066880909  0.98780554373860652  1.00000000000000000
 -0.00255255324157979  0.01716022604346001  0.03226581452080859  0.04489600887602645
  0.05600353340783180  0.06641542310057584  0.07660110002198779  0.08637771745411771
  0.09583891552230078  0.10524657997273859  0.11473056096367802  0.12396213264756330
  0.13295775196670115  0.14195447059751778  0.15096604904057095  0.16001813881894369
  0.16870110681776559  0.17658733574086102  0.18466248510231933  0.19210917477227882
  0.19935596678836626  0.20681492007491850  0.21441460412336877  0.22201476129664599
  0.22940578167671874  0.23642167927550214  0.24326157514614891  0.25003690247126509
  0.25713444352879933  0.26455662811257991  0.27180507552133493  0.27883853283208615
  0.28589718904662048  0.29335226553087879  0.30104764213212548  0.30895943425651057
  0.31656676902931791  0.32421355172659616  0.33180891941087071  0.33968623422598049
  0.34762309753188519  0.35528790182942394  0.36260613357210736  0.36978457227959666
  0.37695023389059734  0.38392430196004174  0.39093439098084659  0.39784678270039431
  0.40432441846754136  0.41084358901009965  0.41735497060222815  0.42403044199450207
  0.43076919876477304  0.43731220829496115  0.44438249775577365  0.45144852135910868
  0.45895197647746938  0.46666635950479279  0.47466156954923766  0.48254421994094560
  0.49050589068433165  0.49823556231673560  0.50589649580137186  0.51356033834229642
  0.52150073900265725  0.52989240681446836  0.53868355739706042  0.54767989081683421
  0.55686067375209070  0.56620416580381872  0.57550209814226949  0.58472929865897161
  0.59406362503341281  0.60355538339719572  0.61344831480500916  0.62340457430767249
  0.63397764594444883  0.64478326361323757  0.65549170335716278  0.66603822186232797
  0.67677898972907480  0.68821644974410678  0.69999215451614116  0.71157723798802330
  0.72318233252214914  0.73569739671948342  0.74918072597585672  0.76296029577220448
  0.77887754095435391  0.79681811631249566  0.81471117427845829  0.83426554611860382
  0.85628842692188412  0.88186070204300160  0.92311275132575621  1.00000000000000000
 -0.01847825203467141  0.10748641961957013  0.14662098769486887  0.16786222297114481
  0.18522389824607774  0.20003026839517790  0.21335979619758397  0.22543229008127769
  0.23641210172566798  0.24655523620410560  0.25653192208887005  0.26622625971654923
  0.27542508846235519  0.28463965204591635  0.29378671433518699  0.30339582778434171
  0.31221539635114820  0.32000600861927364  0.32741322613757767  0.33453987904360094
  0.34164965312336937  0.34878472063193033  0.35562383752768967  0.36197703427619160
  0.36796299983479319  0.37396486963498582  0.38020448042572708  0.38668785793619181
  0.39321495554076441  0.39986965611278164  0.40658513875187552  0.41312360024000760
  0.41946989049282124  0.42591713598916459  0.43229046924766718  0.43834213965929097
  0.44418293827963184  0.44980168429769746  0.45538213892378687  0.46129627612340823
  0.46693494038703648  0.47240134277255275  0.47766502976530750  0.48294942803881330
  0.48811472434644393  0.49350659041946265  0.49887562223954462  0.50414359468462744
  0.50942534561095876  0.51487832116826593  0.52031998736504326  0.52556595006312656
  0.53075921318007424  0.53599608282465272  0.54154596080110995  0.54689277695579319
  0.55224996033889628  0.55755208148958080  0.56282741567281103  0.56807241886233373
  0.57328294981662264  0.57849781578641479  0.58401469330187672  0.58983924768035223
  0.59568344189099443  0.60155284941905118  0.60756411587280834  0.61384835717645247
  0.62043680270857338  0.62721724910489263  0.63405546176856631  0.64083471219568477
  0.64739394335629885  0.65428192826614395  0.66109396606497850  0.66811409048498271
  0.67562416939761361  0.68361107466731319  0.69163996140198769  0.69970941579756996
  0.70785436381369948  0.71579020494437906  0.72363133823808090  0.73152100741564963
  0.73976848054382105  0.74857540490626551  0.75784217330350312  0.76760775627856348
  0.77895275960232735  0.79151727166312691  0.80524230537022778  0.82035965413884782
  0.83741574864333002  0.85826921356636587  0.89235060610890626  1.00000000000000000
   1.1875704356621199E-003  -1.0000000000000000     
 T T T T T T T T T T T T T T T T F F F F F F F F F F F F F F F F
  <DiscreteSampler_grid>
  grouped_processes
  1 # 1 for a reference and 2 for a running grid.
  10 # Attribute 'min_bin_probing_points' of the grid.
  1 # Attribute 'grid_mode' of the grid. 1=='default',2=='initialization'
  0.0000000000000000 # Attribute 'small_contrib_threshold' of the grid.
  0.5000000000000000 # Attribute 'damping_power' of the grid.
 # binID   n_entries weight   weight_sqr   abs_weight
    10   10   2.342819540658599E+007   5.811302723395031E+014   2.342819540658599E+007
  </DiscreteSampler_grid>
