 -0.00037350026885908  0.00208306491400840  0.00348510064019572  0.00482556615885102
  0.00635542872332160  0.00804988092194523  0.00991678146177967  0.01191746812051452
  0.01411133531873347  0.01652122691731120  0.01918124318059013  0.02185719722647921
  0.02466774371580934  0.02764962188059741  0.03089989318551488  0.03436708424244736
  0.03783562873442276  0.04140199030164826  0.04536390145715294  0.04979805515425092
  0.05421978406234525  0.05852876991865730  0.06281900003461453  0.06717720113040691
  0.07167325099663141  0.07637040626741214  0.08137410198391826  0.08667847502264112
  0.09239307665374431  0.09838896815351772  0.10426423412963769  0.10993845730763521
  0.11579099341843427  0.12213594971637196  0.12891983395818621  0.13593034119380290
  0.14311689573792336  0.15057453177618052  0.15841153961891283  0.16672503962039825
  0.17565598650250466  0.18496431029462629  0.19453884738704164  0.20433929715338556
  0.21442973353390668  0.22504918074081864  0.23634709663118689  0.24800438835432434
  0.26023069725875581  0.27359874958594599  0.28751928101285007  0.30210024355969589
  0.31789694073613795  0.33462814713847416  0.35154547829586658  0.36918261150996501
  0.38756358920943124  0.40604390484658731  0.42687020067564629  0.44910348519507021
  0.47375289411553601  0.49876358629853601  0.52373145854676573  0.54586266300202924
  0.56821299998028085  0.59128173570865716  0.61260799789255682  0.63322920518652226
  0.65376336898562937  0.67387327072067083  0.69283635064766591  0.71067395235756137
  0.72767878714013690  0.74414426667450340  0.76036750861452973  0.77593552715308978
  0.79087180472455232  0.80504115808317966  0.81864297413715581  0.83176359247471654
  0.84441647749718651  0.85681892949207350  0.86890129983924724  0.88055962311493985
  0.89175658738809249  0.90264688058112708  0.91338705181986890  0.92404443967359118
  0.93460879526258334  0.94448356646336384  0.95418375129076249  0.96369404416419169
  0.97295845763492184  0.98208213967090552  0.99109553107058224  1.00000000000000000
 -0.00233938614120040  0.01119536819169452  0.02269690183683425  0.03370727965207967
  0.04429534273651297  0.05443589624161396  0.06462566479448280  0.07502542367954787
  0.08555429387278152  0.09629171692534039  0.10713503498520549  0.11867235315105035
  0.12927306015613702  0.13960230220611422  0.15015149510211731  0.16085625457279931
  0.17164677515635210  0.18234180730475427  0.19268161082894344  0.20287029314084418
  0.21361275958517237  0.22470483803263341  0.23537663619388760  0.24536911053831098
  0.25532556796390382  0.26515723823491388  0.27493384581414537  0.28459039316320972
  0.29454500675949719  0.30446008908085886  0.31454568160107615  0.32481300954452369
  0.33502419100913117  0.34522178200610881  0.35589297575525469  0.36668563508429347
  0.37765919138618725  0.38875566390667426  0.40002878497258737  0.41090469527745849
  0.42153932755179424  0.43245519754676270  0.44283837383349850  0.45256640339281612
  0.46197683287692337  0.47167186683574219  0.48193741584092609  0.49213005419399525
  0.50216618336749697  0.51208000903839779  0.52282995145407574  0.53484898210449328
  0.54692131293907953  0.55865644592276187  0.57009086949855436  0.58172294560081306
  0.59302523577129629  0.60391414590889692  0.61465512367404795  0.62511109392456476
  0.63564273045571118  0.64614450558181757  0.65662577158808910  0.66745531547994064
  0.67900202442251256  0.69062791769655107  0.70134287640221427  0.71160700017443401
  0.72177841214734650  0.73191478402179289  0.74173081767961391  0.75140328434159787
  0.76114272586219389  0.77094254777533200  0.78061473663668912  0.78980637879720039
  0.80026976055898891  0.81137943586702610  0.82318796045984999  0.83422575813170652
  0.84524194813883802  0.85592292141496529  0.86735260923059665  0.87784219172322453
  0.88786001351409161  0.89759228497522314  0.90755761633882848  0.91741951517649434
  0.92757275175046405  0.93793887363838002  0.94871920259264708  0.95919983576409962
  0.96958620280495611  0.98009920428968922  0.99000252499208552  1.00000000000000000
  0.00165340687603048  0.01986291005160372  0.03505528426965194  0.04782071196393858
  0.05967742975388990  0.07102934647250067  0.08201012879332309  0.09270343725147451
  0.10298179021568635  0.11213618935251121  0.12108175369229085  0.13021250258672123
  0.13959426223112703  0.14896686840414650  0.15769569066198111  0.16650068229606593
  0.17573436620653940  0.18514579382826643  0.19402659258759480  0.20293951749543143
  0.21204539112482643  0.22135035407470066  0.23061638795876643  0.24003672701308723
  0.24963480426727622  0.25965497882239957  0.26977678824530038  0.27989238469730848
  0.29002212168745217  0.29914463900151805  0.30805075217749678  0.31697011783062601
  0.32604648217151594  0.33523233707147393  0.34443745313746726  0.35398417171028279
  0.36370299811344486  0.37366497355990891  0.38349689684097638  0.39367805205378154
  0.40334512559837343  0.41283418924246523  0.42184259846750050  0.43068268771861934
  0.43959853474855493  0.44846337714942480  0.45731737681423346  0.46612816501018761
  0.47487345705929779  0.48356396481821684  0.49236639637841173  0.50123212037878861
  0.51023445673109891  0.51928683404125164  0.52830301808274738  0.53736414128874144
  0.54645159287214284  0.55571776300545317  0.56483765406811426  0.57359832523316245
  0.58208121177834560  0.59006483856344183  0.59812429360691666  0.60655802439257300
  0.61530077895136825  0.62423689324817189  0.63302606916875237  0.64183948852740469
  0.65087013820809847  0.66036268986112112  0.66948162591267979  0.67795149017603240
  0.68574450243021090  0.69346053784249861  0.70134943233875169  0.71009305688387148
  0.71886143154390503  0.72712397401971596  0.73575019229937733  0.74482007736166300
  0.75481851274855627  0.76513119771282090  0.77537380465981920  0.78562171442913320
  0.79665772387761657  0.80837743582568566  0.82004597343034857  0.83202912652409122
  0.84414093241130550  0.85653372580677656  0.86907038598401909  0.88347682573883424
  0.89914429548435659  0.91855828680446860  0.94608618070807116  1.00000000000000000
 -0.01554120898549320  0.09670713600980782  0.13766277483314004  0.16348318805110282
  0.18343931641374350  0.19981162835212649  0.21407389686502562  0.22680954250251043
  0.23836318487445371  0.24844893228178369  0.25760355564223836  0.26626183475595233
  0.27494770281791703  0.28336107470716360  0.29160593844508748  0.29968262165092924
  0.30745446517638247  0.31499251474328316  0.32254024978477430  0.33005566468892023
  0.33742622864246352  0.34472670161544938  0.35199750036044164  0.35908246532161092
  0.36590612521471427  0.37231199167312146  0.37889388991874040  0.38521355006043462
  0.39194925927579166  0.39829793830266169  0.40442294225581404  0.41039775356102154
  0.41608349994677873  0.42144449876349382  0.42670853818115406  0.43217037122834834
  0.43783171574995389  0.44341145056796122  0.44882614000855636  0.45423447008552925
  0.45955034448010135  0.46487871992489760  0.47025213072353378  0.47566870983864462
  0.48127114061010035  0.48694481126214106  0.49249484526702014  0.49793016694810077
  0.50343685941554850  0.50915514740056178  0.51508181573448542  0.52094901323949017
  0.52671611251132011  0.53239203397680557  0.53772069641042297  0.54308140266159577
  0.54848751761643955  0.55394396519397038  0.55938562830898664  0.56484761775875147
  0.57036775336652634  0.57598884578130793  0.58187596308958034  0.58774170508024504
  0.59362081297192171  0.59953132500120809  0.60548069563811568  0.61143713308843484
  0.61745391758234680  0.62338542161970356  0.62930669884895518  0.63527847452727215
  0.64140929661250168  0.64794872835205342  0.65490592895666544  0.66208396909761591
  0.66919625261085747  0.67640875014382273  0.68390981479662505  0.69196668942418216
  0.70133631125942397  0.71081751942416416  0.72086357171855175  0.73071466928684270
  0.74008281393849618  0.74984519022107932  0.75987174327856877  0.77029327264658665
  0.78115789275589786  0.79297838410267829  0.80734090555076010  0.82396231838971601
  0.84494583157438252  0.87168026927940268  0.91029601657342851  1.00000000000000000
   3.3925232496766313E-016  -1.0000000000000000     
 F F F F F F F F F T T T T T T T T T T T T T T T T T T T T T T T T T T T F F F F F F F F F T T T T T T T T T T T T T T T T T T T T T T T T T T T
  <DiscreteSampler_grid>
  grouped_processes
  1 # 1 for a reference and 2 for a running grid.
  10 # Attribute 'min_bin_probing_points' of the grid.
  1 # Attribute 'grid_mode' of the grid. 1=='default',2=='initialization'
  0.0000000000000000 # Attribute 'small_contrib_threshold' of the grid.
  0.5000000000000000 # Attribute 'damping_power' of the grid.
 # binID   n_entries weight   weight_sqr   abs_weight
    10   10   1.147992107208766E-001   2.161885305394378E-002   1.147992107208766E-001
    11   10   1.147992107208766E-001   2.161885305394378E-002   1.147992107208766E-001
  </DiscreteSampler_grid>
