 -0.00003491831599461  0.00061533146104747  0.00119496093066363  0.00178861024581076
  0.00234161642332825  0.00286157839267664  0.00337114027731940  0.00383854290197091
  0.00429163058334935  0.00478476118635845  0.00528480142548158  0.00574767177258565
  0.00621196488420431  0.00665805521119931  0.00710774418359622  0.00757525230637075
  0.00803770502220897  0.00848989153152058  0.00896716171761483  0.00947437684780848
  0.01001474829712798  0.01059358421242734  0.01123009083861173  0.01182480462037775
  0.01226683306825186  0.01271001267748127  0.01315046531035339  0.01349794796533042
  0.01385516773745598  0.01421776099210783  0.01458347900985521  0.01491916863099739
  0.01523719154033683  0.01556592514894354  0.01589584724156002  0.01621489540844568
  0.01654294058094162  0.01689643098694899  0.01726744953358357  0.01763986984364687
  0.01802533098507403  0.01842863495131238  0.01883149754559281  0.01916059730049606
  0.01943252791817523  0.01985780188516513  0.02028165530167167  0.02082310062576808
  0.02136513024197188  0.02197349953876817  0.02260996831365356  0.02318800159572612
  0.02372367935883435  0.02423138021693197  0.02479874393183875  0.02541130088794290
  0.02605303169739353  0.02671027381468374  0.02729025905924761  0.02783622440925776
  0.02838174871188830  0.02905329888537333  0.02981584014926312  0.03047919686961735
  0.03116498573111496  0.03178179750975341  0.03237380716809393  0.03304885128278011
  0.03373533665798246  0.03460664529846429  0.03561507623116369  0.03651863275430183
  0.03752384600143462  0.03895688710673299  0.04018708293333145  0.04128481870806252
  0.04241819589100979  0.04356346060201235  0.04458150888040054  0.04560343752237397
  0.04689690684145718  0.04819882322442364  0.04953542307700350  0.05103901275997158
  0.05275836986749034  0.05471202516491347  0.05644786211853706  0.05790100487975220
  0.05969477802222727  0.06189708664163998  0.06578151507662450  0.07177815547237365
  0.08521955200334633  0.13131567763131544  0.23283796262170103  1.00000000000000000
 -0.00324727465467169  0.01369714785872684  0.02548444865327761  0.03560208412062643
  0.04497568652832126  0.05367017658692159  0.06215474147191770  0.06944879893662258
  0.07650554764799498  0.08375396923780754  0.09217577859070762  0.10145939048374590
  0.10941328304169039  0.11618807540105107  0.12299810448462985  0.13001912056308718
  0.14011329352897459  0.15187356319969508  0.16482107497764606  0.17503376486689534
  0.18384703250327705  0.19312237442818736  0.20279416254140667  0.21566361678057297
  0.22733162285426398  0.23658583354911100  0.24437135109508135  0.25165299569940519
  0.25934273313306277  0.26848568081506813  0.28010093048293999  0.29027097697219195
  0.29819284950812047  0.30552326205065433  0.31403377449521935  0.32377825559198203
  0.33470026628037086  0.34483382357980619  0.35390556191475919  0.36337929678733094
  0.37322268789113472  0.38174240692844280  0.38940113380138619  0.39819248135883789
  0.40646321339642971  0.41544513024548918  0.42922256632862976  0.44466117900235280
  0.45815526277873325  0.46861918950091064  0.47790893216197872  0.48751531116696156
  0.49678561677924626  0.50541690673985096  0.51333188644390726  0.52228709062789691
  0.53374510542048459  0.54765610727519720  0.56182737881065326  0.57427398242866989
  0.58611768857893765  0.59829129295410810  0.61084524608335622  0.62282005358216308
  0.63536182251981521  0.64929029841025598  0.66238185751082257  0.67433397368028358
  0.68778540777330877  0.70224725235267538  0.71750969222954109  0.73252428821162607
  0.74525322843918063  0.75695297693463914  0.76878673896956840  0.77931340317921782
  0.79025490247961694  0.80236765686275002  0.81580048331719635  0.83109414121695335
  0.84721685947708192  0.86033882684580221  0.87089204643384333  0.88167234261522920
  0.89272920497363351  0.90244414679735174  0.91125655528488114  0.91977264888247356
  0.92954880037230236  0.93812089689342093  0.94643201523467368  0.95470220923442140
  0.96409825774811408  0.97514932957350420  0.98642635147387769  1.00000000000000000
 -0.00595819216082713  0.07291148383314588  0.12654458194811921  0.17133392764934294
  0.21062875650262528  0.24512639588683977  0.27440895484748212  0.30069695993153600
  0.32344364412077964  0.34397522815427284  0.36484240231898390  0.38601023182950278
  0.40333994958143937  0.41778279872197321  0.43113846627612890  0.44407065186264599
  0.45740265464512608  0.47219114521482525  0.48663799544458314  0.50083658738720127
  0.51725113737084660  0.53146504420921359  0.54416508867303182  0.55568718290236130
  0.56769936086100725  0.57842712421467746  0.58882031812418367  0.59946548106122854
  0.61010507307250716  0.62003485707204431  0.62882915994349742  0.63753620801968913
  0.64591878021894267  0.65397072482387264  0.66087304933107294  0.66845096454424013
  0.67592396695333079  0.68379881713058521  0.69105434771514729  0.69856212669615225
  0.70606214290779690  0.71416235622673896  0.72235800790953331  0.73017511995761564
  0.73712238365907368  0.74346287776179887  0.74991225963844954  0.75689205484940814
  0.76463767834586305  0.77085612399232850  0.77499809040342116  0.77901005429443282
  0.78317261686047634  0.78777694922744868  0.79256801371869479  0.79684541144724785
  0.80078724802916124  0.80443390769372636  0.80800633759850160  0.81148207755231627
  0.81487328165540895  0.81823617223801304  0.82164818857189637  0.82522147914476907
  0.82871865752757323  0.83225741316119051  0.83613300526350243  0.84030963477280407
  0.84451638408524055  0.84844394970039549  0.85158653263330397  0.85546113906175980
  0.85966001401346415  0.86397270095249989  0.86823100617326210  0.87225596652004589
  0.87682024501321942  0.88172832009159863  0.88695077390493016  0.89230007921063825
  0.89719379374903707  0.90108471142424773  0.90482547851904294  0.90858940196096138
  0.91246442830080532  0.91648593652308297  0.92043960809693681  0.92431995429203839
  0.92814951238001930  0.93219068609245048  0.93644453801922467  0.94092846836051092
  0.94794920980259689  0.95638685405155832  0.97052711744239128  1.00000000000000000
 -0.02395926910944175  0.14719607600395337  0.18162275769209654  0.20347613233522446
  0.22084214411784950  0.23437139915010599  0.24635821998065202  0.25720412795282616
  0.26710711847987867  0.27581557817729435  0.28447856336726352  0.29299824342751180
  0.29962548393933269  0.30808606061382160  0.31554765213104408  0.32311925305159400
  0.33005738456914596  0.33635682792761401  0.34221093134786523  0.34843261566281808
  0.35583338979224921  0.36352219829464022  0.37001862237610544  0.37581981206920745
  0.38115078576036715  0.38656185770417784  0.39249021939037870  0.39832159640272463
  0.40414448827604194  0.40967422550689092  0.41497875179390570  0.41960300033932396
  0.42384285141378847  0.42808527921179684  0.43256899436513774  0.43730373626237984
  0.44223260643873175  0.44624643466826530  0.45050677134812595  0.45455763133260635
  0.45924035025882404  0.46470677284151091  0.47055033160579135  0.47674683645411575
  0.48271765053691440  0.48820499042438509  0.49270418273443362  0.49711552194011055
  0.50223437125157178  0.50831758909204094  0.51513192793108231  0.52234870359216978
  0.52941740380983804  0.53630974920706165  0.54325554235080398  0.54963545775615430
  0.55587828943310769  0.56207962721850069  0.56769458063111922  0.57258304708698649
  0.57714781698667927  0.58166172649992676  0.58663923732879641  0.59251446278416964
  0.59898947065478247  0.60611285817444460  0.61220221840743316  0.61842518634870280
  0.62365885975424473  0.62847680408450002  0.63328410533978563  0.63860435073005828
  0.64425897505253293  0.64892347351391355  0.65324355550388979  0.65770887791826593
  0.66314042321937172  0.66946875992828203  0.67548003090699749  0.68074921076470163
  0.68505477759606481  0.69182069999200013  0.69893673861936501  0.70670718069392691
  0.71462732888590552  0.72173052644873914  0.72879222902277208  0.73674369434253217
  0.74585044102821119  0.75625927207785493  0.76742981921962761  0.78229871010869700
  0.80210417287656433  0.82355911377738089  0.85997783145495421  1.00000000000000000
   9.2725991487905668E-012  -1.0000000000000000     
 F F F F F F F F F T T T T T T T T T T T T T T T T T T T T T T T T T T T F F F F F F F F F T T T T T T T T T T T T T T T T T T T T T T T T T T T
  <DiscreteSampler_grid>
  grouped_processes
  1 # 1 for a reference and 2 for a running grid.
  10 # Attribute 'min_bin_probing_points' of the grid.
  1 # Attribute 'grid_mode' of the grid. 1=='default',2=='initialization'
  0.0000000000000000 # Attribute 'small_contrib_threshold' of the grid.
  0.5000000000000000 # Attribute 'damping_power' of the grid.
 # binID   n_entries weight   weight_sqr   abs_weight
    10   10   2.737476366659446E+002   1.661859096915923E+005   2.737476366659446E+002
    11   10   2.737476366659446E+002   1.661859096915923E+005   2.737476366659446E+002
  </DiscreteSampler_grid>
