 -0.00003380587902606  0.00044369661500062  0.00081976700693965  0.00117794275626069
  0.00152544292444505  0.00187406460102597  0.00221837542810250  0.00256121419186138
  0.00291409220316498  0.00326012649229631  0.00359873393777824  0.00393661640845930
  0.00425168612355092  0.00455831159351441  0.00484583871554647  0.00513517213651655
  0.00543586351098059  0.00575276939330247  0.00607259949184270  0.00639965742713434
  0.00672558625985851  0.00706776345623951  0.00740733605091761  0.00772319665535681
  0.00802741877545711  0.00832907811931053  0.00864162386757829  0.00897625174498137
  0.00931624818198509  0.00965291528095626  0.01001633304928085  0.01037266535288570
  0.01075160491984252  0.01111943642383312  0.01147385710325477  0.01189276106579947
  0.01236876798915189  0.01284457590441126  0.01330985222386135  0.01377610470572349
  0.01425957535018657  0.01473839665209954  0.01518400302419165  0.01559612774834126
  0.01599758894634009  0.01640502022850091  0.01682379207003737  0.01723773996446703
  0.01773125332061121  0.01831323745826447  0.01893048742560383  0.01953009680539367
  0.02020019624061635  0.02091422793584097  0.02156099643006344  0.02264143069232215
  0.02402448881202783  0.02477859220033293  0.02541290021689640  0.02604814929818931
  0.02668057460849917  0.02726932025240942  0.02776153352159940  0.02824690881549389
  0.02884597088436495  0.02955535392874648  0.03066044909812870  0.03140237286660361
  0.03205778901237219  0.03274026724171913  0.03353085568127509  0.03427253448247600
  0.03496087237708707  0.03566757019254892  0.03633874448114070  0.03695022151350862
  0.03750582252319849  0.03801263267368429  0.03859460925771054  0.03918248232050107
  0.03983716701388938  0.04060259305838555  0.04142003452258203  0.04229868988219581
  0.04328244431871564  0.04431866941438185  0.04572292266366576  0.04718600636629951
  0.04869348434747937  0.05078945785222058  0.05376632684377878  0.05649693519273142
  0.05902310921686119  0.06176744457122076  0.30298201742673281  1.00000000000000000
 -0.00233353925070435  0.01094748319106047  0.02214414948170390  0.03319105570322613
  0.04195224476149761  0.05104537201484934  0.06037138272410077  0.07022224840225885
  0.08057621246449523  0.09072504541828719  0.10114838826114951  0.11260316368022541
  0.12451236896496519  0.13730078279657817  0.15110154518945426  0.16359061059077684
  0.17484506724350549  0.18479823015931057  0.19473023690016461  0.20483365729030262
  0.21308896815609227  0.22049936563158951  0.22776268980483694  0.23659694702822340
  0.24611504298029707  0.25553158101158019  0.26569177079468614  0.27778994096106346
  0.29009031898920046  0.30205558730873383  0.31396283084840226  0.32656811164590382
  0.33859920824698697  0.34900826139884134  0.35760832188911218  0.36587448384372101
  0.37529224315506599  0.38534921090630470  0.39551891991388799  0.40639800778273000
  0.41742749721957162  0.42996561404424993  0.44311294256839578  0.45713789008849304
  0.47255843070392756  0.48650429295702680  0.49769626856467492  0.50980378903394719
  0.52145836064919771  0.53176217319411345  0.54171557281782989  0.55158786132686677
  0.56117888484517320  0.57044132214453169  0.57984989917440177  0.59019759769804570
  0.60110310474611139  0.61273394178016072  0.62435858321807869  0.63437521074323366
  0.64480093834700658  0.65721383051297211  0.67052045211864697  0.68221807280066660
  0.69170664414666727  0.69925259916777771  0.70672518136391438  0.71424715698724617
  0.72113885029726799  0.72805040985903546  0.73514418855746444  0.74367884957514263
  0.75276211059502351  0.76295750998960365  0.77437864304126469  0.78641487805729082
  0.79862486789298004  0.81067356523593492  0.82275663243650998  0.83549395714593766
  0.84946342825984822  0.86177918495271966  0.87408782680883057  0.88684451110013818
  0.89772141917289627  0.90823526106552999  0.91723819013384988  0.92667345638680654
  0.93452967985729041  0.94226474241124647  0.95059929935877407  0.95915648450498003
  0.96905898513176347  0.97912202488293631  0.98974068257306591  1.00000000000000000
 -0.00319923106933106  0.05255169397554366  0.09235956327776952  0.12147001377540466
  0.14701041598712386  0.17210393477545630  0.19784595861087434  0.22103546124379381
  0.24187135836723131  0.26142575697246628  0.28060922251950893  0.29962550903803442
  0.31959642173355990  0.33904706430130771  0.35502506394737510  0.36835316906309179
  0.38172632087181058  0.39498675764455282  0.40810186744145954  0.42159799108827622
  0.43545875005115220  0.44763268962124159  0.45982056280772698  0.47191895868948025
  0.48250609552941531  0.49233142650838241  0.50215458063685081  0.51280025979054789
  0.52273127960897359  0.53165612742605939  0.54025034942247885  0.54859355845839719
  0.55666023091847816  0.56474432403566999  0.57298306649960407  0.58104419337170221
  0.58912167487779110  0.59792680398666009  0.60614634524934041  0.61612474285600405
  0.62486600854367058  0.63241371561858728  0.63947698989520463  0.64641680619407516
  0.65379432195742893  0.66131516573252103  0.66761781403462950  0.67333124240284081
  0.67898557052615327  0.68481263582548024  0.69065228138437962  0.69645092256378860
  0.70244922091750439  0.70813349108690204  0.71377824378205645  0.71915416145315902
  0.72519464902953190  0.73245934348949560  0.73940375481939591  0.74581743028134706
  0.75200178513144855  0.75810879557086319  0.76426263784692450  0.77095975117456805
  0.77791279513254241  0.78477718421799958  0.79103714082802223  0.79646725138786822
  0.80216820041330927  0.80779133545321591  0.81297785239966969  0.81785303929908271
  0.82301985703117930  0.82969289300929661  0.83567988503356860  0.84129333868342748
  0.84666266386677180  0.85201739467385162  0.85808318052229648  0.86401983167561558
  0.87043121462929585  0.87615613269017067  0.88114147104393448  0.88583428819470555
  0.89064123676877172  0.89577426299381224  0.90090574710103943  0.90599714178767154
  0.91122049459526122  0.91655402368860661  0.92301246242865054  0.93021731097612970
  0.93769667884428154  0.94729207994550890  0.96096170219434673  1.00000000000000000
 -0.01593897579630167  0.09605717725988122  0.13720581822600988  0.16257532813012801
  0.18142249114599540  0.19776988434260268  0.21180677579183921  0.22423928621999925
  0.23504327902559941  0.24618680766601353  0.25794787454835877  0.26774152565768883
  0.27644933758237927  0.28406805336944752  0.29210451743919685  0.30257184396254500
  0.31383779770400200  0.32471893101083377  0.33369193955319398  0.34033116478517556
  0.34701023169346928  0.35438842396784886  0.36088505816341038  0.36694843441871028
  0.37287564661427064  0.37883640047082134  0.38427060687686493  0.38912483074572263
  0.39352927000270083  0.39870777031971555  0.40467553928439587  0.41070828010840504
  0.41670426048770182  0.42284849901705956  0.42875661073906157  0.43328727878101542
  0.43810725174020193  0.44311647738822019  0.44735809855603198  0.45161461824467675
  0.45730547095713114  0.46226604584398173  0.46713754287794640  0.47213473427235086
  0.47739073650285024  0.48266767774187042  0.48764546575078133  0.49235740787186533
  0.49688486814825178  0.50136271567793711  0.50601909598735095  0.51093487814267835
  0.51572369898137338  0.52059934680430187  0.52612964705848186  0.53208959680115286
  0.53719759385778221  0.54263610309956989  0.54831858822033752  0.55396494518314532
  0.56051849483095650  0.56651672788923413  0.57211781427839070  0.57747194480857322
  0.58275381703377516  0.58812592758161963  0.59368689751708681  0.59974996565846261
  0.60567729631335010  0.61195960986346720  0.61903569407583270  0.62689823315846105
  0.63506570889858871  0.64250126511703187  0.64903430328909528  0.65513595716231343
  0.66103745750633236  0.66719164949827048  0.67484531038286444  0.68223145585959266
  0.69108541011548885  0.70163998514017711  0.71368507936094294  0.72566981931554930
  0.73656754058182261  0.74676616012868102  0.75683904700697391  0.76724422784347823
  0.77810674729299956  0.79053479225218637  0.80548678746311764  0.82321864290806535
  0.84312664313035779  0.86600558348435663  0.90469228623031539  1.00000000000000000
   1.3999096464106113E-013  -1.0000000000000000     
 F F F F F F F F F T T T T T T T T T T T T T T T T T T T T T T T T T T T F F F F F F F F F T T T T T T T T T T T T T T T T T T T T T T T T T T T
  <DiscreteSampler_grid>
  grouped_processes
  1 # 1 for a reference and 2 for a running grid.
  10 # Attribute 'min_bin_probing_points' of the grid.
  1 # Attribute 'grid_mode' of the grid. 1=='default',2=='initialization'
  0.0000000000000000 # Attribute 'small_contrib_threshold' of the grid.
  0.5000000000000000 # Attribute 'damping_power' of the grid.
 # binID   n_entries weight   weight_sqr   abs_weight
    10   10   1.095351961344143E+002   5.884506842730367E+004   1.095351961344143E+002
    11   10   1.095351961344143E+002   5.884506842730367E+004   1.095351961344143E+002
  </DiscreteSampler_grid>
