 -0.00004669797253874  0.00068480300674711  0.00134211936838003  0.00201374896935007
  0.00263866567597547  0.00326058000392147  0.00385520879764185  0.00450984849299719
  0.00519979563574498  0.00580289787394419  0.00637377731766583  0.00690434432242118
  0.00743541013425318  0.00797826873646101  0.00850158882239010  0.00913371829101552
  0.00981263405098581  0.01045256008375622  0.01105946930042100  0.01168104774591342
  0.01226740366810806  0.01280617424783798  0.01335346701198741  0.01391835494364955
  0.01450867356801547  0.01513824748893575  0.01579244884523265  0.01670999293247895
  0.01772647192318323  0.01866850368677391  0.01960430292933793  0.02054547276153061
  0.02127349569082244  0.02194073696036772  0.02257288545989989  0.02320716541947195
  0.02386256332141104  0.02454611004152956  0.02532605287805262  0.02629486244304427
  0.02735164847881547  0.02896393216102006  0.03054475589473286  0.03201401165134490
  0.03337705373664215  0.03457695639072320  0.03583917368636225  0.03721851133714827
  0.03895692238505963  0.04059463209181208  0.04211359171682311  0.04349008753444972
  0.04469961738332660  0.04552794903848898  0.04613197127869015  0.04689557949322391
  0.04772645439532709  0.04854906238424172  0.04929726771870010  0.05008506644382472
  0.05103805990100797  0.05201486928481141  0.05296364284199259  0.05385942437883914
  0.05489108742622493  0.05571522917779927  0.05668740049492494  0.05762798534795614
  0.05867453261351101  0.05938366651442885  0.06004311530777014  0.06175884225505621
  0.06396057858842129  0.06777321920715852  0.07121110058440183  0.07387344512165547
  0.07621116698413138  0.07900544620959479  0.08182919507006957  0.08521532088299405
  0.08835776080130447  0.09141920633154989  0.09556980783304836  0.09887368931544557
  0.10151100295605081  0.10402696657397147  0.10582902699541070  0.10853985740138879
  0.11397065986271415  0.11836949340242127  0.12199604374738048  0.12645956865564284
  0.13288368964591354  0.13982787738842795  0.14746971077392279  1.00000000000000000
 -0.00280456363939860  0.01098431655722300  0.02262085528198537  0.03432958904186760
  0.04585008887412553  0.05615521870262450  0.06626522891557618  0.07547177861879588
  0.08407790491955867  0.09234069182574325  0.10106951154723273  0.11003832689050284
  0.11930325143826949  0.12821178621801813  0.13611288408829891  0.14806294514140492
  0.15956394032999122  0.16899085766048952  0.17731291211538211  0.18562928183085356
  0.19505957884803929  0.20598228108458180  0.21840421206067639  0.23046546738525212
  0.24129947675007751  0.25349185494529325  0.26674579183556124  0.28084627727895062
  0.29466552057192574  0.30846079462766574  0.32159336849568532  0.33516606456803300
  0.34954875941966046  0.36408708770452364  0.37792690616698887  0.39114479435133631
  0.40351450820287904  0.41515869764679714  0.42740215777776058  0.43873167189350415
  0.44920486501756290  0.45864395365658378  0.46858310982956297  0.47958050922070494
  0.48952497486506719  0.49890802196437739  0.50940069581323422  0.52063279325685818
  0.53173726250101616  0.54326919596367573  0.55674650731716824  0.56999538373181591
  0.58232805613766947  0.59552355699000403  0.60909914160261203  0.62214507213606229
  0.63066850077046333  0.63928593424796742  0.64676262186241695  0.65384396304540648
  0.66290855068406840  0.67235039077982917  0.68162933980660079  0.69078250041208478
  0.70026034937059989  0.70990648533338874  0.71692106187997395  0.72250031276614779
  0.72694619263794780  0.73145128339289511  0.73632295128520397  0.74351289097409623
  0.75158208661401527  0.75961919956388646  0.76730985576629962  0.77911240561332196
  0.79170917118795892  0.80411613390237557  0.81662148525541378  0.82967717930128704
  0.84311144762948764  0.85523311270633262  0.86603757599443243  0.87593678956058973
  0.88550389934435936  0.89573902562937069  0.90574292717540406  0.91762564057997198
  0.92804870381206128  0.93729843582676653  0.94417080086984906  0.95153533477752239
  0.95959299760940964  0.96999473759516952  0.98468242098358227  1.00000000000000000
 -0.00484131788959196  0.07728023274888030  0.13446750616905390  0.18339040732691550
  0.22410847603860948  0.25999558376874193  0.28871484469660375  0.31495306905974962
  0.33967206908456216  0.36636011820843489  0.39029687655074558  0.41093886418586617
  0.43100740152454720  0.45144120571045460  0.47124665571318708  0.48874537591513212
  0.50606180777070775  0.52293197054135276  0.53669743765526101  0.54994997919693567
  0.56261886509389569  0.57403079391278067  0.58395171452500183  0.59837264954205238
  0.60909794188106481  0.61941943494451790  0.62939569732492273  0.63864264004037130
  0.64715122636280265  0.65522079050748117  0.66284290471902030  0.67109342927860316
  0.67974235562172602  0.68794753482808024  0.69542039962824587  0.70295569850563266
  0.71091036580104383  0.71913236857530138  0.72704595126348370  0.73460135464936449
  0.74174910679555650  0.74858866828747195  0.75471038348950248  0.76071655806093519
  0.76650742864939414  0.77211458618573070  0.77715076919369341  0.78184691077154045
  0.78649001758946613  0.79131204531600030  0.79661483202452521  0.80250285513444619
  0.80841594533404126  0.81408382158240089  0.81998365246520788  0.82617556530832070
  0.83224128282610077  0.83782498972675412  0.84282849030074536  0.84776694663768826
  0.85257000953991213  0.85708342649936187  0.86148064676356395  0.86576806143918328
  0.87000043081911183  0.87424241175956408  0.87864529659210389  0.88354565562374887
  0.88908519313199896  0.89510622804947260  0.89911565374072078  0.90227696700191262
  0.90513475625146378  0.90818397168944465  0.91150490723935595  0.91503654262450862
  0.91837297026224196  0.92115287454741468  0.92368860393360430  0.92622930538446613
  0.92885934918157753  0.93165249744114720  0.93467665611729867  0.93761954933001668
  0.94043143097432902  0.94360673856830579  0.94674706907401807  0.94999785816625004
  0.95323553923864568  0.95668094551234706  0.96126151152048578  0.96622298415768926
  0.97092597509614365  0.97582671894682815  0.98170142678061556  1.00000000000000000
 -0.01541386011050725  0.09778373706023780  0.13498852983723211  0.16002117044042449
  0.17990494022564135  0.19954893087417100  0.21839202737414268  0.23519283214105030
  0.24635797755694691  0.25488169752140682  0.26335839630674951  0.27204566917219369
  0.28145586701215786  0.29100892604657724  0.29995138235015140  0.30826690785654315
  0.31711680848553564  0.32654634400350807  0.33564192509880147  0.34616532052371868
  0.35365570262462326  0.36024715826613318  0.36638364383606487  0.37218977485940002
  0.37789468856482616  0.38422097629660673  0.39107736832591528  0.39739155905230422
  0.40290277212086589  0.40807691080716008  0.41300220477218097  0.41793861170204571
  0.42314874138611014  0.42890788750811865  0.43434105443072057  0.43910447365529393
  0.44330935219563650  0.44745887256408096  0.45194810574868755  0.45647843752918177
  0.46082909677816825  0.46701719928527624  0.47249335425263561  0.47845950214949523
  0.48421490964761366  0.48963131637721852  0.49487998589717641  0.50036052571523426
  0.50621562152777932  0.51224436269270224  0.51831938451594550  0.52426076528589893
  0.53035340943359910  0.53692712184684377  0.54323593916057644  0.54805571735421987
  0.55331137112086670  0.55864006165852720  0.56372999707401927  0.56858428429707575
  0.57345158875247548  0.57853647348988835  0.58357989533756394  0.58808303851191712
  0.59224963450212287  0.59623431123667781  0.60062339990250457  0.60735650727619672
  0.61641922068062893  0.62482322672012769  0.63167052921553601  0.63791388623053669
  0.64390191943168240  0.64983766841633384  0.65585166755018609  0.66253845837809444
  0.67056654274234917  0.67862891816293835  0.68616692388724354  0.69262563289069079
  0.69953001179335728  0.70648416656645607  0.71440415619329067  0.72358441153854292
  0.73402721564334195  0.74411765913836792  0.75499916362391672  0.76780854629859907
  0.78152885217759460  0.79584537939397226  0.81109747340659699  0.82627379621952568
  0.84450710968555975  0.86645070802492941  0.90411791478794146  1.00000000000000000
   3.4226988207887135E-014  -1.0000000000000000     
 F F F F F F F F F T T T T T T T T T T T T T T T T T T T T T T T T T T T F F F F F F F F F T T T T T T T T T T T T T T T T T T T T T T T T T T T
  <DiscreteSampler_grid>
  grouped_processes
  1 # 1 for a reference and 2 for a running grid.
  10 # Attribute 'min_bin_probing_points' of the grid.
  1 # Attribute 'grid_mode' of the grid. 1=='default',2=='initialization'
  0.0000000000000000 # Attribute 'small_contrib_threshold' of the grid.
  0.5000000000000000 # Attribute 'damping_power' of the grid.
 # binID   n_entries weight   weight_sqr   abs_weight
    10   10   1.368922138710294E+001   1.699580639646574E+003   1.368922138710294E+001
    11   10   1.368922138710294E+001   1.699580639646574E+003   1.368922138710294E+001
  </DiscreteSampler_grid>
