  0.00000214701171212  0.00000945954701745  0.00001510882875564  0.00002043791544428
  0.00002554712936569  0.00003056689008705  0.00003547851436138  0.00004020626624247
  0.00004497487629062  0.00004979440197293  0.00005467651285518  0.00005965626244149
  0.00006466554174175  0.00006977203795695  0.00007497061407406  0.00008026654522262
  0.00008569423838823  0.00009131695070280  0.00009712928451456  0.00010309240432783
  0.00010917018355988  0.00011537163512775  0.00012170404059693  0.00012818223980525
  0.00013482510058324  0.00014166810130247  0.00014879513532916  0.00015614379847770
  0.00016367766351292  0.00017137720427015  0.00017929658216449  0.00018730947715951
  0.00019545135197978  0.00020410673660458  0.00021285028763315  0.00022223747634554
  0.00023196664584054  0.00024213660723429  0.00025288174394098  0.00026397076661373
  0.00027546816032251  0.00028732418007838  0.00029948586534802  0.00031226806457568
  0.00032548518617268  0.00033968346409321  0.00035409468202446  0.00036942745926370
  0.00038545276831060  0.00040231169984879  0.00042023247423248  0.00043867254934927
  0.00045836269090122  0.00047844303231189  0.00050016987032769  0.00052249670020221
  0.00054693020420376  0.00057229003810649  0.00059931341529067  0.00062768926470060
  0.00065800186095918  0.00069056315918883  0.00072479589485283  0.00076139582247164
  0.00080003070339443  0.00084258209878799  0.00088714210638912  0.00093570266603094
  0.00098726577422317  0.00104373427066556  0.00110478335697609  0.00116950574601338
  0.00124116274776787  0.00131620489402780  0.00140225837445956  0.00149358934980571
  0.00159508102849298  0.00170290183874756  0.00182081052915358  0.00195960537474111
  0.00212427007974186  0.00230956903300843  0.00252210942515659  0.00276151615586884
  0.00304336639896523  0.00337390309469598  0.00375054233204410  0.00419469006461133
  0.00475425786603109  0.00544954098955497  0.00628195380234002  0.00742190595677181
  0.00927364642177730  0.01284287290804069  0.54905984941937946  1.00000000000000000
 -0.00249194900278213  0.00971164895682839  0.01985498992810468  0.03034864066157843
  0.04090652841817147  0.05151127195127946  0.06214750887363216  0.07219353503695203
  0.08234327869023678  0.09277943706478894  0.10342833045418923  0.11403997271613041
  0.12463950033043114  0.13574549082503287  0.14680162427771806  0.15739340742932520
  0.16788939633103467  0.17848836007331170  0.18919307084431178  0.19970979419840670
  0.21036979092445038  0.22091576750108141  0.23134866072621263  0.24150689323549956
  0.25141627138174000  0.26145839762043915  0.27149702788672464  0.28189686414053244
  0.29226514748517757  0.30237304041531271  0.31249494854634724  0.32262512047765490
  0.33282205286495814  0.34311737931180469  0.35346711534228487  0.36384736968571652
  0.37423929759186420  0.38454600024302904  0.39493830858566498  0.40528922022360930
  0.41581455910220372  0.42658024061381028  0.43737786214308960  0.44803785057746121
  0.45858682919862936  0.46911093151208244  0.47954588357978722  0.48975309547707035
  0.49996187862372660  0.51032458871146291  0.52080107602815962  0.53107223815435611
  0.54126339967138515  0.55147409594107388  0.56183890014231241  0.57212798784857155
  0.58252482530368033  0.59316572311940530  0.60393307155342268  0.61473367680184887
  0.62569063726225838  0.63649466266831634  0.64717742322076521  0.65765112852703500
  0.66812940158902423  0.67866971406361598  0.68925465659027019  0.70030152210949437
  0.71109395601118053  0.72201826398512947  0.73298707976288768  0.74414134266730303
  0.75499484474155532  0.76564795475562331  0.77647793120709563  0.78736520885978911
  0.79813941056491866  0.80884349332648753  0.81966871195903068  0.83062372752023772
  0.84144852907073953  0.85225917471407120  0.86278045146952043  0.87340036718399783
  0.88397481505609121  0.89465749868492617  0.90507622288252987  0.91555698240480088
  0.92625857072182927  0.93706469637457734  0.94765350755058975  0.95814261341292351
  0.96904070004798171  0.97951565243542371  0.98982656361868115  1.00000000000000000
 -0.00390004077349116  0.02490357542312098  0.04576230689223310  0.06349273644868114
  0.07952665518788750  0.09437674982232443  0.10831447554272351  0.12156300905377723
  0.13417784839247421  0.14618849615148322  0.15768127798607845  0.16894733789202315
  0.18004571013299217  0.19084846926063587  0.20117413595532854  0.21126631909568847
  0.22115194274652428  0.23084800000101019  0.24038438270027196  0.24991387680228216
  0.25953946609931311  0.26911529718094235  0.27849618519572128  0.28763380676802724
  0.29664646065672723  0.30543643650592422  0.31416770143159334  0.32276721124168589
  0.33129331574137610  0.33970287212803607  0.34807369829065782  0.35640789944039625
  0.36471951747130321  0.37296514774379624  0.38119437281040591  0.38946042903816053
  0.39775969097830760  0.40603874939711693  0.41427259244033099  0.42247772693356705
  0.43066976643552590  0.43884254735478484  0.44679844988352252  0.45484450232510915
  0.46272374030176971  0.47044851003312105  0.47821905080573435  0.48588376774134856
  0.49365455901322902  0.50157527551515879  0.50957714929075726  0.51752566450021875
  0.52541045818124521  0.53323203091356663  0.54105210872991150  0.54886733041296365
  0.55671311769731957  0.56458254081753267  0.57235911905109715  0.58004890455186076
  0.58775764617418458  0.59552998168957538  0.60343803471572111  0.61145073278905215
  0.61946010700085685  0.62751789389716939  0.63562573361938290  0.64383112338334159
  0.65212121548627378  0.66053575669101305  0.66887923361592927  0.67706068256901863
  0.68531428396031668  0.69384130062607108  0.70261065581095195  0.71144335892200938
  0.72021284808307540  0.72914889634518998  0.73835954355097433  0.74770006729965222
  0.75720483147050011  0.76688146044218308  0.77704539193883226  0.78754932435054659
  0.79818138231964875  0.80889012699377627  0.82010588371450677  0.83185039486379708
  0.84431314038890859  0.85740120789385543  0.87168057894162232  0.88740169201483365
  0.90498791740542217  0.92551846749403865  0.95253024691514732  1.00000000000000000
 -0.01910273658454271  0.10946398150047618  0.14492392675582580  0.16686703631779787
  0.18435660068470117  0.19936625980910344  0.21269584061473221  0.22480608332339219
  0.23585222612554199  0.24608088429430761  0.25574062898556621  0.26497216150194092
  0.27390545638766411  0.28239078191248301  0.29069499631916157  0.29869021765359371
  0.30644897191593218  0.31402092981940627  0.32131031931682758  0.32854531220952160
  0.33564849992559082  0.34261192897726839  0.34944503374621538  0.35605056281999908
  0.36247232508458027  0.36881835681147712  0.37506105337984824  0.38118862277192267
  0.38725468027959042  0.39330507509340640  0.39937504218677722  0.40545485454551666
  0.41147757482720176  0.41743430112496344  0.42326764208414602  0.42907076627615559
  0.43487341027567344  0.44065048978648125  0.44637270341472174  0.45205742937282156
  0.45773938722198981  0.46340321136515850  0.46907715182885762  0.47473496600861337
  0.48034096592489489  0.48594013779170858  0.49154607480039370  0.49719917431044314
  0.50282505356350460  0.50849113359775155  0.51411721195594517  0.51973183269448553
  0.52531860638496297  0.53086653496237268  0.53643833399888563  0.54202098568269874
  0.54761125003891176  0.55322022039304031  0.55881521999392270  0.56450427391771130
  0.57026775460736956  0.57608697352750149  0.58194828697353373  0.58777558168880384
  0.59365297322704103  0.59953691818314514  0.60557476771535113  0.61170725266282067
  0.61789177505851811  0.62413692156433631  0.63049388935406447  0.63696081417092176
  0.64353168210182399  0.65027973000540618  0.65718662332681244  0.66413096085186274
  0.67119536214014985  0.67844407463211420  0.68581141068608831  0.69343939886538941
  0.70130660678978762  0.70939683342902193  0.71779401792816988  0.72638944404968753
  0.73529908809463751  0.74459525526138248  0.75436030110769048  0.76484436648072018
  0.77595211864987346  0.78793705977955664  0.80109527057146712  0.81604729546969312
  0.83338498307535180  0.85516859198572726  0.89109305203494127  1.00000000000000000
   2.1815715184778698E-003  -1.0000000000000000     
 T T T T T T T T T T T T T T T T F F F F F F F F F F F F F F F F
  <DiscreteSampler_grid>
  grouped_processes
  1 # 1 for a reference and 2 for a running grid.
  10 # Attribute 'min_bin_probing_points' of the grid.
  1 # Attribute 'grid_mode' of the grid. 1=='default',2=='initialization'
  0.0000000000000000 # Attribute 'small_contrib_threshold' of the grid.
  0.5000000000000000 # Attribute 'damping_power' of the grid.
 # binID   n_entries weight   weight_sqr   abs_weight
    10   10   2.249504843410226E+009   3.350139525583136E+019   2.249504843410226E+009
    16   10   2.249504843410226E+009   3.350139525583134E+019   2.249504843410226E+009
  </DiscreteSampler_grid>
