 -0.00009559255058308  0.00092451740357822  0.00214543993255129  0.00386253767760966
  0.00616623866386856  0.00901548472670868  0.01236430176665411  0.01628137907904526
  0.02055214835226635  0.02502029585950580  0.03003188111199750  0.03551277566045060
  0.04099671466797367  0.04679099804780112  0.05318612025588087  0.05997272614382759
  0.06694687870020946  0.07398369699845690  0.08109176448173656  0.08846754458362655
  0.09597047924067202  0.10389617370814677  0.11197850889890959  0.12007116146808659
  0.12844625692868494  0.13721773334890455  0.14613151564406801  0.15523623703197989
  0.16429497924049224  0.17360922848445470  0.18338219385039592  0.19329144076263377
  0.20328167735829891  0.21316808232309833  0.22262527908769791  0.23156594997573898
  0.24064557933211189  0.25029657484023665  0.26022600411683200  0.27066617959068889
  0.28154258180235681  0.29286130891965195  0.30458917096179161  0.31637980102741525
  0.32787547977412385  0.33964275165291863  0.35169286158710594  0.36383495844386649
  0.37616899168495843  0.38899331303495155  0.40221414080685336  0.41539078624603426
  0.42858890854770876  0.44108361753460973  0.45348659957131127  0.46608614458883857
  0.47869015134496518  0.49136959892900195  0.50366126709675285  0.51650895587743129
  0.52965656963700214  0.54289661968473979  0.55640682895254001  0.57025575076605661
  0.58400194044421494  0.59769819956005132  0.61191898486016905  0.62632535169281534
  0.64077733555021765  0.65509116097162612  0.66858417220895339  0.68208854541211672
  0.69563849882622375  0.70902836357914600  0.72205845923791545  0.73469934301861362
  0.74723007218999027  0.75977356676025487  0.77253265672514571  0.78510485187845269
  0.79752393987566284  0.80984530195143767  0.82205431660134187  0.83415958704303417
  0.84593573322255344  0.85905749571052525  0.87228329041397490  0.88551892465828463
  0.89869995555782523  0.91168707009469474  0.92551838652393814  0.94018108104971654
  0.95496113873663269  0.96987223810619372  0.98495143953514064  1.00000000000000000
 -0.00274741811327561  0.01022893065689967  0.02092348762688997  0.03195305564350802
  0.04306209346228075  0.05458391760226212  0.06647484302609397  0.07834061414020359
  0.08936375727962952  0.09950055254934681  0.10945838019405525  0.11962905571030595
  0.12946626113680026  0.13905695772732826  0.14902064883412508  0.15926168994325329
  0.16920373187522061  0.17852269251849873  0.18771362190554014  0.19708091056293045
  0.20668449029373720  0.21613153185362352  0.22549418274116032  0.23518411001578679
  0.24526391906438649  0.25544849591679086  0.26596533460308269  0.27615076176313125
  0.28543518248437394  0.29458129364695995  0.30362565531116670  0.31334071494568450
  0.32368373173091702  0.33444953455838905  0.34573577061665783  0.35682374596148192
  0.36745087503300128  0.37794998200076257  0.38892482966560316  0.39942358821763413
  0.40966224417160141  0.41955460301220754  0.42944670664343276  0.43917975386251629
  0.44907444124325263  0.45910473727538720  0.46893242208416791  0.47856965756032449
  0.48820586117230075  0.49787774506688642  0.50797927971222157  0.51825942892642751
  0.52842558404136408  0.53863701019018762  0.54894931028558747  0.55984589696409148
  0.57095362226669866  0.58201471518331915  0.59323075656751978  0.60468957857177108
  0.61638111402669538  0.62749761248211466  0.63791141278389552  0.64838497621956859
  0.65880711726457364  0.66894321068663576  0.67922888384764391  0.69032678045983831
  0.70205043177209137  0.71332887903845055  0.72406457420291259  0.73489895892892476
  0.74598185626112701  0.75740611254962742  0.76925267374500106  0.78186655906404123
  0.79444891460957945  0.80611025329044317  0.81713534291488343  0.82810693203361041
  0.83914435160363843  0.85021281538293425  0.86114105074331915  0.87176357942280358
  0.88221267166012662  0.89225631136848804  0.90264729072834438  0.91304371352127101
  0.92420084447468709  0.93610211369536933  0.94680694564508205  0.95756293385887870
  0.96798631041638850  0.97908766419918503  0.98937769574326040  1.00000000000000000
 -0.00252714929450358  0.01779479464068450  0.03243864738650524  0.04454807911049362
  0.05596384920370714  0.06657777585131387  0.07702463511896142  0.08692120876605228
  0.09609067658782476  0.10481408767080685  0.11325400968953403  0.12174060704427990
  0.12998898948334922  0.13771050645879940  0.14552019119912857  0.15386004178246579
  0.16245836780415857  0.17100912248836508  0.17957909541558489  0.18788936567478479
  0.19567080450308624  0.20293346184475547  0.20997566583732313  0.21675165812904984
  0.22332964651042850  0.23026033306143223  0.23683340349079751  0.24367712473422259
  0.25033949088802843  0.25780052997131220  0.26505147416495228  0.27215107267576139
  0.27960810092228161  0.28702380120154097  0.29435416912365880  0.30147716999863416
  0.30828092711732674  0.31495309581454894  0.32139972277934664  0.32802970634333611
  0.33488291982425261  0.34182263316754113  0.34877520225545627  0.35577000933984471
  0.36283190922115804  0.36961893133205820  0.37642280976746983  0.38380951177020073
  0.39143195159088490  0.39947096232271762  0.40779495695261747  0.41612446313091150
  0.42382657739268514  0.43132194468315621  0.43887333617290164  0.44630271835730639
  0.45368657760979414  0.46127105478575520  0.46920740610223882  0.47725865465403383
  0.48516562989255962  0.49308458122762555  0.50094978820938429  0.50872764262434444
  0.51653026003579450  0.52434017658726573  0.53222991633154981  0.54042441980087741
  0.54919097276201867  0.55837326049123803  0.56765738506364405  0.57721128885880801
  0.58701208475897915  0.59699013172706161  0.60686402309841436  0.61661450675057761
  0.62676089729562834  0.63741031122815983  0.64805647025434310  0.65853812990264105
  0.66908290999415232  0.67998611638740958  0.69089706171197907  0.70212295017529813
  0.71444198707007256  0.72777219751989408  0.74125405209978157  0.75586517025841393
  0.77286572154839051  0.79034034527796493  0.80885970273554986  0.82963419046327636
  0.85352929701725588  0.88302698351963116  0.92112426128910552  1.00000000000000000
 -0.01929877805701109  0.11058177883887556  0.14848015781751661  0.17204083443355858
  0.19036718927169935  0.20595470176058145  0.22014312760684063  0.23281840716719851
  0.24402967386139027  0.25429318091471775  0.26393664511717657  0.27284284923595020
  0.28093297276858059  0.28875640735228664  0.29663286794389787  0.30458329860797057
  0.31260337069072430  0.32075059963070202  0.32891292173012587  0.33683254035792426
  0.34439368239430979  0.35158314592977818  0.35826000407264252  0.36463237369044960
  0.37079029647115785  0.37685074281355274  0.38270517579264751  0.38884783142167428
  0.39482012611364553  0.40053867184482289  0.40612710891319248  0.41183240369685004
  0.41772592517854884  0.42335394358184586  0.42897050039121942  0.43454013824291682
  0.43986943355493019  0.44488691754668136  0.44977022639805014  0.45460730445308345
  0.45957924332841771  0.46493412124455319  0.47033744201223010  0.47567344571710324
  0.48096409717538674  0.48623888819573191  0.49157424364999525  0.49704142458165695
  0.50258945801044075  0.50808863363421208  0.51358651625847418  0.51902723200109335
  0.52430885297156893  0.52939139923078093  0.53443694088141880  0.53946870216617904
  0.54463268359463601  0.54994028110574944  0.55530452975708855  0.56071837130101720
  0.56626805555281312  0.57199816837459383  0.57787233367491908  0.58389578255347119
  0.59019909074313159  0.59680276785026309  0.60346725106735111  0.60992136183293888
  0.61645327061989497  0.62294432655866039  0.62944000078901630  0.63621119993825015
  0.64304310477153126  0.64972822909250971  0.65646281192200429  0.66356592455475283
  0.67107279723652369  0.67877463572733199  0.68650310983448704  0.69411907939376183
  0.70203245079250443  0.71004649019738386  0.71806574419495239  0.72611591243864193
  0.73446777447809408  0.74333283516619186  0.75308729230299420  0.76349041416722807
  0.77419715076717788  0.78566258119970400  0.79859012718207545  0.81383756804507312
  0.83200788196111708  0.85542816073996542  0.89242783050653285  1.00000000000000000
   1.1878351713892660E-003  -1.0000000000000000     
 T T T T T T T T T T T T T T T T F F F F F F F F F F F F F F F F
  <DiscreteSampler_grid>
  grouped_processes
  1 # 1 for a reference and 2 for a running grid.
  10 # Attribute 'min_bin_probing_points' of the grid.
  1 # Attribute 'grid_mode' of the grid. 1=='default',2=='initialization'
  0.0000000000000000 # Attribute 'small_contrib_threshold' of the grid.
  0.5000000000000000 # Attribute 'damping_power' of the grid.
 # binID   n_entries weight   weight_sqr   abs_weight
    10   10   2.527982863738782E+007   6.529661487043254E+014   2.527982863738782E+007
  </DiscreteSampler_grid>
