 -0.00003546233014413  0.00051950857713745  0.00098869629592075  0.00142533352957215
  0.00180106654944577  0.00220055826810319  0.00262005918219590  0.00297741548563919
  0.00329929346004077  0.00359920395607595  0.00391190275995598  0.00425672075803274
  0.00458604357449567  0.00492181942118025  0.00525077398856512  0.00563499191764422
  0.00611238517763041  0.00658894220748854  0.00695217605974507  0.00753694378192448
  0.00823877985765042  0.00900306471453235  0.01000250676915498  0.01088902754472289
  0.01132011259082569  0.01171467118065142  0.01212097850598246  0.01255456531094474
  0.01298585504138998  0.01341008782278253  0.01382500378535833  0.01423047232376178
  0.01462762341863806  0.01507728372388492  0.01556117909833001  0.01599787565996382
  0.01639139824432296  0.01679671345021247  0.01722892392606716  0.01772989422279443
  0.01828982643255143  0.01885260877321609  0.01929484023615532  0.01965530401049709
  0.02045801109175800  0.02145916719217600  0.02244835601900944  0.02340643039441641
  0.02435259281420200  0.02526701017125784  0.02618884566382870  0.02718113885618245
  0.02826668682487577  0.02901576378378529  0.02970819022924297  0.03014621061061657
  0.03045214633097911  0.03080483764940803  0.03131975310523960  0.03177105456484969
  0.03211631941823676  0.03242824042371423  0.03274952430991013  0.03314548728759400
  0.03362100582302158  0.03406371173811419  0.03448188518012760  0.03489224312221094
  0.03533660816082234  0.03585813581222761  0.03650073614366165  0.03722295045459071
  0.03777177132318932  0.03817159453128491  0.03862734639058626  0.03904743503895280
  0.03954827752298647  0.04014815432613419  0.04039734128835849  0.04058172012155242
  0.04558564578589380  0.05094094416152518  0.05640697321340472  0.05980046279917323
  0.06198671816996952  0.06370661691156213  0.06534674764909944  0.06678505440143583
  0.06811605519531698  0.06931521960513490  0.07098862993083482  0.07265124814023720
  0.07663881026471758  0.08240474490131164  0.08831633671463891  1.00000000000000000
 -0.00198882219872605  0.00614772023616999  0.01617387047510131  0.02610576273316472
  0.03634130115448578  0.04564104623132713  0.05446840837963033  0.06272629277055153
  0.07089289537880457  0.07963394477419794  0.08855416893469734  0.09698987360084453
  0.10650720014055087  0.11757133120068980  0.12914679170225862  0.14055237080355576
  0.15251523469735909  0.16642202432804537  0.18273104448484151  0.19914405026886484
  0.21154868599112203  0.21970203673468630  0.22726194755678872  0.23514494014776310
  0.24332364988495181  0.25245527754209435  0.26352069848775794  0.27127748824392028
  0.28413414238888340  0.29831354981423103  0.31702679667122846  0.33405905167548011
  0.35023869893773429  0.36408127566237941  0.37517876406535983  0.38682526367378595
  0.39964205806648284  0.41315541122989857  0.42591254457758804  0.43719060930637388
  0.44864698234777695  0.46153347217851792  0.47437291821683092  0.49072590535574878
  0.50660738608538536  0.52024301149889185  0.53271515380232404  0.54551327112716919
  0.56219521668724604  0.57730192717870321  0.59025885858559124  0.60149818770446151
  0.61083782584752166  0.62056287287488276  0.62958643083636379  0.63860025214796834
  0.64670513432287668  0.65391654938376786  0.66187884156421439  0.66860231385579716
  0.67363868921929049  0.67806454639914304  0.68297155770351781  0.68900364429685523
  0.69508640890595708  0.70062230926018154  0.70640126239226997  0.71239288871574247
  0.71784963787048817  0.72194796878724865  0.72559261319319179  0.73173885370916725
  0.74201414513909481  0.75214573938362195  0.76049030253591354  0.76832152574048351
  0.77577265317373767  0.78347561982029523  0.79139279931127871  0.80198341663368167
  0.81279870005206545  0.82356502205885862  0.83383558877826702  0.84568946383927668
  0.85635131351039118  0.86664135984704360  0.87791490134934391  0.89018666207036901
  0.90270976889667720  0.91438515004196053  0.92678731815227666  0.93995217362776784
  0.95380436947753133  0.96935276296192918  0.98572304060758664  1.00000000000000000
 -0.01882297100594310  0.20823840264004120  0.33324053744581472  0.43449885749288775
  0.51204196020782289  0.56957833219706455  0.61508478414631507  0.65181847422169481
  0.68849263444577746  0.72063838123609714  0.74648729208278297  0.76946634130616409
  0.79102551685674971  0.80925768161787082  0.82460606751116594  0.83706683199510512
  0.84839577933981425  0.85852548901707382  0.86758716798290669  0.87629609376149420
  0.88427197976076111  0.89254706371787107  0.90047977945522839  0.90705780739307673
  0.91295822230860424  0.91831373618541912  0.92279141987734459  0.92718732453613406
  0.93154186055240129  0.93567065057521981  0.93844826926352465  0.94083243091424118
  0.94321992986605629  0.94554160225544048  0.94747266595066781  0.94928375416035360
  0.95105779109728872  0.95283961882327595  0.95477481355776628  0.95668618593800381
  0.95832277625470641  0.95971105901020426  0.96093867430676128  0.96198403654283215
  0.96280663979936409  0.96361361350415320  0.96444809063509152  0.96529344752393142
  0.96615401057445283  0.96711460874176480  0.96822491123591514  0.96939272902328111
  0.97043919554043012  0.97142676742832501  0.97241003838148432  0.97338942829853470
  0.97437536736554542  0.97538769263262903  0.97635964163097411  0.97735617967981470
  0.97831717916600391  0.97922173349625630  0.98008152680561100  0.98081346837050920
  0.98149073283683386  0.98213996802637082  0.98277260460914784  0.98330761337269745
  0.98382328911460115  0.98430438981964719  0.98475601209363894  0.98523882915738248
  0.98574574239544221  0.98616421287416867  0.98657219918797712  0.98697306465899270
  0.98736804342518469  0.98779735509981603  0.98829500483684540  0.98880859475415805
  0.98930855605920787  0.98979394269382770  0.99028763548361498  0.99080262463537372
  0.99135198483014819  0.99189010197840810  0.99240438849559853  0.99289529586029113
  0.99340318077127265  0.99393834470175180  0.99448906212117294  0.99503853706833323
  0.99572059807967550  0.99651936131683738  0.99795074296345276  1.00000000000000000
 -0.01850911676606160  0.12764266871683969  0.17038154925171003  0.20180739723093999
  0.22215998413193705  0.23831346828455535  0.25681372439766026  0.27900238411057432
  0.29899005022715003  0.31775729972503713  0.33254804862173798  0.33933808681036737
  0.34514551705953572  0.35088958131549275  0.35624174256746666  0.36073519475083921
  0.36475693299350542  0.36925059230067386  0.37536282595267489  0.38114386259731620
  0.38647305657517417  0.39146047550485025  0.39899320749895001  0.41039460778741532
  0.42124611488758418  0.42955668364989374  0.43599226465705543  0.44116899538249149
  0.44551462099365702  0.44982725374623939  0.45471821373239824  0.46020229874187851
  0.46562023375056039  0.47103097980840947  0.47622377153698475  0.48105918490446370
  0.48582650114067299  0.49080640469882586  0.49662572263187382  0.50212258593491232
  0.50874239647232078  0.51467928742438307  0.52026279644368212  0.52581898497806778
  0.53155932803558492  0.53720961712412418  0.54264137941870116  0.55082410625214007
  0.55826908881887360  0.56533999219488673  0.57239981436296994  0.57905455954186680
  0.58561033982714261  0.59229049344909501  0.59920706116749745  0.60621677592641121
  0.61369969650114331  0.62062109997381965  0.62706508795378713  0.63359426268733487
  0.63973441814841192  0.64548066538649207  0.65217833287782223  0.65867794089657727
  0.66516654617289472  0.67160490077791624  0.67751630233302051  0.68328393187704928
  0.69010710423297694  0.69702517383980611  0.70341100068656293  0.71062848321163441
  0.71774616561556726  0.72458660142664910  0.73108323462213920  0.73615436585036331
  0.74086315905335831  0.74566105941722549  0.75076527726716813  0.75600791246939214
  0.76113916639551560  0.76781892744839841  0.77385409233129943  0.77993363754169243
  0.78625801142906526  0.79384115278965017  0.80420251517471886  0.81549788712738669
  0.82579634960339654  0.83605680220657197  0.84706975373582183  0.86042183963163199
  0.87562890822342410  0.89697608910606841  0.92380619893012306  1.00000000000000000
   1.9460199979155223E-043  -1.0000000000000000     
 F F F F F F F F F F F F F F F F F F T T T T T T T T T T T T T T T T T T F F F F F F F F F F F F F F F F F F T T T T T T T T T T T T T T T T T T
  <DiscreteSampler_grid>
  grouped_processes
  1 # 1 for a reference and 2 for a running grid.
  10 # Attribute 'min_bin_probing_points' of the grid.
  1 # Attribute 'grid_mode' of the grid. 1=='default',2=='initialization'
  0.0000000000000000 # Attribute 'small_contrib_threshold' of the grid.
  0.5000000000000000 # Attribute 'damping_power' of the grid.
 # binID   n_entries weight   weight_sqr   abs_weight
    10   10   2.497198601011013E-033   2.726234441294446E-065   2.497198601011013E-033
    11   10   2.497198601011013E-033   2.726234441294446E-065   2.497198601011013E-033
    16   10   2.252498146188819E-033   2.062590533503472E-065   2.252498146188819E-033
    17   10   2.252498146188819E-033   2.062590533503472E-065   2.252498146188819E-033
  </DiscreteSampler_grid>
