 -0.00003554231475596  0.00048035661015096  0.00089840577442661  0.00130742952217599
  0.00170523811950835  0.00208906654713487  0.00244200016696509  0.00280157027209332
  0.00316121848534839  0.00352981445610400  0.00388095569791190  0.00423603802975484
  0.00458530853240565  0.00495054912229106  0.00535416959737297  0.00575812521863017
  0.00611216682779661  0.00642783130288526  0.00670261698245550  0.00697348821273555
  0.00724683220536925  0.00751689592048314  0.00779692288995874  0.00810634690376126
  0.00841030774474769  0.00874104210379008  0.00915736843941666  0.00964086125690837
  0.01011730429692393  0.01059892448289396  0.01115745926075192  0.01169920201809911
  0.01212666756955421  0.01278428609393327  0.01362080575930365  0.01441154036317199
  0.01477347268665996  0.01503546852004315  0.01537085386687122  0.01574422800410951
  0.01615267310011958  0.01655911886163559  0.01697296038615764  0.01735503772885368
  0.01774270732309349  0.01812432705942938  0.01848635280010894  0.01881629130057061
  0.01913501783470722  0.01938480866245660  0.01968168411938533  0.02022019849437201
  0.02101744011285142  0.02176804934009890  0.02251612933051727  0.02328914044559347
  0.02457529787075734  0.02582294576850518  0.02699137847386931  0.02811717815726338
  0.02918908786009160  0.03029218495266039  0.03144479025064070  0.03263473579219357
  0.03387747878629886  0.03523978677661430  0.03669257707387396  0.03735103544962969
  0.03785550878732490  0.03853707035983959  0.03940446265838902  0.04006130500842334
  0.04071433747487266  0.04138424078735567  0.04200699372374610  0.04246132122629365
  0.04290075002075168  0.04329634191409282  0.04356420177790086  0.04382191838317790
  0.04411384744777709  0.04451009682428398  0.04498315722349864  0.04545650291861852
  0.04598197667171605  0.04665889878323080  0.04737235370185193  0.04795588978194982
  0.04847606613742580  0.04895268297287582  0.04936369274051059  0.04967532423579490
  0.05996632669516544  0.08306801060399890  0.14166778081458917  1.00000000000000000
 -0.00362484573576533  0.01296131169948498  0.02659340740273137  0.04020975700462776
  0.05521650523332879  0.07122072733502244  0.08397503833056223  0.09431707239151949
  0.10465852940506176  0.11420828892744701  0.12551400900566351  0.14124240466172852
  0.15628216585285151  0.17050119915887085  0.18406087342187771  0.19415898276874480
  0.20380655478493098  0.21397347590190163  0.22423924188740324  0.23451952189568701
  0.24197689864336042  0.25122893104175131  0.26270562913006495  0.27578400425985999
  0.28915458751243439  0.30263398356748272  0.31607655020485992  0.32934468033616138
  0.34160811677559721  0.35350602459002733  0.36396071043642830  0.37421434386361491
  0.38348429840384723  0.39188367733910778  0.40071583038263270  0.41046200803630001
  0.42527963079045689  0.43863452973354949  0.44603659310450378  0.45213127836619132
  0.45597714825775887  0.46003017469196944  0.46456617150417834  0.47102826902376216
  0.47922170252213381  0.48557606502913064  0.49119478335406669  0.49697482967902795
  0.49994031441312042  0.50601238972678142  0.51487730825486855  0.52367451235020590
  0.53300773606597085  0.54521342222668989  0.55935545583071811  0.57245695082884396
  0.58443664245031124  0.59724037203627389  0.61344623071948123  0.63014139249242784
  0.64118265606919334  0.65129343575459453  0.66111103561579199  0.67102465833815472
  0.68190841940128866  0.69328499499500162  0.70783759832292015  0.72448951232957204
  0.73832601478805193  0.75046643943110292  0.76155650030727173  0.77289012015141856
  0.78453407831875366  0.79626395990939947  0.80883695431000158  0.81701321265528304
  0.82257000831070926  0.82784067537064243  0.83460846651535214  0.84185494789918724
  0.84848257612228806  0.85537964949822554  0.86345646259119568  0.87031967923726539
  0.87798513164914171  0.88869089291974690  0.89980233420696154  0.91028868059852264
  0.92236716545658659  0.93574760053295791  0.94740441474539638  0.95786734559009257
  0.96854832584922690  0.97878091452257554  0.98954010073377840  1.00000000000000000
 -0.02003609384891897  0.21540749693490135  0.34951947742085049  0.44355266783937086
  0.51325647543773800  0.56138124184241978  0.60882353196404193  0.64979162367395582
  0.68631271475818589  0.71657971319339486  0.74349021537708027  0.76632172721573955
  0.78523917298744317  0.80209377985001262  0.81738670584472928  0.83095550186410694
  0.84222165059012610  0.85251437954972120  0.86100767712941151  0.86884993329228011
  0.87615531082647535  0.88309266502623340  0.88941273181772940  0.89579249115962722
  0.90181894696791520  0.90792557877044977  0.91316750536516789  0.91762819979759680
  0.92185413632782043  0.92589269138722019  0.92997019334901110  0.93370642978766116
  0.93704248254475775  0.93973723665113251  0.94195832076001207  0.94426529900641498
  0.94666287802455840  0.94893655292566514  0.95101672821402916  0.95301606080299950
  0.95501066293676673  0.95689297893548597  0.95857992957912752  0.96005769429888255
  0.96141053855224246  0.96276212381314330  0.96408765918955142  0.96532247573189789
  0.96639635627031617  0.96755277557486652  0.96875972700239610  0.97000874103826351
  0.97128463121123032  0.97249152055726040  0.97344790749065435  0.97430431440308951
  0.97515244368957554  0.97596697404923882  0.97676100738243876  0.97752569514975585
  0.97829979184503313  0.97909270737575149  0.97987380149154690  0.98061317534025405
  0.98131310594155108  0.98202474868392797  0.98277496744862691  0.98343879257680367
  0.98397918202294221  0.98452077732065968  0.98502254717134530  0.98547479822367012
  0.98589818547671548  0.98628869131788355  0.98665798674915450  0.98703869818931955
  0.98743376932462734  0.98788163655512085  0.98842792780760158  0.98895246036307483
  0.98944893506260756  0.98993962614234632  0.99041351160163593  0.99088625779017259
  0.99135767167565259  0.99188286389536151  0.99241972535585121  0.99297081293679412
  0.99355553537057972  0.99416147937704569  0.99465523879912310  0.99510994961289134
  0.99557664434062876  0.99611261494144299  0.99712770221620872  1.00000000000000000
 -0.01910068545748980  0.13130924372577019  0.17773491619862369  0.21218697736853118
  0.24352039041128409  0.26218388353030631  0.27388713213469301  0.28176621231338639
  0.28980810089625764  0.29769976349885952  0.30570506857663948  0.31374784619847707
  0.32490729500057841  0.33610400737960822  0.34798271203443942  0.36168922177585644
  0.37712047996420678  0.39289610456533003  0.40615528608185669  0.41813331284419769
  0.42999770188007969  0.44214564623206259  0.45514803713289909  0.46420049675692587
  0.47081028624157112  0.47652778212174141  0.48236546755670417  0.48881145338049703
  0.49579255977030628  0.50264869438219728  0.50951458374453884  0.51464771111874419
  0.52049581482835039  0.52705883682678278  0.53351918629347606  0.54042059356391647
  0.54709892237886049  0.55338570271890763  0.55945608065214603  0.56616003563958961
  0.57256322023183293  0.57824665749607551  0.58322796311049041  0.58726602784401383
  0.59091027764714732  0.59540926844651543  0.59852539829299700  0.60135814529682885
  0.60407184948877723  0.60679709136846194  0.60963253980499621  0.61303752230126785
  0.61698706901232014  0.62033649459263707  0.62392314083588440  0.62814654228844269
  0.63344977848264716  0.63848074149070277  0.64279573053062078  0.64688173246249869
  0.65003667697262757  0.65286829975103922  0.65589221584223478  0.65937748500053406
  0.66275466185880172  0.66618208881018770  0.66969175720496421  0.67332257351231972
  0.67755618013445651  0.68168960873645434  0.68557355132085984  0.68929763040389602
  0.69303165281664392  0.69689306972275022  0.70083216162656836  0.70465719585637099
  0.70889601115347867  0.71552245168990281  0.72294364309912462  0.73078471647609466
  0.73858608411220539  0.74764616595585354  0.75440489280139988  0.76110448953745335
  0.76776229854930800  0.77544185625449902  0.78545851906161357  0.79699869129020273
  0.80938481079014024  0.82342209865020632  0.83924805953624182  0.85513903060541718
  0.87152738812665120  0.89060677289291790  0.91686602067244793  1.00000000000000000
   2.1020784457587677E-043  -1.0000000000000000     
 F F F F F F F F F F F F F F F F F F T T T T T T T T T T T T T T T T T T F F F F F F F F F F F F F F F F F F T T T T T T T T T T T T T T T T T T
  <DiscreteSampler_grid>
  grouped_processes
  1 # 1 for a reference and 2 for a running grid.
  10 # Attribute 'min_bin_probing_points' of the grid.
  1 # Attribute 'grid_mode' of the grid. 1=='default',2=='initialization'
  0.0000000000000000 # Attribute 'small_contrib_threshold' of the grid.
  0.5000000000000000 # Attribute 'damping_power' of the grid.
 # binID   n_entries weight   weight_sqr   abs_weight
    10   10   8.069557877928581E-034   1.789296463382779E-066   8.069557877928581E-034
    11   10   8.069557877928581E-034   1.789296463382779E-066   8.069557877928581E-034
    16   10   9.422495349334635E-034   2.562273690219930E-066   9.422495349334635E-034
    17   10   9.422495348881755E-034   2.562273689911500E-066   9.422495348881755E-034
  </DiscreteSampler_grid>
