 -0.00037472837142110  0.00210488909721460  0.00351599266198146  0.00483248102479857
  0.00631421529991691  0.00803030856223545  0.00986469136662172  0.01193803921612598
  0.01422848127175034  0.01683359149319230  0.01946451010620063  0.02216439369916388
  0.02498524549330151  0.02790567114056758  0.03097351115653837  0.03426374936848720
  0.03779097115767677  0.04149006757535900  0.04529339644509839  0.04929485852337106
  0.05344921328302425  0.05761113962684519  0.06176726581348310  0.06609969393098933
  0.07084073569498708  0.07595527706811492  0.08123697940198789  0.08653072165736164
  0.09199453695429669  0.09772519717565790  0.10389383836770139  0.11034021616796723
  0.11696206245199814  0.12383291099979155  0.13082969065092545  0.13798165137241056
  0.14516128133852998  0.15244746438750353  0.16006528969497691  0.16799095599714972
  0.17654975290677269  0.18554642873253238  0.19493049312580665  0.20452284439042259
  0.21423503135197663  0.22415498719723873  0.23474695142873236  0.24583009437101672
  0.25751803103830906  0.26978652598083752  0.28306845882852238  0.29731719224954406
  0.31288186100808046  0.33002618024617486  0.34793338151671149  0.36682869865590778
  0.38726285238813452  0.40923881005138868  0.43370672406040062  0.45757951970394850
  0.48199261607086313  0.50556763310645758  0.52914937839713438  0.55249170158263827
  0.57620829528923634  0.59990488441179823  0.62325757761957523  0.64572199651303241
  0.66734341569082767  0.68800802336037004  0.70741062035187074  0.72540416971585220
  0.74183203934375441  0.75657279247114628  0.77099966661191988  0.78505395151539126
  0.79872381592778185  0.81205631948303092  0.82507541359827652  0.83728066395188183
  0.84903992224289626  0.86059650810967647  0.87191334866413461  0.88293303547264101
  0.89364257648489820  0.90425447122318559  0.91464628479599996  0.92482255470098573
  0.93486801806149911  0.94457502098352730  0.95418133114759041  0.96366961081637448
  0.97283248948814116  0.98194770140889909  0.99100608397449630  1.00000000000000000
 -0.00226459462274783  0.00919476494433165  0.01862659830876347  0.02901740362580627
  0.03977224784640945  0.05148621008861990  0.06254565674725296  0.07324427927775722
  0.08357390298761611  0.09378183889163316  0.10377476906704779  0.11336160267082154
  0.12298432882203510  0.13243667522441574  0.14208657677173531  0.15195401921387816
  0.16195701635285714  0.17214477575175904  0.18234529938904631  0.19248843736662066
  0.20259521666169839  0.21279104295467743  0.22330552677452617  0.23394595791602668
  0.24459525729650411  0.25517400569203530  0.26596762396599055  0.27659506476543566
  0.28712906407306327  0.29751010573870829  0.30779930814141870  0.31788887039401076
  0.32802870179575544  0.33865879718470931  0.35020924662942648  0.36057555527250112
  0.37031454623321991  0.37989814373345188  0.38896499179977218  0.39776038868541547
  0.40577745245262214  0.41401565822830011  0.42338756150960244  0.43355403425818850
  0.44356839218270655  0.45310987070522801  0.46343270014214316  0.47464223324379856
  0.48583789676207839  0.49677919909728452  0.50714788821976187  0.51708779566490792
  0.52716973654201249  0.53734770023586420  0.54765089836828462  0.55817999497860227
  0.56903354038542719  0.58038422594647054  0.59176972840916853  0.60285134385124195
  0.61348553196126043  0.62413947537333447  0.63462525149396043  0.64550895740914149
  0.65675449181230183  0.66802324124239409  0.67914550103716986  0.69011096633622038
  0.70077765184005347  0.71087470152018939  0.72113744666707369  0.73132252445499402
  0.74180268685862172  0.75220703702188096  0.76257184814139245  0.77303244016448125
  0.78371557154062010  0.79462905072798184  0.80592425294604275  0.81752585561511915
  0.82933655555467722  0.84087313381018081  0.85205567508119995  0.86360137083330524
  0.87517335434590671  0.88692288465314950  0.89873721321005595  0.91058074774862363
  0.92164842693750215  0.93243602277478588  0.94317022498802450  0.95462498733639956
  0.96601282298395108  0.97715653544519587  0.98843608782700609  1.00000000000000000
  0.00134856769088622  0.01671189714380221  0.03174252879260066  0.04486245096245293
  0.05668437293986443  0.06743154475504282  0.07809817232665038  0.08863867144944944
  0.09986490853131434  0.11082480159627886  0.12120259332415716  0.13125095326019068
  0.14098936442421614  0.15069878105215243  0.16012628108290142  0.16956043622365419
  0.17897606392721144  0.18819023816687708  0.19753955202277396  0.20678947089183647
  0.21642766226419613  0.22580627395963365  0.23562211362834184  0.24564590038949941
  0.25541870736126893  0.26508821489858081  0.27487771276119960  0.28464738321131389
  0.29420694759468929  0.30325501457594811  0.31208335598346043  0.32083826660558845
  0.32985300689832375  0.33919334284991548  0.34885847419000532  0.35862133063812607
  0.36797064442968058  0.37714451151634665  0.38648342544262149  0.39583761630384540
  0.40517696352789562  0.41433709139060393  0.42338710820946307  0.43215369538255227
  0.44063847423818392  0.44937560539335264  0.45815666890609968  0.46710685525965628
  0.47586536010264641  0.48449341178405597  0.49329732722819836  0.50210509908360512
  0.51067192088381674  0.51894136880407482  0.52745485908142076  0.53616758138045129
  0.54551637199296654  0.55479555093722621  0.56411976068173730  0.57295233929696565
  0.58228420097175948  0.59177391937256407  0.60106230685332396  0.60948472048828706
  0.61768773920110143  0.62604109489720938  0.63437490258108664  0.64286613578234664
  0.65125766517036277  0.65958908094767499  0.66822467870570601  0.67659623539995961
  0.68508325927275371  0.69360228871578689  0.70237783388944908  0.71095011427900245
  0.71938021555106435  0.72764257178012148  0.73678210523679299  0.74656264319277954
  0.75624674438393369  0.76585989266301568  0.77522596918495867  0.78438273367121847
  0.79376774590480004  0.80368407355100147  0.81460344768090875  0.82642867557776178
  0.83894708834043286  0.85220009904638183  0.86501619933000584  0.87981362024143950
  0.89813300264767426  0.91905761871018865  0.94437726530007926  1.00000000000000000
 -0.01584330630333401  0.09817206153867783  0.13832452754320942  0.16402321549387189
  0.18352980595689289  0.19968203483337341  0.21362508042948641  0.22580151881629293
  0.23695853450138968  0.24736470978878028  0.25633453337709389  0.26468541854843003
  0.27280246199020297  0.28087817745175025  0.28879053624535256  0.29661687583822566
  0.30430641415814191  0.31179496905922366  0.31913900484037833  0.32636126355338951
  0.33342509043380680  0.34024123896145930  0.34696681337171398  0.35386967637026595
  0.36076147285256355  0.36757844017457764  0.37391368511337492  0.37985283502354261
  0.38564272092874802  0.39158423111077861  0.39768733843062321  0.40369302564881443
  0.40955975177511789  0.41508929525818600  0.42024222187068339  0.42549813255059193
  0.43080596135438493  0.43632012062411346  0.44201258292879225  0.44768677800299894
  0.45324174682775070  0.45875073273530359  0.46442607621922138  0.47036026842023182
  0.47646832392729060  0.48237222951224629  0.48773607391270818  0.49318995155682660
  0.49849467665862074  0.50402537235095335  0.50955435245912739  0.51510837772422091
  0.52072666617375851  0.52626417800677017  0.53179734254276978  0.53720391767718734
  0.54255994415425080  0.54838881647640536  0.55444949900637952  0.56066112753545316
  0.56690947162459271  0.57307767218388517  0.57909735375442561  0.58498954717067353
  0.59089693397007326  0.59687893910119083  0.60304242731064017  0.60932712567964353
  0.61560684772553320  0.62198024185877931  0.62848259169000587  0.63500605441599955
  0.64149685929542011  0.64810422957669078  0.65496288841579675  0.66190605894811105
  0.66896688436763818  0.67648700864437272  0.68441784094266200  0.69299058841862415
  0.70158227114175487  0.71010054654058952  0.71863916993237253  0.72764568867655444
  0.73723141013457627  0.74698517364521577  0.75684624735008743  0.76721442821729391
  0.77884314627462692  0.79213040358674291  0.80691839662952203  0.82291667043910999
  0.84293586570448875  0.86899924670697370  0.90998028905139983  1.00000000000000000
   3.3058980705360062E-016  -1.0000000000000000     
 F F F F F F F F F T T T T T T T T T T T T T T T T T T T T T T T T T T T F F F F F F F F F T T T T T T T T T T T T T T T T T T T T T T T T T T T
  <DiscreteSampler_grid>
  grouped_processes
  1 # 1 for a reference and 2 for a running grid.
  10 # Attribute 'min_bin_probing_points' of the grid.
  1 # Attribute 'grid_mode' of the grid. 1=='default',2=='initialization'
  0.0000000000000000 # Attribute 'small_contrib_threshold' of the grid.
  0.5000000000000000 # Attribute 'damping_power' of the grid.
 # binID   n_entries weight   weight_sqr   abs_weight
    10   10   1.801779747526972E+000   2.025974767220500E+001   1.801779747526972E+000
    11   10   1.801779747526972E+000   2.025974767220500E+001   1.801779747526972E+000
  </DiscreteSampler_grid>
