 -0.00002803859370734  0.00048113941268605  0.00090933772445840  0.00132569609937265
  0.00173572803097905  0.00212289952159660  0.00249122257999435  0.00287232703916012
  0.00330243991483204  0.00373551783815604  0.00413982069517810  0.00449628468785112
  0.00481693439589208  0.00513271747221947  0.00549391826818989  0.00590233586403604
  0.00630963239817165  0.00673012411249191  0.00712332133818708  0.00748568673670827
  0.00784722618442659  0.00820674561703789  0.00856846980133072  0.00893156973672369
  0.00926892889400769  0.00957700288408730  0.00989648343882489  0.01021523991434410
  0.01050520757633863  0.01084382030061153  0.01121510022463622  0.01159285523764409
  0.01197983510080803  0.01234411837406981  0.01274736424804616  0.01317446881582167
  0.01363187095840844  0.01412511788557851  0.01459292401741171  0.01500170487632857
  0.01539326032492206  0.01577849698298579  0.01612661626406403  0.01650383464095609
  0.01687786774175527  0.01729484090912901  0.01774470417928582  0.01818365597988904
  0.01862818266572506  0.01908147307777136  0.01953690534606758  0.02038679854176766
  0.02139216388273184  0.02246926936765116  0.02360294116890623  0.02451180756807000
  0.02530286590653253  0.02597250959138821  0.02654828174731426  0.02713822984666729
  0.02778875527317556  0.02856932572918838  0.02954541638409491  0.03077699528196050
  0.03177305103771901  0.03269911164405088  0.03369511934675971  0.03486094721578507
  0.03627033061279827  0.03766468167767608  0.03903708221306634  0.04031751243274503
  0.04140027555184248  0.04248303867093993  0.04362956313338411  0.04481015896056366
  0.04662941880328480  0.04821285642150928  0.04954244499224899  0.05056735687396329
  0.05161332485047655  0.05311925372312903  0.05472743149405317  0.05715455820249407
  0.05905242930101515  0.06079550022112043  0.06286416375548451  0.06493282728984859
  0.06700149082421267  0.07343882892412207  0.09988145145980269  0.12632407399548334
  0.15276669653116398  0.17920931906684465  0.23093679544908907  1.00000000000000000
 -0.00232556877010404  0.01116460750041330  0.01969236458151493  0.02668890948142306
  0.03384897232674695  0.04091664383493474  0.05092490884721474  0.06147646711172407
  0.06994687949039320  0.07837532281614448  0.08679197387329958  0.09544318620015435
  0.10489036791926436  0.11590310987801790  0.12874609388804761  0.14204053974104225
  0.15545996211955276  0.16811141060802301  0.18018888894764140  0.19178868547063263
  0.20437208615598709  0.21827470911455121  0.23161216426720399  0.24227389338897048
  0.25251152874822885  0.26254301885254000  0.27412561645222577  0.28584472568041003
  0.29632240360147738  0.30615226998901707  0.31644900167494910  0.32480294772024865
  0.33285481548080109  0.34082161823961338  0.34980516447341864  0.36080792386071270
  0.37402585803047128  0.38838495401989198  0.39864146632493580  0.40310363168834701
  0.40775611278227591  0.41256020328227244  0.41743059526969184  0.42232083700489426
  0.43104508651891227  0.43960628766575816  0.44923407206062199  0.45863635607794656
  0.46677563173834863  0.47444413834084576  0.48345374791209039  0.49485850993151836
  0.50670683428099916  0.51770117314240349  0.52958521464389896  0.54196870694693566
  0.55496602810376050  0.56823717808897645  0.58152444992475083  0.59325667306452445
  0.60538906560780836  0.61681551362683318  0.62752938723881002  0.63701487282577474
  0.64883090859812431  0.66385280220725851  0.67972232062314575  0.69484479123987575
  0.70830404323905338  0.72003169106701359  0.73116656302653538  0.74126697975941669
  0.75061543528054231  0.75950353285079242  0.76891743929618750  0.78029447485322290
  0.79233331519943517  0.80305895524849047  0.81349616895067089  0.82328061869738312
  0.83240464926155144  0.84087016251868407  0.84954823012835501  0.85993134048505171
  0.87069184532549437  0.88217135602942309  0.89512817572864689  0.91020593828671659
  0.92395542317322266  0.93703678367110410  0.95016446452135084  0.96127812100695587
  0.97021053132819690  0.97956090767121784  0.98939605613205062  1.00000000000000000
 -0.00438483222078453  0.06177733771688783  0.10905873656128801  0.14833031725828039
  0.18193815751710232  0.21018622231936482  0.23615398530391379  0.26104641725878230
  0.28316691596007265  0.30211577748265328  0.32145675550124292  0.34173812210995547
  0.36335201993931682  0.38625894121897392  0.40540908398873182  0.42162633516157250
  0.43732340043977708  0.45170499593180180  0.46675596773637595  0.48167677081562849
  0.49488919694739636  0.50675186564953167  0.51775903538016010  0.52856656491406240
  0.53935910922744279  0.55092007125356024  0.56263267493288094  0.57393065263053522
  0.58436802664766219  0.59323816998625800  0.60150928403967985  0.60960215220321368
  0.61707974400437582  0.62430889435944836  0.63183901209208382  0.63952196680965123
  0.64759190197831384  0.65555717573312600  0.66463207397305102  0.67149375552174917
  0.67773351717051966  0.68338869660426316  0.68896669316880466  0.69446257068205575
  0.70007524052884407  0.70588470182506491  0.71128034026627907  0.71622893852730640
  0.72110157187666268  0.72598688147495072  0.73135576008072833  0.73758782396857259
  0.74368021700239961  0.74940835095102409  0.75490569776591954  0.76043631835479608
  0.76601695720173024  0.77162949454734031  0.77755226549185330  0.78420525709379219
  0.79014978599477281  0.79578669442876027  0.80070276049788913  0.80568858239401964
  0.81080918939960145  0.81584548025379477  0.82089895932323464  0.82547237186210198
  0.82973123748931632  0.83411002200802475  0.83857701310906940  0.84338968444062845
  0.84839700982077082  0.85391198202062779  0.85929501714589507  0.86439067089639243
  0.86948207112683895  0.87505029554802938  0.88077756917788563  0.88685096353311699
  0.89273640043351032  0.89769222096918200  0.90277709670108808  0.90706936157718943
  0.91079762453983781  0.91499531317305116  0.92052999607093733  0.92705043010120258
  0.93461547298529846  0.94189903259981123  0.94800630500771133  0.95298843776300768
  0.95972185690979661  0.96774279890868065  0.98310469746890394  1.00000000000000000
 -0.01811849277508867  0.13039023945170752  0.19564791704559156  0.22750790010923322
  0.25063903986301661  0.27190663925218844  0.29052945902526073  0.30886353488272839
  0.32472344339566889  0.33732075907950537  0.34780133035759059  0.35837245145533014
  0.36950136817550888  0.38001277054489557  0.38873667118322225  0.39647316218304085
  0.40420347467151574  0.41160634094871029  0.41893441024141753  0.42642821789319524
  0.43434044221988477  0.44263185756715645  0.45037481912389377  0.45662096355478138
  0.46320908481941281  0.46971110138521577  0.47683125417748079  0.48492917581090783
  0.49266755969092269  0.49966881151294024  0.50449659698366234  0.50844962854336961
  0.51267590395326335  0.51703909161564476  0.52147271794085359  0.52684039273739880
  0.53173431258939086  0.53633954389061644  0.54069002064404259  0.54531104642071371
  0.55026292323740733  0.55557293219133297  0.56042958506508833  0.56537474032817403
  0.57021526907692588  0.57553030429471286  0.58104232667495592  0.58712092665520432
  0.59263764573804789  0.59785932533424868  0.60285378192983774  0.60818771397857818
  0.61370259994933873  0.61838094586138570  0.62185136155291065  0.62421642090696683
  0.62645847971505930  0.62854469744181973  0.63079007549053567  0.63317000972838100
  0.63747862230822727  0.64167442847120493  0.64544590015447845  0.64985300415257696
  0.65466614805226664  0.65965334822677135  0.66505530396601087  0.67013724695645904
  0.67511410296328844  0.67996948411784941  0.68421356772047937  0.68888313762326081
  0.69437707344969579  0.69970251164101582  0.70498043980473246  0.71008870395377222
  0.71566086136714491  0.72106942316401057  0.72637045435602154  0.73285612253981647
  0.73996356255677398  0.74726647046542360  0.75469553250151777  0.76272096720987881
  0.77198056276079763  0.78188222210309988  0.79233083584643160  0.80170736280844712
  0.81056173613506033  0.81935480060766896  0.83021400557703218  0.84271443569882665
  0.85814187544346299  0.87842980260788572  0.90990095245373204  1.00000000000000000
   3.1640788163160521E-012  -1.0000000000000000     
 F F F F F F F F F T F F F T F F F T T F F F T F F F T T T T T T T T T T F F F F F F F F F T F F F T F F F T T F F F T F F F T T T T T T T T T T
  <DiscreteSampler_grid>
  grouped_processes
  1 # 1 for a reference and 2 for a running grid.
  10 # Attribute 'min_bin_probing_points' of the grid.
  1 # Attribute 'grid_mode' of the grid. 1=='default',2=='initialization'
  0.0000000000000000 # Attribute 'small_contrib_threshold' of the grid.
  0.5000000000000000 # Attribute 'damping_power' of the grid.
 # binID   n_entries weight   weight_sqr   abs_weight
    10   10   1.032473130108054E+001   2.978324299026567E+002   1.032473130108054E+001
    11   10   1.032473130108054E+001   2.978324299026567E+002   1.032473130108054E+001
  </DiscreteSampler_grid>
