 -0.00036353694509683  0.00204490449968251  0.00342840970435983  0.00476169431781436
  0.00627384316135298  0.00806127528944255  0.00994538993687322  0.01188300898898437
  0.01417702715999263  0.01671995084870832  0.01929204314846703  0.02200722030587408
  0.02511081095939130  0.02842459219826226  0.03179900060255681  0.03531537221069288
  0.03891743509121397  0.04266434216801482  0.04663309850028699  0.05083034792256254
  0.05506268031437700  0.05931815425916504  0.06365207893185319  0.06815521373760706
  0.07286657992900634  0.07781118669705614  0.08268676419594093  0.08752527775433541
  0.09230079762437883  0.09765909577059648  0.10323732284535296  0.10918560733996677
  0.11514308100817482  0.12124229532706128  0.12753075882123985  0.13413050866890666
  0.14103096234765586  0.14823300026541900  0.15594656757942077  0.16415298201243525
  0.17265847338355422  0.18117037779109901  0.18958036919032681  0.19804782711470167
  0.20705337399830692  0.21663776384501549  0.22688610529753023  0.23746167939740984
  0.24848243715139659  0.25998822808897876  0.27233091715565833  0.28533552944350565
  0.29911700260406604  0.31394265481977063  0.32943514444233979  0.34651538594654918
  0.36483790649586417  0.38521103298848131  0.40740297179952772  0.43236152800106969
  0.46028337744221004  0.49185141516878095  0.52370054381653630  0.55374944256460135
  0.58157659737818113  0.60900227518014061  0.63583147605251522  0.66055458859997651
  0.68197512963796036  0.70167962097379644  0.71983865583843087  0.73682162899382830
  0.75298964749476605  0.76853658940345726  0.78285522013963216  0.79640420801262934
  0.80953221663707753  0.82200465350699692  0.83363741957516346  0.84490811764446916
  0.85585295780463899  0.86659912451652377  0.87705720299538803  0.88724688179065547
  0.89768963910402189  0.90798122674478465  0.91799693359542778  0.92772384283626486
  0.93732134659810773  0.94678031099372539  0.95605859189883213  0.96513485212534345
  0.97400298002973540  0.98277188007269189  0.99143971414166421  1.00000000000000000
 -0.00170844631615320  0.00857021193719258  0.01707753088197162  0.02571025580048143
  0.03461717923494816  0.04389241185582732  0.05386533322465797  0.06439034104215889
  0.07534826211729995  0.08643498855350644  0.09698716508857406  0.10724640938642949
  0.11741110715278602  0.12736350083420059  0.13703572065236030  0.14691799454922694
  0.15687597887217686  0.16709615980840944  0.17718706001720891  0.18731214403239682
  0.19771506398395039  0.20902039273364251  0.22098689572042354  0.23375350853592014
  0.24673513609414838  0.25913019515140329  0.27140055212952735  0.28231450808571451
  0.29260326316951313  0.30276636070645196  0.31321780890258816  0.32397179769171558
  0.33456561185265493  0.34521847711622317  0.35554696625334015  0.36561143637242755
  0.37580560201030400  0.38607662071030441  0.39666229427806415  0.40755147725320984
  0.41840708256958214  0.42930098000145855  0.44025310714198712  0.45157116096976058
  0.46287569735934098  0.47407731553118471  0.48492421916502787  0.49563034714907667
  0.50663142935342675  0.51733475239436555  0.52767850600500388  0.53792220928302237
  0.54853658812420247  0.55973413568357311  0.57091340132944035  0.58173174217617285
  0.59209264939830897  0.60225675995854400  0.61295029951902380  0.62414791226723232
  0.63563748036593970  0.64623267300887810  0.65673882172833042  0.66719964313592861
  0.67833510708423350  0.68978530457481702  0.70080732875398943  0.71133529854046063
  0.72173636600266999  0.73177572119946555  0.74146430314074419  0.75153805033836973
  0.76161506983433358  0.77145952963709474  0.78145795502164428  0.79183860578398446
  0.80228114377989812  0.81230839539283173  0.82207736061449854  0.83172321556214368
  0.84146049363426367  0.85126594246113307  0.86184911423857213  0.87267082344138092
  0.88280406600948735  0.89281237786387058  0.90314449190335977  0.91438092907437407
  0.92543121001837825  0.93678550733066279  0.94767894214524429  0.95885882192489724
  0.96894455822998060  0.97936333420851951  0.98949627178967181  1.00000000000000000
  0.00055733367193666  0.02152520956932116  0.03985154450368747  0.05524159463938948
  0.06946815944239962  0.08313110655202044  0.09614994506156969  0.10929786483801228
  0.12290807799195681  0.13604931511991583  0.14869106171772675  0.16108625842811775
  0.17326362856163718  0.18556482933924964  0.19834319255495902  0.21107698704456371
  0.22332576846099425  0.23591097442110232  0.24849468696789656  0.26095005202261984
  0.27312091373868508  0.28579329300706213  0.29811704678209605  0.31051129847281417
  0.32247411061037645  0.33423916421700983  0.34548671898857591  0.35630756231563171
  0.36715546061507343  0.37830055460462575  0.38944804205517985  0.40028449025305751
  0.41098670315168978  0.42166093473249117  0.43205737202082783  0.44205239106218824
  0.45177161238258562  0.46130771835628198  0.47118915003663903  0.48094580115019020
  0.49060469538884482  0.50015707571329793  0.50964925850157039  0.51913921513370065
  0.52842064166863301  0.53741433308191022  0.54652221464649042  0.55587808003484840
  0.56527859600138597  0.57436963084809223  0.58312866389149398  0.59182318543777457
  0.60034167661060811  0.60846997432050109  0.61654141054703337  0.62470173772835191
  0.63391569511626256  0.64338551875435834  0.65213509920609858  0.66041021419180501
  0.66847885831309151  0.67637864179772389  0.68436989208056442  0.69223968002820191
  0.69982302071422797  0.70729402321465296  0.71508669465437458  0.72289380871173514
  0.73055056943684071  0.73803635375075960  0.74552536322937446  0.75319463400884001
  0.76107438957118190  0.76921560824417812  0.77759719890223478  0.78684599198764427
  0.79640723201110464  0.80625098112748972  0.81513409354122546  0.82328148858787942
  0.83111867415184648  0.83885867682357673  0.84670754884271116  0.85467670107328886
  0.86198622525865365  0.86926394373181071  0.87679974662958615  0.88477551296691381
  0.89336971297503942  0.90258399673618372  0.91133230663905107  0.92030718262357358
  0.93079342015006361  0.94344649417149717  0.96168060725365978  1.00000000000000000
 -0.02056747750338010  0.15344962713923671  0.21045275535283156  0.24698416107432353
  0.27304409580874306  0.29482163909503573  0.31430821039113022  0.33191837551885989
  0.34779456647062917  0.36130708809268119  0.37333365406263108  0.38477097481255024
  0.39568077702104376  0.40573812995292008  0.41540666566382295  0.42455128350621640
  0.43330690765116209  0.44184991257503164  0.45038702734924624  0.45888544662548542
  0.46710542048763309  0.47488944000569394  0.48230978562916255  0.48954824932539476
  0.49664441947451354  0.50371923560720155  0.51074000763606642  0.51734355478240757
  0.52352367086604401  0.52915372667074478  0.53471902302251462  0.54039524912204340
  0.54595968517596605  0.55147981671483692  0.55696081808213260  0.56230253117006423
  0.56767403377593595  0.57268562934892564  0.57750832746394976  0.58231348799667548
  0.58731350304901275  0.59256315256884440  0.59791083197776329  0.60321710366539139
  0.60830404406497773  0.61328143430521265  0.61821737536757992  0.62308224055246197
  0.62787289019408676  0.63258229344860450  0.63721765800362806  0.64166129796903582
  0.64597332196276169  0.65064036470831821  0.65541952204207465  0.66008578948647656
  0.66465309927893468  0.66917595763992732  0.67380470106637469  0.67862406493113570
  0.68361625119152902  0.68875170798464946  0.69393263086407575  0.69921136473726841
  0.70447722234284726  0.70926067905839263  0.71403558582779814  0.71883609317861485
  0.72359726026545201  0.72846530193332437  0.73353963979041947  0.73844613074497312
  0.74342546137057175  0.74843500557731812  0.75381522239728138  0.75928350262429667
  0.76495492968242773  0.77075201359865475  0.77656009603397003  0.78234680411121338
  0.78817362202046393  0.79417746415944102  0.80059878842397958  0.80720388070957627
  0.81419970462211888  0.82129441317464658  0.82897794847446304  0.83749960284663427
  0.84661664618138199  0.85606782089577249  0.86626534560679702  0.87778794801718396
  0.89145726819734450  0.90928116489812116  0.93606004778394736  1.00000000000000000
   5.6389049354844537E-018  -1.0000000000000000     
 F F F F F F F F F T F F F T F F F T T F F F T F F F T T T T T T T T T T F F F F F F F F F T F F F T F F F T T F F F T F F F T T T T T T T T T T
  <DiscreteSampler_grid>
  grouped_processes
  1 # 1 for a reference and 2 for a running grid.
  10 # Attribute 'min_bin_probing_points' of the grid.
  1 # Attribute 'grid_mode' of the grid. 1=='default',2=='initialization'
  0.0000000000000000 # Attribute 'small_contrib_threshold' of the grid.
  0.5000000000000000 # Attribute 'damping_power' of the grid.
 # binID   n_entries weight   weight_sqr   abs_weight
    10   10   4.157600746701099E-005   2.000484066910630E-009   4.157600746701099E-005
    11   10   4.157600746701099E-005   2.000484066910630E-009   4.157600746701099E-005
  </DiscreteSampler_grid>
