 -0.00001844456011150  0.00014112435397233  0.00029786946766000  0.00051014913817469
  0.00078203074589024  0.00112752658248486  0.00159065278490870  0.00209386756869571
  0.00267776544037573  0.00336865864723993  0.00411181230479192  0.00489742659442715
  0.00575562685760752  0.00668365134047569  0.00768167045162106  0.00871657406697023
  0.00978539346842729  0.01094940701760482  0.01220537334316214  0.01351448130590262
  0.01485603649864125  0.01629814846975162  0.01790503384398079  0.01974035023206965
  0.02156997194878851  0.02342937695910495  0.02534699999535674  0.02738446630478538
  0.02950512338473071  0.03166321985107357  0.03384188381181823  0.03604283755168333
  0.03835273979294331  0.04081238785065655  0.04339741862925758  0.04609635968755241
  0.04896425622180480  0.05201058178405505  0.05522172194662955  0.05862503296544273
  0.06222403442987345  0.06602242634958699  0.07002218605247543  0.07411562211452886
  0.07849905400209237  0.08304658321970949  0.08788416010159709  0.09296202285204766
  0.09818991645447329  0.10347155620877629  0.10880799922487128  0.11423600503879847
  0.11980199035548389  0.12576407752974153  0.13192124453218057  0.13817836512444395
  0.14467722712124226  0.15155612309566238  0.15863553183819140  0.16587285796715714
  0.17338246104985183  0.18130426048423695  0.18971795310235792  0.19868704712232838
  0.20815657207273697  0.21772810815135887  0.22809733720792738  0.23840805024474845
  0.24890598626224397  0.25977969778516102  0.27156889673081863  0.28400462326445741
  0.29720136828392035  0.31141211196270591  0.32668148316218709  0.34240591782563568
  0.35827988566385233  0.37562570014265134  0.39323548009295378  0.41238972202740093
  0.43305713806680701  0.45614587564771636  0.48032431050882618  0.50541807533625260
  0.52962153498180398  0.55262147548740259  0.57741084276163779  0.60346595580073925
  0.63241600403623099  0.66696728666543748  0.70583365488863548  0.74884573036881252
  0.79763778364281734  0.85430593068538696  0.92135630612421593  1.00000000000000000
 -0.00227172455686843  0.00926995067179360  0.01899214253811525  0.03019015040654355
  0.04176214311592558  0.05270709716641257  0.06333226341988325  0.07382538596741127
  0.08443627883282664  0.09502240880093923  0.10613643826899476  0.11724817225649846
  0.12827241413960352  0.13954251763792466  0.15082346861598828  0.16237474215323552
  0.17392392865741335  0.18510478450357601  0.19589065433590608  0.20673345217975311
  0.21717433177845999  0.22748584136134681  0.23599211347535642  0.24476732192903913
  0.25382081230834475  0.26355808967279937  0.27499271633412692  0.28620132544050120
  0.29763722616825988  0.30848130903570309  0.31890276311812110  0.32836906959129020
  0.33829104138231336  0.34755327877534292  0.35782935839362723  0.36824514971406974
  0.37912224304766978  0.39001071380418523  0.40121112586460972  0.41256791754061073
  0.42321280710383441  0.43371540297397365  0.44554408228227416  0.45763769791556569
  0.46950181971253391  0.48102446006379063  0.49227441623060914  0.50257259013424826
  0.51244242672933260  0.52221401391133526  0.53237368306541766  0.54277263795759889
  0.55322824907543644  0.56404669087308223  0.57550636855022830  0.58700916910623202
  0.59820654842694310  0.60885340450043368  0.61897282202030413  0.62905881874049119
  0.63897337187980874  0.64918024405313168  0.65951678025844052  0.66961060161804065
  0.67964739058764978  0.68999240509631898  0.70090508787849581  0.71196147110341879
  0.72244603570967914  0.73280703479140785  0.74337478124297984  0.75398004280577091
  0.76440969653117696  0.77481352765885447  0.78532256828506408  0.79555755601757427
  0.80588811086941026  0.81663020127878860  0.82746107238724531  0.83794277905775105
  0.84789871614333290  0.85786560626464947  0.86787209109789365  0.87754563612307701
  0.88695321115705450  0.89653491067816471  0.90651773161388816  0.91643741589558425
  0.92588598162823721  0.93547578695295308  0.94597444034659350  0.95697908837516998
  0.96741372867327446  0.97782897873123342  0.98891404063891986  1.00000000000000000
 -0.01001480483168891  0.05619669574105500  0.08783095943285074  0.10803265097879780
  0.12455765318599744  0.14076444231686810  0.15739914207453742  0.17314900130257235
  0.18821254740030152  0.20278968143481299  0.21703674078093080  0.23053591781716418
  0.24329574336401363  0.25546403268973461  0.26715105916808146  0.27845735767841501
  0.28983918198944136  0.30093647992934092  0.31192109789823813  0.32312813583128502
  0.33444785163544910  0.34559977293814792  0.35667077306640549  0.36734363988077057
  0.37719456355737813  0.38653231737723726  0.39628854497312715  0.40626701320688624
  0.41650995135764074  0.42674652969005805  0.43652530162230035  0.44593507266064303
  0.45475953466527791  0.46332745683430937  0.47141399196676198  0.47766689013321484
  0.48370058216974027  0.48967774106969059  0.49605092106069820  0.50403746454587472
  0.51203795830208532  0.52012006279572798  0.52929943161559001  0.53840803565214457
  0.54792319539991430  0.55771878050171431  0.56699051039108028  0.57598808533121071
  0.58472234410890611  0.59312952618076231  0.60124438716368589  0.60895841998352185
  0.61646103278579933  0.62409759680718935  0.63179556256896918  0.63925345873260586
  0.64665037365137101  0.65380495456439780  0.66109160776961895  0.66847170104647691
  0.67584339743218902  0.68302337411040404  0.69001353192756820  0.69727528023987007
  0.70446615881531993  0.71202293788931426  0.71983354848426639  0.72774302845409600
  0.73569513819818255  0.74383462826157332  0.75213434019694048  0.76038945496214605
  0.76859254401528199  0.77652787254278743  0.78449303834885065  0.79291569425833708
  0.80115551730990486  0.80950446980424706  0.81771520128663044  0.82596507955968068
  0.83438826005239874  0.84312225690828346  0.85215762022726038  0.86109728724977275
  0.86982938855713887  0.87864413076441927  0.88789091052161340  0.89743280894012845
  0.90688317383012951  0.91658176852965190  0.92689426566792277  0.93779969722335532
  0.94916747328230200  0.96219945836183096  0.97894353782263999  1.00000000000000000
 -0.01891411420044992  0.12681964102632459  0.16873034200067480  0.20087023105568227
  0.22825111865198575  0.25104983948423981  0.27173480976484560  0.29089224321071627
  0.30801592519009630  0.32174501822199342  0.33308143513299554  0.34423739425047700
  0.35666257365260656  0.36995828686626786  0.38266114594512424  0.39501217003612799
  0.40687845846850190  0.41820331830988178  0.42905058358881554  0.43966790885257734
  0.45007096129247454  0.46031100337517178  0.46763397895193159  0.47490642333186728
  0.48201163741927211  0.48929501448320850  0.49821869580816347  0.50696292379792396
  0.51558897626871292  0.52423655600554731  0.53309156703272331  0.54180831667796114
  0.54996431861790585  0.55788829999494383  0.56558923327083077  0.57331638555384057
  0.58106011788560818  0.58859782892428902  0.59589646393642814  0.60287005275808037
  0.60948347704637540  0.61587066459122008  0.62221099973684546  0.62857013727020117
  0.63495567349127968  0.64127936889275838  0.64737751462770932  0.65331462740435697
  0.65904830610780929  0.66480432340200202  0.67046741468516069  0.67595420029255460
  0.68146755258307101  0.68695630328393231  0.69239937893784154  0.69766659759869332
  0.70271048496102462  0.70761605546805184  0.71249969491437093  0.71740684484056672
  0.72233610410458093  0.72736849099214229  0.73258910060870785  0.73803372339221296
  0.74338771010182003  0.74872448287347904  0.75396553795360344  0.75915806966634047
  0.76420118173657181  0.76927924616494603  0.77449381560355024  0.77969431082367679
  0.78489790232449952  0.79017177329087140  0.79510917353072519  0.80035708914731218
  0.80568024831450191  0.81101601130565160  0.81634248156793510  0.82168565329030940
  0.82710859555853322  0.83265241806149237  0.83838684404366270  0.84427495855445567
  0.85032078919838694  0.85664696699178755  0.86325743092743079  0.87017861807262897
  0.87754490810447350  0.88544092869892699  0.89409137037883923  0.90382936601367037
  0.91535456912781976  0.93013752682420958  0.95265412748221368  1.00000000000000000
   4.1283659065878713E-005  -1.0000000000000000     
 F T T T T T T T F F F F F F F F F F F F F F F F F F F T T T T T T T T T F T T T T T T T F F F F F F F F F F F F F F F F F F F T T T T T T T T T
  <DiscreteSampler_grid>
  grouped_processes
  1 # 1 for a reference and 2 for a running grid.
  10 # Attribute 'min_bin_probing_points' of the grid.
  1 # Attribute 'grid_mode' of the grid. 1=='default',2=='initialization'
  0.0000000000000000 # Attribute 'small_contrib_threshold' of the grid.
  0.5000000000000000 # Attribute 'damping_power' of the grid.
 # binID   n_entries weight   weight_sqr   abs_weight
    13   10   7.161383158776471E+006   1.573862540419590E+014   7.161383158776471E+006
    14   10   7.161383158776471E+006   1.573862540419590E+014   7.161383158776471E+006
    16   10   2.280889029437878E+004   7.895327860867649E+008   2.280889029437878E+004
    17   10   2.280889029437878E+004   7.895327860867649E+008   2.280889029437878E+004
  </DiscreteSampler_grid>
