 -0.00004317470716316  0.00069609084885197  0.00138817304240240  0.00208061418944840
  0.00277364941275162  0.00346875383981739  0.00415351631039062  0.00478501248357013
  0.00538820875039874  0.00600131070291158  0.00661945289212902  0.00720589075530823
  0.00774113213608338  0.00828419554640848  0.00886333469389301  0.00945988185479172
  0.01006976379169468  0.01070882774491974  0.01133613155855031  0.01201310901646330
  0.01274664591507618  0.01345641666604641  0.01411148857998444  0.01478062264937487
  0.01553720787603614  0.01631236816624425  0.01706291610161324  0.01772950697668378
  0.01843398156837502  0.01915073237326115  0.01988787684963554  0.02064065358298155
  0.02141977833052287  0.02232018991330999  0.02337524592691649  0.02442288296426408
  0.02516682628304753  0.02584602662995999  0.02652055144527974  0.02718970890041028
  0.02779356019708755  0.02839035690950260  0.02897149263703145  0.02959559818428022
  0.03028669690514160  0.03096942731904349  0.03161154898330017  0.03218010614945230
  0.03267403905053927  0.03318795208142765  0.03378232770103440  0.03448678958769939
  0.03520823005968151  0.03588654943970616  0.03654612656929037  0.03722204275986030
  0.03787646133562376  0.03849265738198856  0.03910170967952815  0.03971644730797209
  0.04039107228329727  0.04112622994950636  0.04200491584997264  0.04308073977351292
  0.04426954798195000  0.04518208832571752  0.04614879223944656  0.04696632861036184
  0.04769890218894228  0.04840073868211788  0.04907676370641722  0.05003686217228347
  0.05115979987220682  0.05317079188122131  0.05538750108107933  0.05815211793308135
  0.06118404324870617  0.06488764743141505  0.06813586878614446  0.07112106950311151
  0.07371090896317410  0.07569042091793834  0.07741639816319512  0.07853997883833591
  0.07976358580398746  0.08134091037579995  0.08275693067362823  0.08416929552956916
  0.08584785516720819  0.08747546671804354  0.08944095892623663  0.09139959905226497
  0.09302853660353513  0.09448290819079594  0.29766790370467650  1.00000000000000000
 -0.00210201638433463  0.01052033862523474  0.02101062573010325  0.03092502295582087
  0.03948541904001653  0.04792243429555358  0.05746395304951697  0.06712371017562603
  0.07708531374857723  0.08769423688138510  0.09799259084681416  0.10821571656761540
  0.11976149576664294  0.13114399302893531  0.14243242749407406  0.15407217437382181
  0.16599092573118937  0.17690107414118425  0.18780841770442103  0.19912580056388302
  0.20944493705516515  0.21814037455666332  0.22676616954715362  0.23601978776771346
  0.24682279152138528  0.25665803891736855  0.26758808761416958  0.28154079673849935
  0.29402932056074055  0.30621821210967698  0.31850470299506722  0.33131801268534167
  0.34500240236025409  0.35541905271024055  0.36521333245099208  0.37491448073228262
  0.38606132559892514  0.39800622197790725  0.40913966022772330  0.42079200139781597
  0.43361971174106934  0.44612259331306464  0.45940526986543029  0.47335546296755565
  0.48618378790142019  0.49777796053120371  0.50823638833845630  0.51838114089482512
  0.52819628553768239  0.53774380158124235  0.54768320003231175  0.55839350335731230
  0.56798156918286569  0.57689138578073806  0.58465921180866398  0.59395097417763298
  0.60379046685580917  0.61406532910511225  0.62394415579879492  0.63319213869372648
  0.64294010477494135  0.65435105957779560  0.66765526666031305  0.67959060739048582
  0.68966835956100481  0.69665370922831260  0.70388896570408976  0.71205495773547145
  0.72044164315211900  0.72737081272700077  0.73404915914230406  0.74163199545142733
  0.74948301156781649  0.75880684801353515  0.77120951030178853  0.78491598675101515
  0.79779767697774073  0.81035545460090064  0.82293245861043107  0.83565343583888618
  0.84821467928136840  0.85923453546089146  0.86885982663589512  0.87864365350477847
  0.88851484125029501  0.89897556399037526  0.90913776099953170  0.91987078377839171
  0.92979260720105361  0.93905053294157115  0.94834253717404449  0.95753245821818522
  0.96669291408247682  0.97689290313800003  0.98830814087773944  1.00000000000000000
 -0.00607352250713783  0.08066702462300870  0.13414646580564962  0.17432489020637118
  0.21256812676483353  0.25241718301898480  0.28468385479160691  0.31499821448358034
  0.34309932832139650  0.36861441844470594  0.39323726772739293  0.41545558222145540
  0.43777775576228101  0.45644635856174004  0.47338657678890583  0.49053979197517888
  0.50696703547235689  0.52202281350858626  0.53523219967705604  0.54724052850527993
  0.55898762988873352  0.57067784208167505  0.58169150578924644  0.59436812495314928
  0.60736009001398028  0.62112086088524754  0.63243267057924268  0.64299371888378543
  0.65318654878732074  0.66250553967678427  0.67048545695814032  0.67754108542262181
  0.68527064601062970  0.69219238930459914  0.69821596076082215  0.70362768746865889
  0.70942754363423122  0.71591948848188092  0.72286284049528593  0.73080619685919435
  0.73983965064988311  0.74899340665748926  0.75695208348892551  0.76363113649575420
  0.77042104705501935  0.77703826817000776  0.78340924358898822  0.78973110137022173
  0.79599124780321184  0.80277092926840821  0.80963605719321141  0.81621505325555599
  0.82331198871442135  0.82893932104892354  0.83380506250126285  0.83801924236047010
  0.84175227557961196  0.84582442263566671  0.84991174655938850  0.85416538561149025
  0.85816164608743750  0.86157724007568648  0.86465753908432519  0.86770393238683097
  0.87067376532406116  0.87354500107390531  0.87664518477626874  0.87964556504769620
  0.88272678683065897  0.88574366974346752  0.88876470840532362  0.89175816688077647
  0.89469979979099779  0.89775735829083469  0.90077763034466518  0.90375782442589325
  0.90678914798721766  0.90961372198803958  0.91237915727497387  0.91529654134642680
  0.91821538365823707  0.92110322004271306  0.92397400882652903  0.92675381700510073
  0.92933382575616885  0.93183651705481130  0.93466759868210947  0.93820610261526050
  0.94250438224751676  0.94723867701744069  0.95212113364652495  0.95612219224932327
  0.96118705822222539  0.96778868619363012  0.97696522957677356  1.00000000000000000
 -0.01553503133713422  0.09341001763106521  0.13306415815058728  0.15964409771485499
  0.18072615352262636  0.20118884113313060  0.21756895945082749  0.23174796175856044
  0.24300514818549210  0.25512246120645943  0.26668935435971125  0.27673496945366671
  0.28540855831920725  0.29322464917165958  0.30367632761175462  0.31428456946112632
  0.32437038063981327  0.33325137870337385  0.34090071041709341  0.34682642239163541
  0.35356482455196336  0.36083982098120937  0.36884476603708283  0.37554355020088082
  0.38190566928540209  0.38815699393045366  0.39434226565084235  0.40045305464101955
  0.40624840600592221  0.41201273253988591  0.41761758940993604  0.42306974499577005
  0.42851790958035701  0.43408320761623387  0.43985895146538134  0.44555569337583883
  0.45121429848200517  0.45659413664937759  0.46140200414339461  0.46557447701223470
  0.46979285260617892  0.47426911512254882  0.47870505653231249  0.48338455490382320
  0.48818058122171620  0.49286382551880137  0.49690954492234146  0.50059450882475032
  0.50453626893802717  0.50856839032017809  0.51297860578600585  0.51704392878014682
  0.52146904085800883  0.52623681788245125  0.53139685395310310  0.53689947452050213
  0.54285129252400388  0.54950418596054085  0.55622977004893759  0.56359566636248426
  0.57127967156074311  0.57913923892751207  0.58680311764974347  0.59168667130254649
  0.59704403537458473  0.60206713185525418  0.60685971862137589  0.61179834873534578
  0.61730600398415314  0.62306870615169396  0.62834810628122362  0.63403857182543488
  0.64048337954175494  0.64849582377875326  0.65595781156649247  0.66299510049637445
  0.66945055399102271  0.67481062355141441  0.68052905549667608  0.68702592188802747
  0.69521182729081188  0.70590872464223509  0.71755816237524461  0.73007154775113392
  0.74131843256283025  0.75140061896299259  0.76054769239897946  0.77051758747613530
  0.78156082110550507  0.79328332346887143  0.80721937242216335  0.82518881662626709
  0.84610953419976453  0.86746331327948678  0.90338904179455759  1.00000000000000000
   3.0729472210937701E-014  -1.0000000000000000     
 F F F F F F F F F T T T T T T T T T T T T T T T T T T T T T T T T T T T F F F F F F F F F T T T T T T T T T T T T T T T T T T T T T T T T T T T
  <DiscreteSampler_grid>
  grouped_processes
  1 # 1 for a reference and 2 for a running grid.
  10 # Attribute 'min_bin_probing_points' of the grid.
  1 # Attribute 'grid_mode' of the grid. 1=='default',2=='initialization'
  0.0000000000000000 # Attribute 'small_contrib_threshold' of the grid.
  0.5000000000000000 # Attribute 'damping_power' of the grid.
 # binID   n_entries weight   weight_sqr   abs_weight
    10   10   3.180649060621091E+002   9.846893970530704E+005   3.180649060621091E+002
    11   10   3.180649060621091E+002   9.846893970530704E+005   3.180649060621091E+002
  </DiscreteSampler_grid>
