 -0.00006560002828642  0.00124266079354071  0.00236377251682605  0.00335503533034305
  0.00423206181304683  0.00507706223585210  0.00589864098504028  0.00664627735939941
  0.00734457719128564  0.00802684447533605  0.00864373418302930  0.00928547167425720
  0.00997106910975575  0.01067439514437934  0.01138859172068961  0.01212001847319859
  0.01291119497538128  0.01401427833771805  0.01490217087861304  0.01562494265125096
  0.01627092090497744  0.01689659159822565  0.01751726690561917  0.01813472561284691
  0.01875652732255264  0.01935458733349936  0.02008555942021056  0.02088571823262905
  0.02172076350733697  0.02259154424606971  0.02353600446427853  0.02446281245665089
  0.02535112926642091  0.02623246900843600  0.02709209622625380  0.02788833490722419
  0.02877312040277047  0.02961627569389426  0.03037526796549212  0.03109447980847106
  0.03186872650889095  0.03266323394627462  0.03343669155752048  0.03422066372829531
  0.03495743399857817  0.03574642430857468  0.03655012548019747  0.03743048210753568
  0.03832389782429448  0.03918949330323993  0.04003735083692634  0.04088528310428135
  0.04175064245942150  0.04266780558541775  0.04366898054249745  0.04476297219932712
  0.04590285430296607  0.04689351635656980  0.04769471151930339  0.04846733594603394
  0.04927191653822809  0.05009813413899970  0.05094793249771601  0.05185428605097953
  0.05274829061048372  0.05366393956171110  0.05465966005211642  0.05584485167852138
  0.05730978013356113  0.05884345410952918  0.06025954848692150  0.06165148971650834
  0.06314178177979278  0.06470815517336145  0.06642027242769696  0.06844552774926813
  0.07042883129710609  0.07204192202749486  0.07395100972664885  0.07681706647217867
  0.07945545718217770  0.08200450751813645  0.08538097028192476  0.08882673866261710
  0.09242293321212082  0.09595134796333818  0.09902684107616927  0.10205648619926437
  0.10555122350779267  0.11566063862048931  0.12271746605467193  0.12625428928867646
  0.13137333893069106  0.13511564959320260  0.13652391279435741  1.00000000000000000
 -0.00224617444053016  0.00924491947359869  0.01970914964709491  0.03199254525786455
  0.04463732613375306  0.05464232738114299  0.06300725604982778  0.07081122383046118
  0.07873425307639322  0.08734024901080320  0.09544910353395046  0.10346314881382132
  0.11296094525996876  0.12278282943981733  0.13361968263588814  0.14351032687166573
  0.15495666982595122  0.16596046607251697  0.17670569286563337  0.18699954030018978
  0.19541231394922395  0.20282863788737659  0.21174867577468950  0.21985963232542752
  0.22935899791438746  0.23803570780027963  0.24626708304164197  0.25539261335117119
  0.26452395393040656  0.27363646602562786  0.28231419078959746  0.29124473313655158
  0.30231117932518359  0.31493863985145049  0.32906037008649369  0.34045789547582822
  0.35105591418404902  0.36281058824578205  0.37574938943808556  0.38882658618053140
  0.40159310375061213  0.41538572870109941  0.42713940850627191  0.43865571458026559
  0.45024796470807860  0.46151594270208401  0.47279491584686001  0.48435413994432408
  0.49644469362415933  0.50921158198925054  0.52099534768745914  0.53010313377618323
  0.53721576128704784  0.54398086045357785  0.55072461585726074  0.55850583410384236
  0.56771993746087202  0.57787041770779757  0.58887758192535256  0.59943471982124841
  0.60843677156543896  0.61715096895295862  0.62679543527173531  0.63820434342208798
  0.65039224783703864  0.66313368800944672  0.67544686835953716  0.68555262782873949
  0.69446426498518121  0.70321016257771418  0.71219615272995218  0.72322075712544909
  0.73710938838045814  0.75212537673529567  0.76592813850443675  0.77832046766640894
  0.78963193819543387  0.80074618191642299  0.81263671064943299  0.82408910150295989
  0.83620773375951951  0.84740181546803761  0.85758173779250024  0.86860503526598776
  0.87814739139556020  0.88904334164666188  0.90194872476529830  0.91509399698074978
  0.92658629215954502  0.93666746529148082  0.94579002277178570  0.95480917097485696
  0.96430645774317370  0.97526322478908856  0.98759330829382641  1.00000000000000000
 -0.01513556015668604  0.16359502169829709  0.25837641410682943  0.32128758033513710
  0.36986989065727088  0.41091243353575929  0.44726555462548090  0.47522226285110769
  0.50124307631620857  0.52875592494463752  0.55470041671319670  0.57549374829417810
  0.59445760571394124  0.61170583883066110  0.62594289515509327  0.63892513997027722
  0.65198587309824541  0.66438768873189802  0.67592492934300741  0.68696804026637470
  0.69833226857366448  0.70841627740974200  0.71786487242817976  0.72739468849977806
  0.73728301428428922  0.74614672320275000  0.75414505910294327  0.76132875172231984
  0.76830952792073526  0.77523844624066085  0.78244070214089423  0.79013406787118989
  0.79778340263214265  0.80479083145052877  0.81115726280100608  0.81720907423123679
  0.82270984003909475  0.82760324185450318  0.83229901182826638  0.83683551651183474
  0.84130838867525604  0.84629185866694356  0.85118514069590467  0.85556401879228383
  0.85980173902590729  0.86402407642911716  0.86826177575510710  0.87255740695459472
  0.87617191002865469  0.87932079580066902  0.88224806480984541  0.88520569714960684
  0.88828063804471347  0.89143234405740879  0.89447400340833416  0.89699100370682938
  0.89947036308332917  0.90197447880547599  0.90438356886365456  0.90668624089516781
  0.90894636135780094  0.91127645612490993  0.91369147067362610  0.91611539292169608
  0.91854208465865361  0.92100591313766667  0.92349893399113780  0.92600265974170914
  0.92844156372612374  0.93089478606617115  0.93319603612094570  0.93535296663120937
  0.93739221599416478  0.93939728459669869  0.94144964407663223  0.94338697435004237
  0.94548117950680310  0.94768331439277842  0.94988405548006305  0.95194644194922906
  0.95401668462772682  0.95615621068330003  0.95820631574301507  0.96012128388615980
  0.96199308709361830  0.96394901556027690  0.96607020219428474  0.96840668302080446
  0.97088093411138576  0.97338738942833691  0.97568498966725103  0.97826828845687208
  0.98097914019954346  0.98352184037608748  0.98896504580831956  1.00000000000000000
 -0.01661213477426842  0.12482950303074412  0.17163251488167544  0.20127724798611416
  0.22702613357260090  0.24752732900560770  0.26318383176130955  0.27776552378536784
  0.29140326561145535  0.30240425324977938  0.31163329808535278  0.32074728222876936
  0.33031396024568815  0.33918429041492415  0.34677795864053901  0.35296073861468769
  0.36014355579670926  0.36807859611724836  0.37534045203779925  0.38190162825219526
  0.38830401467947795  0.39556600112300722  0.40276121947830829  0.40876678222468638
  0.41453457249143000  0.42027815730960821  0.42601713658716012  0.43173089157917993
  0.43723242630204490  0.44256891064288673  0.44767533776771951  0.45251298543566199
  0.45757074810026355  0.46277884635778516  0.46759286197092731  0.47196577399624623
  0.47641677195194004  0.48079444742728328  0.48516317647386598  0.48972489992892709
  0.49410471141435414  0.49879923812313837  0.50447971300974181  0.51087926586824506
  0.51720859213540338  0.52313575425562264  0.52833386433208163  0.53344269008680811
  0.53882799032777984  0.54464271655294161  0.55102134978267026  0.55853213022121850
  0.56443257429694460  0.56970815191136193  0.57550798750457710  0.58154955528176799
  0.58739234742337032  0.59320285949284191  0.59895512395224115  0.60456040517510723
  0.61005408506148273  0.61542638675902228  0.62062812973323900  0.62632349410441435
  0.63243524515827931  0.63857114523291414  0.64507995544905905  0.65097234657092573
  0.65628394636075571  0.66159955223666922  0.66694818950582102  0.67247457011048029
  0.67831776974712821  0.68468391537105111  0.69178700403268734  0.69922990798432449
  0.70675619094155462  0.71464102593116641  0.72268326430698426  0.73145009634886926
  0.73969710210448725  0.74725503932171800  0.75467173395746057  0.76240401157955973
  0.77061061503914507  0.77887366283543091  0.78742071418916892  0.79660701898819719
  0.80657291204125980  0.81752310853951127  0.83034815198253209  0.84599938478663672
  0.86397313540832388  0.88458773965054072  0.91136423956481172  1.00000000000000000
   9.2197868641218567E-043  -1.0000000000000000     
 F F F F F F F F F F F F F F F F F F T T T T T T T T T T T T T T T T T T F F F F F F F F F F F F F F F F F F T T F T T T T T T T T T T T T T T T
  <DiscreteSampler_grid>
  grouped_processes
  1 # 1 for a reference and 2 for a running grid.
  10 # Attribute 'min_bin_probing_points' of the grid.
  1 # Attribute 'grid_mode' of the grid. 1=='default',2=='initialization'
  0.0000000000000000 # Attribute 'small_contrib_threshold' of the grid.
  0.5000000000000000 # Attribute 'damping_power' of the grid.
 # binID   n_entries weight   weight_sqr   abs_weight
    10   10   2.449336397927980E-028   5.942313900824956E-055   2.449336397927980E-028
    11   10   2.449336397927980E-028   5.942313900824956E-055   2.449336397927980E-028
  </DiscreteSampler_grid>
