 -0.00008720648957267  0.00079602521040277  0.00184849818777748  0.00338003155619922
  0.00532518426229783  0.00782719731441169  0.01077053194400097  0.01423239227182758
  0.01799190926901963  0.02209532644995469  0.02663897786537639  0.03169056890566697
  0.03692801815016685  0.04234816443966048  0.04811050123573381  0.05423807599918601
  0.06065740270784177  0.06738712154468911  0.07431750738032630  0.08137769431332466
  0.08861298163448947  0.09609951661487906  0.10395141045904076  0.11221115985317821
  0.12064326432833382  0.12916940175714958  0.13761075694012515  0.14588844993287547
  0.15423629223503130  0.16285144712665436  0.17194255566228395  0.18130892380523270
  0.19075656968800894  0.20039798929455419  0.21022960721595535  0.22012097510975365
  0.23029221374705613  0.24058618839946763  0.25085118709582249  0.26126240596814110
  0.27184012537376712  0.28251297967494771  0.29342543556824285  0.30473824890825374
  0.31607182621572694  0.32766977118780122  0.33919250812686214  0.35041494194913853
  0.36229641968674164  0.37454847202973318  0.38696009711106583  0.39967048257306403
  0.41275878922128928  0.42597685272370478  0.43962229145896770  0.45296489090960779
  0.46599876968370613  0.47866935917550668  0.49114358704773209  0.50363845476767655
  0.51612333887326090  0.52840376458090432  0.54114581879527712  0.55359849175342735
  0.56598367682703576  0.57841012111786960  0.59101264812623699  0.60382755199882476
  0.61651230511848842  0.62922864436461579  0.64185345091006218  0.65497289673644254
  0.66849725046690833  0.68210412407025423  0.69562393239941422  0.70959339142500588
  0.72357702148838487  0.73745919650760905  0.75127219383208865  0.76508024900411153
  0.77896889627744803  0.79316304417093209  0.80722925713227589  0.82141099399444173
  0.83577810764197913  0.85038195350463108  0.86538677970140243  0.88023992281011487
  0.89493694753298558  0.90973670511301041  0.92475303161611788  0.93967826265956877
  0.95474196826964841  0.96978420867954840  0.98483941082681647  1.00000000000000000
 -0.00228191242122844  0.00900984848599536  0.01943296021918512  0.02982545267845127
  0.04098113670080980  0.05172693357565145  0.06224860793354970  0.07327929982998153
  0.08418733294790853  0.09554955349657206  0.10655411531269189  0.11751349459251689
  0.12911181892815832  0.14092447921756834  0.15186495645784853  0.16187945330664963
  0.17207249854443524  0.18235686722907177  0.19248842025981630  0.20258322673634543
  0.21302316610570521  0.22347429262916130  0.23365019407592530  0.24375902341125230
  0.25388902735727636  0.26368930338454755  0.27373157470877835  0.28418717414048023
  0.29454012135382618  0.30480169852395306  0.31590602041697419  0.32816851453152995
  0.33926963450068287  0.34968893778294657  0.35950141539337116  0.36944272545805801
  0.37909598155183549  0.38857457374029103  0.39851104151547312  0.40852209249997540
  0.41827833413646437  0.42798517277996651  0.43787625471784891  0.44803369162615592
  0.45848280442297129  0.46893710211375489  0.47970386791152336  0.49017194072940712
  0.50118091160500988  0.51259230065951689  0.52355172627996793  0.53393906680616876
  0.54423196867630641  0.55587079911450887  0.56742507148039767  0.57919361589859586
  0.59116786908369345  0.60315370936138424  0.61479101264309877  0.62576254546819554
  0.63623708703149240  0.64657161416108122  0.65687877541101081  0.66735832376660686
  0.67778707252800330  0.68866522052436208  0.69958645065318259  0.71016639956635030
  0.72016415699435676  0.73051895441124837  0.74122525301216446  0.75184049870968150
  0.76147768639975211  0.77089398335701453  0.78016118658184097  0.78944011828831262
  0.79886914409973575  0.80836294242852846  0.81810690499903294  0.82815319723191350
  0.83815317486900343  0.84871030976317008  0.85904687746192876  0.86975015307002279
  0.88075152346536356  0.89180962840943956  0.90274456676904902  0.91272834627074184
  0.92307275325758109  0.93386721231994885  0.94545626891995882  0.95747550243912405
  0.96855060553875172  0.97914453337790819  0.98946368775603555  1.00000000000000000
 -0.00352914341527648  0.02234604858130875  0.04145624994466320  0.05828013108850197
  0.07343878433266524  0.08829127300115686  0.10331752735930599  0.11799322964383858
  0.13184416319481707  0.14513085209320642  0.15769000889175355  0.17004243610416675
  0.18199656246595497  0.19431297398790859  0.20700467411608353  0.21933962667526338
  0.23149885669198270  0.24334426725308708  0.25464553898700470  0.26519521703715465
  0.27585644878158200  0.28673837632723492  0.29717191570225232  0.30733275278886257
  0.31800568779437000  0.32887748526393873  0.33915149778585096  0.34894471302807745
  0.35888616532912798  0.36907147734465257  0.37928124976701383  0.38931681457392892
  0.39914461163696141  0.40876648797064824  0.41827544929450727  0.42806197054796158
  0.43803030013608596  0.44791670914739795  0.45775729237339091  0.46750663949432925
  0.47737368849257084  0.48710960669365228  0.49686762622337244  0.50730835595514934
  0.51819590706970520  0.52927445471850265  0.54012410326156979  0.55053055491186731
  0.56086347888165633  0.57032018064536316  0.57950423075699009  0.58849030210915720
  0.59731286469248246  0.60614305883470765  0.61467952409747739  0.62322865485529133
  0.63152801805944603  0.63978786754664774  0.64789279877419892  0.65569216970390387
  0.66344420853180031  0.67109040354904503  0.67864944069269795  0.68616664859460641
  0.69359988923658078  0.70102317683927939  0.70874435712955242  0.71709177843756644
  0.72584385597459244  0.73444549844257112  0.74287077314965388  0.75151888748298301
  0.76081458849363004  0.77004310158873501  0.77823985626006620  0.78551085710614410
  0.79339032886239569  0.80114458813197409  0.80937423590086421  0.81717563938889670
  0.82516328787409010  0.83339831412066856  0.84183053663435781  0.85022651388316806
  0.85852992970927189  0.86677685609351340  0.87515096584126584  0.88390028804620746
  0.89315689331360570  0.90274441847334930  0.91249000595836183  0.92287515987365787
  0.93459979227920853  0.94861544794430508  0.96784013714480222  1.00000000000000000
 -0.01785907766658849  0.11330087716826601  0.14695070966361634  0.16780083551027516
  0.18518670427459252  0.20023695050512863  0.21388733668610393  0.22645371908210613
  0.23805594102145036  0.24848494697355369  0.25854149511619506  0.26823956179032532
  0.27731584835112361  0.28585945138975755  0.29423258406820413  0.30236876357331621
  0.31074676319461347  0.31793276034709755  0.32498940042197932  0.33177283439534511
  0.33852474665323506  0.34508681266516916  0.35146782283536121  0.35776415959783431
  0.36378524517521293  0.36985293008887760  0.37578544071022418  0.38153127826152516
  0.38729415523991689  0.39322655514529781  0.39940155364470931  0.40570233848026388
  0.41191344750991427  0.41799457728866951  0.42404524800528143  0.42997772472499324
  0.43594049236340532  0.44204585979507144  0.44802647157069608  0.45398862341496882
  0.45944884877113729  0.46470591596812966  0.47003016846317991  0.47539956079523377
  0.48070148852173167  0.48593838819510504  0.49108666407615953  0.49618815343315220
  0.50123450717598816  0.50629112717822666  0.51143737039169923  0.51673372364328241
  0.52232323516683588  0.52801781279758409  0.53366641625067723  0.53924765827679744
  0.54483204036038047  0.55051016868471569  0.55623904189617690  0.56203777828379764
  0.56764699093140070  0.57317722397166460  0.57887294835782321  0.58444868010558926
  0.58999971367076609  0.59556922910613153  0.60130597021573517  0.60698439332217191
  0.61257177662494455  0.61823301770758732  0.62401195900732531  0.63025167774701119
  0.63668500663720828  0.64326659155786836  0.65008340348949389  0.65689732207676166
  0.66388412913863126  0.67145103897974157  0.67957630146894754  0.68800197899279225
  0.69635769439306006  0.70446911156033820  0.71264828448973672  0.72098517770749160
  0.72997468157693668  0.73939168159250601  0.74924429866896791  0.75989181421384988
  0.77097755413074309  0.78249762335341433  0.79500778114673265  0.80964796006936113
  0.82720150269238191  0.84960528785887968  0.88517671877973914  1.00000000000000000
   1.7376559818576260E-011  -1.0000000000000000     
 F F F F F F F F F T T T T T T T T T T T T T T T T T T T T T T T T T T T F F F F F F F F F T T T T T T T T T T T T T T T T T T T T T T T T T T T
  <DiscreteSampler_grid>
  grouped_processes
  1 # 1 for a reference and 2 for a running grid.
  10 # Attribute 'min_bin_probing_points' of the grid.
  1 # Attribute 'grid_mode' of the grid. 1=='default',2=='initialization'
  0.0000000000000000 # Attribute 'small_contrib_threshold' of the grid.
  0.5000000000000000 # Attribute 'damping_power' of the grid.
 # binID   n_entries weight   weight_sqr   abs_weight
    10   10   7.287498116939518E+001   7.929002017654071E+003   7.287498116939518E+001
    11   10   7.287498116939518E+001   7.929002017654071E+003   7.287498116939518E+001
  </DiscreteSampler_grid>
