 -0.00002390210056116  0.00047022101180950  0.00089301826607451  0.00130993448752923
  0.00171909597323806  0.00211017560420598  0.00248650018217540  0.00289515180111557
  0.00328345138096687  0.00364754562703894  0.00402063398280772  0.00441176219790274
  0.00477648695059580  0.00510017339344848  0.00543482536206013  0.00577818733888299
  0.00613620917180017  0.00649174056089838  0.00683138412595972  0.00719242197264558
  0.00754540632232087  0.00791718868035525  0.00827059031123313  0.00863696000085149
  0.00903924486601826  0.00946848210646060  0.00990916695197317  0.01035340067584597
  0.01078860790164084  0.01121695575943843  0.01166007784361747  0.01213421673876374
  0.01263844730086502  0.01311480306160675  0.01351296309162393  0.01388842547955520
  0.01424749661625297  0.01468276193461739  0.01517652059341616  0.01566062049206434
  0.01611307275133754  0.01652935289116950  0.01693015538663934  0.01734412996131725
  0.01779299724928559  0.01831278161025907  0.01900044579794552  0.01965865284489704
  0.02041662883168921  0.02124754985210539  0.02212432951884437  0.02303570352089150
  0.02395189003412207  0.02475913837729472  0.02534341250233441  0.02598239876079038
  0.02672995719840528  0.02725082840288157  0.02771575352926953  0.02813288308747323
  0.02853229098993348  0.02894682755980676  0.02942131602529856  0.02997293035509487
  0.03055393522430810  0.03108215447572746  0.03160791080939238  0.03223404247699005
  0.03284966796614219  0.03349883611111582  0.03418047163441984  0.03481890004219841
  0.03540829349360117  0.03607014808680369  0.03706878031735213  0.03842557989769662
  0.03975106633441264  0.04122830808701625  0.04275313930213490  0.04472677251199689
  0.04783445516993103  0.05141885939567208  0.05591697374454858  0.05922330472259790
  0.06185517804233304  0.06433430525107056  0.06888197024931077  0.07341582157913833
  0.07832570092057087  0.08556054392704820  0.08875477511187457  0.09075756259234218
  0.09287707935817427  0.09539085791375206  0.09790463646932983  1.00000000000000000
 -0.00228145371187080  0.00995306038386213  0.02120391896679215  0.03304304566616158
  0.04512180398544010  0.05665897746898901  0.06741136261379217  0.07863015858732723
  0.08893623311309451  0.10050195755122671  0.11336814707100311  0.12529887758686986
  0.13549821906346998  0.14491927248025793  0.15321966099867435  0.16173958698923141
  0.17102450885399320  0.18061630493174927  0.19048861316538734  0.20039402920687416
  0.21077213538679440  0.22173344349526575  0.23228615130995706  0.24262649861379035
  0.25349315065726430  0.26514615995063273  0.27695399293297418  0.28873954249207018
  0.30310905783728692  0.31925881035122239  0.33431498659211123  0.34559349318876775
  0.35586524045581375  0.36613296793667754  0.37716592128000892  0.38489012498642683
  0.39247348172226726  0.40062604713196787  0.40960083628671906  0.41855151881031333
  0.42807231989385564  0.44016788873635498  0.45419561242988354  0.46613295876583766
  0.47657476907545016  0.48708842427923343  0.49691638394101550  0.50617369686722868
  0.51495788975642454  0.52426634009898387  0.53489136087784539  0.54514397690790795
  0.55586411997362928  0.56807088974863318  0.58070690643762668  0.59249414388924093
  0.60358013761742846  0.61375153014383244  0.62403744263635907  0.63485027023084095
  0.64553050590454752  0.65475108171898033  0.66378606179066091  0.67358703449610435
  0.68399705746864570  0.69476897430958173  0.70456727890265392  0.71511019330774384
  0.72651576496797965  0.73759663183504198  0.74841198012608035  0.75985421877905901
  0.77072919528800354  0.77884794301418347  0.78742710004615135  0.79644731362749788
  0.80493155087436330  0.81308623095527788  0.82142136394842480  0.83023552609192708
  0.84060265953937974  0.85261539348470372  0.86518416579576185  0.87558720985991489
  0.88442014008503089  0.89290180894503723  0.90209582771874275  0.91504278446490772
  0.92625958593177271  0.93689872924461004  0.94745230588904150  0.95681437912705092
  0.96635479901296284  0.97657865681149503  0.98665460060841859  1.00000000000000000
 -0.00504139372790658  0.06365512870652101  0.11253796389583996  0.15246280065569304
  0.19135050567947537  0.22200667962160708  0.24976613192747385  0.27548565497063487
  0.29860452527370984  0.32031961071860698  0.34269043347050715  0.36337635610355390
  0.38213854432254857  0.40065134794244722  0.41616778788584780  0.43019782948801627
  0.44418303136144799  0.45923567607541288  0.47681972296457170  0.49078070679021996
  0.50392469103181692  0.51447854367818224  0.52475175010978614  0.53476858697827245
  0.54463933728223646  0.55471640447032933  0.56574855838835914  0.57771470152070392
  0.58934124917264419  0.60009088207204564  0.61018938173089787  0.61967905306645898
  0.62912454082597635  0.63703076151110605  0.64468229985646885  0.65196389599397675
  0.65889535322272175  0.66593654888974396  0.67336437994116860  0.67997692992187675
  0.68641865284213810  0.69308882512778658  0.70021395425613342  0.70783366281995863
  0.71534306096579481  0.72202818213874875  0.72823116737011495  0.73468012464750143
  0.74164981874804792  0.74840080884912652  0.75477708925102571  0.76090053482101527
  0.76656050558428224  0.77293125738165747  0.77849992408156754  0.78389940818410420
  0.78905587686275658  0.79373788667854428  0.79826400982597689  0.80292722562638186
  0.80729566836788480  0.81176680072618967  0.81613192896695907  0.82067060807784054
  0.82516924268167968  0.82970626655889002  0.83433681072076016  0.83908463874009120
  0.84408253053408744  0.84922489441133464  0.85355125494404660  0.85709829327430642
  0.86022634240404550  0.86340946462132351  0.86660065780791184  0.86999024621140997
  0.87395839977150458  0.87791409166146472  0.88197118774122207  0.88626097078040189
  0.89028876428761872  0.89412086271230351  0.89772315066553965  0.90141955276798036
  0.90543770841219562  0.90977107470472995  0.91377301070467065  0.91772903475241374
  0.92274392981434461  0.92921938659570713  0.93709683870589633  0.94677095711803572
  0.95663158582765750  0.96588378183336177  0.97899418689823414  1.00000000000000000
 -0.02213140515678570  0.15541745289763134  0.20767011543174252  0.24398221193691663
  0.27134412375230371  0.29158336375136162  0.30832283035114572  0.32351999066536863
  0.33788056218560925  0.34913012739084154  0.35926747742976339  0.36896950480600094
  0.37913394835444320  0.38909461734646311  0.39944070289934658  0.40905027673669242
  0.41859162947334871  0.42753027130081045  0.43719827273066719  0.44719547241418139
  0.45550598437797141  0.46421525284314963  0.47348114907240541  0.48262931462727027
  0.49165118787514511  0.50030552428924624  0.50792904536205785  0.51512257411079965
  0.52151108042251126  0.52747018875435114  0.53325498197658394  0.53886970073594298
  0.54527347796588410  0.55173097384134029  0.55815475661840697  0.56499926727416683
  0.57204769993770110  0.57845795409252965  0.58426686636016689  0.58978691472459477
  0.59512339777203094  0.60061130367726190  0.60625774040662139  0.61199854985588265
  0.61769911261733290  0.62361720131459863  0.62793804466196734  0.63171634408000010
  0.63519308070982294  0.63892625313224061  0.64314614124035463  0.64687154892468612
  0.65029787020015695  0.65369079359851356  0.65731693645626255  0.66142890883770888
  0.66560420897614447  0.66912297143322197  0.67229717455080906  0.67525127739012303
  0.67828227889481318  0.68163560489288022  0.68537793901854749  0.69008432731082991
  0.69431490840409604  0.69833193151668793  0.70231273825296081  0.70657495967875761
  0.71081567194189887  0.71542896602106620  0.71978967901528856  0.72447521227479805
  0.72921327715537110  0.73406408843450921  0.73904069941402739  0.74419278770306108
  0.74983479781115536  0.75669227660153637  0.76475108503043943  0.77262370157104643
  0.78019200287485979  0.78738149882489228  0.79384465370388835  0.79934486828120987
  0.80438141531332497  0.80969320875679607  0.81576200624273187  0.82303979952150808
  0.83138390323294675  0.84000906743102943  0.84970298771023489  0.86300499478626869
  0.88153134559608037  0.90226425053315396  0.93143529826899718  1.00000000000000000
   2.4423308201272507E-009  -1.0000000000000000     
 F F F F F F F F F T F F F T F F F T T F F F T F F F T T T T T T T T T T F F F F F F F F F T F F F T F F F T T F F F T F F F T T T T T T T T T T
  <DiscreteSampler_grid>
  grouped_processes
  1 # 1 for a reference and 2 for a running grid.
  10 # Attribute 'min_bin_probing_points' of the grid.
  1 # Attribute 'grid_mode' of the grid. 1=='default',2=='initialization'
  0.0000000000000000 # Attribute 'small_contrib_threshold' of the grid.
  0.5000000000000000 # Attribute 'damping_power' of the grid.
 # binID   n_entries weight   weight_sqr   abs_weight
    10   10   5.412032683997567E+003   7.776959817728998E+007   5.412032683997567E+003
    11   10   5.412032683997567E+003   7.776959817728998E+007   5.412032683997567E+003
  </DiscreteSampler_grid>
