 -0.00033222791112442  0.00203043052002452  0.00342165076132835  0.00478909782622405
  0.00625096031021185  0.00784452595931206  0.00966243093998687  0.01169510702999707
  0.01394714372934721  0.01639617046913287  0.01904222170521254  0.02194943458714422
  0.02492808350433809  0.02803179137811823  0.03123379921233424  0.03458410565678492
  0.03811696397168473  0.04186812809210939  0.04586985504704103  0.05005579508914770
  0.05438309509084605  0.05897296620218413  0.06382586130587534  0.06878473846248495
  0.07373634149485797  0.07874939695641187  0.08397762871344727  0.08939912124390238
  0.09507045942108952  0.10091020491035542  0.10709940367139192  0.11365410016963294
  0.12039775138134005  0.12731844277066609  0.13436663497836362  0.14168330299114537
  0.14919289689066659  0.15694500831126362  0.16495028905651277  0.17332830366480392
  0.18208395104822944  0.19122040376689703  0.20087596911554087  0.21110035510603517
  0.22169342346849322  0.23273200980769135  0.24437199899860410  0.25655127963454749
  0.26923282945794963  0.28241198697386449  0.29599343800084410  0.31064872372135166
  0.32685925327955245  0.34471001455746392  0.36303410621392496  0.38167090164076700
  0.40126456009824912  0.42173741056004121  0.44376737338226213  0.46690015673005852
  0.49089710416876103  0.51524765415006490  0.54005919881908426  0.56595496146574698
  0.59164734177733891  0.61630731365851232  0.63952947762745005  0.66104269245478198
  0.68070801707219586  0.69902744479827039  0.71659961928189619  0.73358709891908946
  0.74974051391713104  0.76552825489401322  0.78004739037636561  0.79396064397049249
  0.80745860965593119  0.82039178715789662  0.83259295917582010  0.84447447897454520
  0.85611165267995559  0.86746271750862713  0.87842054763897170  0.88900241919084799
  0.89936079581455441  0.90937746403513398  0.91930814126402272  0.92906185372903549
  0.93856621743069391  0.94759228525452066  0.95649463241327692  0.96533562622696811
  0.97417048821566610  0.98284937672082306  0.99145507614301598  1.00000000000000000
 -0.00206617712727287  0.00872591007258519  0.01804201070377000  0.02736512859056889
  0.03700963687020623  0.04711101655139999  0.05806750207512350  0.06860359517652233
  0.07902320732313226  0.08975361345487688  0.10081654287356324  0.11138359391505274
  0.12188254768584775  0.13228091800977096  0.14289508360882200  0.15410006357591868
  0.16611488396343888  0.17651728754459028  0.18698575162629719  0.19792416853734010
  0.20880575997126713  0.21900837189214656  0.22891146763008116  0.23939569954302192
  0.25000112311135891  0.26043528741907196  0.27082602973527142  0.28106493077867994
  0.29157016698671029  0.30226267500885656  0.31319625345909835  0.32427632915670307
  0.33535122467547207  0.34638653849610401  0.35732530091065723  0.36811121583431516
  0.37823423313098076  0.38795068386346121  0.39777281477796100  0.40817822565800682
  0.41854057175997172  0.42811589321405047  0.43747084178997547  0.44754263395901506
  0.45869385512573940  0.46905006916279657  0.47949789229069401  0.48908980574484440
  0.49848568448473507  0.50780255289859522  0.51739134339941684  0.52712007895025770
  0.53717828488846298  0.54735539563521529  0.55784556709386701  0.56804374954232273
  0.57796742641066223  0.58796534488589469  0.59800526573120305  0.60815073286472487
  0.61839295763432400  0.62872444338871303  0.63892986493236770  0.64876387627718712
  0.65825277631208312  0.66805731282926373  0.67815776817108964  0.68845128730930116
  0.69873888084594804  0.70903136719695004  0.71993907533741508  0.73104022145353165
  0.74196448622707389  0.75299949654587406  0.76453507009383903  0.77613406792072881
  0.78767857446210787  0.79916311185744204  0.81052941167688475  0.82138440657864864
  0.83184853848176699  0.84218097317698937  0.85290536828972907  0.86405616226916038
  0.87510367809392797  0.88578171766431435  0.89646010392521946  0.90738633479791386
  0.91807611884479601  0.92864608383749425  0.93954848050965578  0.95110606944360698
  0.96314086890465533  0.97514594770206808  0.98738576851439097  1.00000000000000000
  0.00112657470200510  0.01787417384374236  0.03176083539867816  0.04427088143481592
  0.05618096849364035  0.06717488685029807  0.07707348984612378  0.08650668015419094
  0.09611345411265583  0.10579348559511650  0.11547363933456005  0.12509611561928236
  0.13497346238264252  0.14502461847483758  0.15492468754746266  0.16489289888778977
  0.17493944609792778  0.18478393188992920  0.19394341771362886  0.20266416088911882
  0.21137960037710393  0.22017811145320057  0.22905095385097365  0.23795418428709320
  0.24700187108669683  0.25659550584978741  0.26647958392967452  0.27589347755442545
  0.28492402382775206  0.29411132882865637  0.30361228899460452  0.31341685840737632
  0.32318383811902679  0.33275235224040173  0.34199747112515955  0.35110016910784841
  0.36020469803609106  0.36930010527550799  0.37817965223370908  0.38678316327548146
  0.39532608690841836  0.40390239481098400  0.41237661469023312  0.42060243960319371
  0.42874837574850561  0.43715715778050646  0.44591516615357435  0.45500811772354371
  0.46434558043824187  0.47375145543224312  0.48272396658547168  0.49111283196545863
  0.49941887858708534  0.50751291356561390  0.51568473818508409  0.52413002882996862
  0.53258220186486882  0.54109211709566074  0.55004696654175533  0.55924307439940291
  0.56871338520648418  0.57823724865249626  0.58766596654924041  0.59678945367069114
  0.60586884364222227  0.61492745480896938  0.62413300449716613  0.63348930933810921
  0.64279165918065451  0.65171891586884700  0.66032368306267131  0.66868314908028748
  0.67633366849826826  0.68411329325341241  0.69199021966661378  0.70022198267795088
  0.70913516004643085  0.71815014317963310  0.72686138809388900  0.73604602984413248
  0.74601899123921811  0.75671181759738337  0.76794401697381809  0.77953635306026425
  0.79164207615854243  0.80382930047217238  0.81578575719600399  0.82687719782248259
  0.83785069258146649  0.84972299103180837  0.86263287225373442  0.87718483823817306
  0.89495843661651853  0.91677337835647355  0.94690169155737247  1.00000000000000000
 -0.01629916191132711  0.09736415444115783  0.13617333938788020  0.16189354180785290
  0.18181706955180543  0.19818590677970410  0.21297533803007127  0.22685122429698151
  0.23966919092683134  0.25135470118690956  0.26222816720011438  0.27247039394402062
  0.28206779960265566  0.29117836656088175  0.29991146539812430  0.30833745481423891
  0.31613634654181216  0.32349816131587300  0.33091953471176278  0.33818519134552899
  0.34520511404696236  0.35210526662380703  0.35853415832351127  0.36479438526116392
  0.37129141753281553  0.37758932398838008  0.38350279780543561  0.38916368622148145
  0.39479631848421887  0.40053856434111734  0.40628286652351581  0.41192158392587797
  0.41736503930713498  0.42280631253831696  0.42842488592737310  0.43413823694726800
  0.43980012477705549  0.44539708309761267  0.45093224935915105  0.45635553969738574
  0.46185790336161342  0.46752773184238006  0.47320456720409343  0.47890723943892927
  0.48407392091038515  0.48924181562774860  0.49459541799513085  0.49998442592869019
  0.50535866155839804  0.51079568837242961  0.51625320770046401  0.52156689788657795
  0.52668585998381412  0.53170048822293636  0.53668902606506896  0.54176298722334237
  0.54701824558889489  0.55233930675314979  0.55771571557551902  0.56319026049843257
  0.56876307295704809  0.57443362967490252  0.57995595213949414  0.58559020126854910
  0.59140414708261635  0.59728182835184740  0.60323759759354123  0.60972287384808033
  0.61641628484094657  0.62301815033222563  0.62948070048489213  0.63578435184092541
  0.64194843928438927  0.64804478938431631  0.65428019759763734  0.66086342068120540
  0.66765354308501945  0.67464900228589830  0.68160982003322723  0.68891776545056849
  0.69695605068914390  0.70549000092679226  0.71439741120700462  0.72383829509944186
  0.73304757986410041  0.74251834958659846  0.75270875658159786  0.76394996703824547
  0.77643639677929810  0.78981865502440796  0.80494406781520622  0.82246685043776513
  0.84399759578737565  0.87074465488106156  0.90832456073502821  1.00000000000000000
   3.3325880361600304E-016  -1.0000000000000000     
 F F F F F F F F F T T T T T T T T T T T T T T F T T T T T T T T T T T T F F F F F F F F F T T T T T T T T T T T T T T T T T T T T T T T T T T T
  <DiscreteSampler_grid>
  grouped_processes
  1 # 1 for a reference and 2 for a running grid.
  10 # Attribute 'min_bin_probing_points' of the grid.
  1 # Attribute 'grid_mode' of the grid. 1=='default',2=='initialization'
  0.0000000000000000 # Attribute 'small_contrib_threshold' of the grid.
  0.5000000000000000 # Attribute 'damping_power' of the grid.
 # binID   n_entries weight   weight_sqr   abs_weight
    10   10   2.000404130597537E-001   7.419133016952109E-002   2.000404130597537E-001
    11   10   2.000404130597537E-001   7.419133016952109E-002   2.000404130597537E-001
  </DiscreteSampler_grid>
