 -0.00004417501407841  0.00078462103132280  0.00143127566695278  0.00200776259813837
  0.00250321966655380  0.00295951984421575  0.00339826857256249  0.00381690728721896
  0.00427329233826317  0.00474617551878575  0.00520797355550781  0.00563714460462974
  0.00603283575515540  0.00642334167376995  0.00682359729317279  0.00724129665203529
  0.00766704197650990  0.00809113529698951  0.00850793089524037  0.00891384511128963
  0.00932605650764012  0.00973346111601237  0.01014491074860038  0.01053132461065184
  0.01096307365185164  0.01140252833071067  0.01187180975972704  0.01235094267383645
  0.01279794984997250  0.01326314742868056  0.01378440115980383  0.01430780955182498
  0.01482904685989636  0.01533707195974267  0.01585250385896200  0.01641034380504465
  0.01702638953346187  0.01761734597369584  0.01816271227624664  0.01868222874633253
  0.01922274409787543  0.01983945906480175  0.02051368799822926  0.02117983389974560
  0.02185639265451694  0.02257147260054682  0.02331823875657409  0.02406087731340359
  0.02493260166032107  0.02588819787634990  0.02685937205562219  0.02787692908594102
  0.02887777255020880  0.02988492905058676  0.03089322788143740  0.03195987085147803
  0.03307464245587459  0.03413880015555362  0.03522393605882415  0.03643705789839979
  0.03751145686267546  0.03844615970131712  0.03935515727235502  0.04026572264176494
  0.04113233895009387  0.04220013742145241  0.04340290542924118  0.04463153811742952
  0.04578301606370921  0.04681306502005533  0.04777640586435780  0.04879943129487475
  0.05003114123275607  0.05142351102981913  0.05295183271039186  0.05461488710098931
  0.05618278236853710  0.05770918521661203  0.05902066699871669  0.06041084031544095
  0.06219741339129568  0.06443497658839110  0.06670416997196819  0.06896248793643291
  0.07120799567753174  0.07426323119098474  0.07785109446599793  0.08245370179934407
  0.08654935165262852  0.09162652159473829  0.10053404043457306  0.10883515177209968
  0.11794389317793189  0.12808880800239372  0.57798981014413597  1.00000000000000000
 -0.00252681473250100  0.01068074377417006  0.02198370139628608  0.03293933018185358
  0.04314708364232264  0.05221357822367838  0.06121237082432611  0.07012996536684588
  0.07900138163873663  0.08807822275993379  0.09741809534228693  0.10800722888792999
  0.12026063476688734  0.13146098703845724  0.14121966378212589  0.15078727852054666
  0.16092898415658688  0.17192586726391554  0.18382632141494396  0.19443041672391109
  0.20340490013087356  0.21242367842753582  0.22233766235260613  0.23260927800022188
  0.24184580387950722  0.25193714179075966  0.26382421389958194  0.27561211372988303
  0.28669267936954312  0.29783105414771716  0.30958066822939634  0.32113866475745484
  0.33232884233281546  0.34330186969245802  0.35398637823463336  0.36355954441948274
  0.37332803606253540  0.38376458670075209  0.39360344112146955  0.40315171469098771
  0.41215308392465660  0.42126826417983632  0.43082143648637905  0.44008278387576766
  0.44918856726278333  0.45897152154586235  0.46965660723264741  0.48123753153272192
  0.49423449457413521  0.50623058796789178  0.51731679031425637  0.52853063493177443
  0.54039605869050655  0.55221260061670197  0.56210876725174930  0.57055437662103226
  0.57920779384641408  0.58895524655810161  0.59913987252322964  0.60950085765664730
  0.61999698744408871  0.63074989715342678  0.64179183837726872  0.65172673738838438
  0.66099092592755526  0.67055648394075040  0.68103150779497224  0.69118401590868550
  0.70040343074005995  0.70935462693811469  0.71867741478979486  0.72811807152429742
  0.73747276883950952  0.74635206298232581  0.75625539739582259  0.76745119768126768
  0.78070914966035565  0.79389209391582993  0.80623102262343427  0.81861965915114143
  0.83184776145575046  0.84439495429398859  0.85434538304573704  0.86629603430709479
  0.87777961459007148  0.88820912960048737  0.90108412641004509  0.91375532125561731
  0.92459609919466101  0.93512962665449506  0.94586787873713685  0.95683302119939651
  0.96666150095906167  0.97726435372221743  0.98829938200562473  1.00000000000000000
 -0.00988165061454060  0.11504844363546435  0.18083334789183053  0.23140225340796930
  0.27089921277116036  0.30540067131674481  0.33801745727917848  0.36477202215434790
  0.38796984184126143  0.40859739473347195  0.42689245555674898  0.44449406503324007
  0.46215332377746005  0.47909893950595073  0.49461076870166415  0.50839574495121809
  0.52082254464972966  0.53352644641664448  0.54622023792266616  0.55884895852682426
  0.57283887206419026  0.58720724393664014  0.60044336112443875  0.61123261548231289
  0.62032438413640834  0.62882669432416793  0.63718213200512508  0.64566934093342154
  0.65354546351415121  0.66112467181530010  0.66888456228222815  0.67742264481309455
  0.68562673220334802  0.69293626049519408  0.69964385978257260  0.70607221798964070
  0.71241924707366810  0.71870210468657214  0.72498978111746448  0.73110149211574060
  0.73703032226813003  0.74273917644828058  0.74821590316648090  0.75392491224671432
  0.75971265010752809  0.76565753150855986  0.77111702069032007  0.77629881257940758
  0.78114943879115106  0.78598307310886939  0.79062972219738048  0.79506282662920358
  0.79925540904042680  0.80332354965185759  0.80735403104253511  0.81145399183183586
  0.81591625028560133  0.82057384574236047  0.82471746314251615  0.82913153098601911
  0.83331335043395982  0.83729559428730804  0.84118706387534148  0.84512725215013318
  0.84917099592825396  0.85313682793557866  0.85758343725574104  0.86217705513145160
  0.86646180664209504  0.87040954714163010  0.87410995863757335  0.87768213531848638
  0.88134114206747960  0.88524418363526147  0.88932163987112267  0.89328536472026998
  0.89747684674275752  0.90205352211592937  0.90701508366533135  0.91140506088663731
  0.91581686273637508  0.92004048023573726  0.92392226495744412  0.92765596537202366
  0.93129294374824823  0.93496501924087660  0.93883687481429057  0.94308000241424417
  0.94713060175210928  0.95150008275279929  0.95573662993874653  0.96020658643322443
  0.96528837211984964  0.97164970093340786  0.98221966203217925  1.00000000000000000
 -0.01515679459982269  0.09413540144897528  0.14227382362640678  0.17615578952854216
  0.20084917150937803  0.21916363037931127  0.23495796473681654  0.24869790455063159
  0.26051250224735484  0.27123755975361252  0.28188044478840590  0.29224452558986763
  0.30263944851572905  0.31146379312904049  0.32024535389672099  0.32856835847023158
  0.33653838671506647  0.34460260297104173  0.35238607507230219  0.35986214270850164
  0.36743094632136208  0.37470821359492107  0.38079737204162395  0.38625621878664812
  0.39159917616352208  0.39707944616768132  0.40263096444407676  0.40819859326503233
  0.41354032980780159  0.41838916641339086  0.42326462374442397  0.42799193496143301
  0.43304578710596447  0.43811768422222663  0.44336215926461092  0.44895448677057131
  0.45440038722806081  0.45957032765455258  0.46465810722862033  0.46934404621368042
  0.47388818729636067  0.47855382823993375  0.48348774086725588  0.48866181253078467
  0.49398646647241323  0.49934215218754457  0.50433475650754900  0.50948864248351167
  0.51476991442146502  0.51998479799082853  0.52572519003714657  0.53153450350182840
  0.53718070737607349  0.54250312402939538  0.54729789025452780  0.55217586116316941
  0.55721271372156078  0.56242541149804259  0.56784369733085371  0.57332175042281253
  0.57863591143019411  0.58418974748545971  0.58959902912255968  0.59571077533460748
  0.60125813366731740  0.60724583197173931  0.61372203426952954  0.62036294358266619
  0.62740291178730889  0.63488980673034245  0.64244278847302039  0.65001857942669072
  0.65720240870958269  0.66414431906545601  0.67017567531322930  0.67622028661965006
  0.68282958096454327  0.68894491668174662  0.69476684237627251  0.70054602288239953
  0.70685770365223777  0.71323843919971741  0.72009546260307222  0.72755482096657631
  0.73633272476060008  0.74557443607410046  0.75574491649998288  0.76747188375254072
  0.77982332681204380  0.79273488921078805  0.80649482684197149  0.82267540739392742
  0.84439623987801082  0.87184619400953056  0.90520684982119903  1.00000000000000000
   6.8428971219533386E-043  -1.0000000000000000     
 F F F F F F F F F T T T T T T T T F F F F F F F F F F T T T T T T T T T F F F F F F F F F T T T T T T T T T F F F F F F F F F T T T T T T T T T
  <DiscreteSampler_grid>
  grouped_processes
  1 # 1 for a reference and 2 for a running grid.
  10 # Attribute 'min_bin_probing_points' of the grid.
  1 # Attribute 'grid_mode' of the grid. 1=='default',2=='initialization'
  0.0000000000000000 # Attribute 'small_contrib_threshold' of the grid.
  0.5000000000000000 # Attribute 'damping_power' of the grid.
 # binID   n_entries weight   weight_sqr   abs_weight
    10   10   4.029920618819724E-029   8.042771988558333E-057   4.029920618819724E-029
    11   10   4.029920618819724E-029   8.042771988558333E-057   4.029920618819724E-029
  </DiscreteSampler_grid>
