 -0.00000732041652438  0.00078878639541767  0.00158578878474502  0.00238935114605460
  0.00320147788250702  0.00400671369569422  0.00477393423113445  0.00545279008210311
  0.00610476376875766  0.00684058868992240  0.00768478025602409  0.00850793706957062
  0.00916711428790712  0.00984283771938683  0.01047002670207760  0.01105334606083436
  0.01163380990410281  0.01224989861504692  0.01286322707141530  0.01345514877802960
  0.01406233225245105  0.01464969435223469  0.01518011269194299  0.01569410092949618
  0.01622904560001993  0.01679107328672688  0.01738470840367873  0.01804927692354254
  0.01871535907943390  0.01927591399672436  0.02000923115691185  0.02087680258308319
  0.02184090434104975  0.02284043704099153  0.02369714391525595  0.02435117335206958
  0.02486676436822324  0.02529668164868108  0.02576083281218845  0.02621629158316869
  0.02668133215366355  0.02719792115520102  0.02767241868923832  0.02814169143432776
  0.02861845260369484  0.02909824107963407  0.02963699166886717  0.03011044720796625
  0.03057958617518925  0.03107378656902255  0.03165751956041482  0.03225424757245991
  0.03280551429550228  0.03340523378059441  0.03406057747530453  0.03472483911600015
  0.03535002469366497  0.03595303136000120  0.03665641017818209  0.03741418059068003
  0.03832196749667298  0.03904078701426635  0.03956701205299775  0.03995733921889873
  0.04040271009725512  0.04117455565229233  0.04200328097587865  0.04274726060820668
  0.04381940794904780  0.04531635917548060  0.04674945987401094  0.04825419851868437
  0.04988381759545393  0.05148071776533886  0.05307645594851969  0.05469894097126301
  0.05606317084905547  0.05710221544936973  0.05858525195745912  0.06036404726700120
  0.06186191857144380  0.06390385573776138  0.06589941353148761  0.06785834961240042
  0.07174776380184320  0.07735282197910651  0.08347126076021533  0.09181002679041741
  0.10014879282061950  0.10758975502577045  0.11299329967550967  0.11839684432524890
  0.12167715775801198  0.12460285398835691  0.15923442648064631  1.00000000000000000
 -0.00235478104641491  0.00968149987971216  0.01884077355880202  0.02935971170113679
  0.03964324362194242  0.04848211606949426  0.05729481744733020  0.07146563605493550
  0.08771468960375493  0.10352254329032859  0.11782627742840729  0.12978301595119079
  0.14108969456208437  0.14956767999071574  0.15721358515212150  0.16547117494682143
  0.17454577504232510  0.18484601953679367  0.19566940777268954  0.20589503984221549
  0.21472397759244474  0.22423329447866278  0.23348926629798028  0.24253469978199643
  0.25079477734926181  0.25864572431200561  0.26647191676114140  0.27604793114410342
  0.28786008513009737  0.30081277471775175  0.31564917637926698  0.32897693571275455
  0.33952358075236322  0.34991087302683443  0.36021580995482533  0.37102959997727947
  0.38357601790738083  0.39601353731580285  0.40651181058684938  0.41836445758682056
  0.43152642957368925  0.44552018157986695  0.45966760668587536  0.47451872339425466
  0.48889365690629094  0.50283832433340636  0.51724442023434569  0.53017697611561321
  0.54168651242958477  0.55092422028641141  0.55968399706161964  0.56937810299183933
  0.57867048794711240  0.58719481111812089  0.59424169419069861  0.59984858040007649
  0.60729078094977607  0.61514094906781946  0.62672209293519132  0.64224145987300241
  0.65556602478445758  0.66662049513342647  0.67842868147839475  0.69163772955797997
  0.70402017609788659  0.71472123373132568  0.72510680185297571  0.73533545171861969
  0.74567287605529575  0.75608319086033882  0.76601695113386770  0.77466962488965652
  0.78288760759332165  0.79216782582380341  0.80002096921390353  0.80725400876248476
  0.81476387408760176  0.82379247761271457  0.83011640966924427  0.83627874911436084
  0.84281670302940814  0.84915920808688161  0.85713199858479461  0.86649244643243550
  0.87778384880781513  0.88997580249094077  0.90575943358260314  0.92130890199662085
  0.93347416293327112  0.94359110172303184  0.95316276094653896  0.96151714349973494
  0.96924021296302076  0.97678416103736143  0.98753418800584669  1.00000000000000000
 -0.00761367022916380  0.09457771630902029  0.16104174231879381  0.21539617163238936
  0.26352720584966199  0.30592043312556055  0.34111183977399206  0.37193554434587495
  0.40498201066939904  0.43404316194497378  0.45968779910767099  0.48497541238123643
  0.50968973365331782  0.52815024281121237  0.54240397189723910  0.55523426038502033
  0.56821778748113005  0.58077936076602499  0.59299951548735796  0.60551919703800405
  0.62095633827268404  0.63601786699842811  0.65105553240091241  0.66573426166445171
  0.68111060874510443  0.69192927082563749  0.70147233979387602  0.70983476042349480
  0.71698868128573023  0.72347582779869413  0.72955774289675135  0.73523094380465126
  0.74092318100127252  0.74642840158884405  0.75173341932356064  0.75706099018320461
  0.76188422914204823  0.76681038443061567  0.77162688412896607  0.77674391000705201
  0.78205186607906496  0.78764675987076771  0.79277204780599830  0.79721664414633653
  0.80119801034648097  0.80493048208447526  0.80861760155874762  0.81249284636544428
  0.81675171897948062  0.82081736138465311  0.82453810957277540  0.82811712600157472
  0.83156653171309292  0.83485693013866713  0.83811521539909861  0.84153520567481677
  0.84488917434077604  0.84839192964332122  0.85259802388959349  0.85617964345445641
  0.85965403111507077  0.86317484005091716  0.86654822914955953  0.86996158182465588
  0.87345139853151355  0.87682453587721876  0.87995442560923587  0.88295782750754581
  0.88601692219128902  0.88903659275779778  0.89202738987501540  0.89499017263481306
  0.89786672041802518  0.90059808539485731  0.90338195963208257  0.90632080765589207
  0.90931197290517551  0.91225170626285790  0.91521189404911207  0.91788401894053895
  0.92037259476050925  0.92289204755589771  0.92558746061210662  0.92869922004869754
  0.93220545382539177  0.93536229081830147  0.93823344245073970  0.94135814448782784
  0.94516804905407781  0.94905292323848578  0.95389002281598734  0.96006004345387141
  0.96727439796898718  0.97577856470765834  0.98547243616948643  1.00000000000000000
 -0.01965404361656990  0.12869876399322072  0.18028633823906592  0.22068620134642053
  0.25061133749238163  0.27620726707567961  0.29759195088911122  0.31680804541475305
  0.33183125066468949  0.34555403005112956  0.35870420789461882  0.37272645347933031
  0.38482424862396974  0.39612140422153003  0.40621861957795152  0.41569115272505419
  0.42429262714178911  0.43269677421283942  0.44066427272387476  0.44757840356512968
  0.45445269560114560  0.46114751465373327  0.46758621367196224  0.47349649889955675
  0.47897389432090409  0.48432711875771600  0.48996847218615130  0.49570114095639417
  0.50103586568988212  0.50585022610985408  0.51028462767930183  0.51479156041373031
  0.51927529215539736  0.52349014025695884  0.52738275234472332  0.53102990196041533
  0.53437601892437603  0.53760249080352751  0.54130735803302554  0.54578212740824472
  0.55029179056717425  0.55383138776090080  0.55675078246115195  0.55992505361167699
  0.56426348492628653  0.56905609412503966  0.57455084885271845  0.58030483101215302
  0.58536434583708341  0.59055736123287839  0.59581349582700671  0.60128529184066448
  0.60711267534420632  0.61323682128024315  0.61846949414637642  0.62286797271014283
  0.62741806590522498  0.63195300769567520  0.63668282865019188  0.64110825614145939
  0.64635682330365163  0.65194611809994918  0.65668226422066389  0.66220256776367747
  0.66728641605712802  0.67236584517179598  0.67768028045258200  0.68358932657842397
  0.69012117793795213  0.69679211025505361  0.70328228423770778  0.70906294094280109
  0.71375330631559397  0.71842035875354471  0.72322941858597312  0.72827666613389697
  0.73357473543282348  0.73894474271666921  0.74470736267308579  0.75108078870937600
  0.75683319809097005  0.76170238055685036  0.76644841730756519  0.77162240181202046
  0.77991443217324719  0.78771548631572486  0.79595052080978801  0.80404596623621727
  0.81211382013193245  0.82023916979062872  0.82998973523730657  0.84568131675404212
  0.86467120270682096  0.88587114099948072  0.91715334546120797  1.00000000000000000
   6.5169984576617787E-013  -1.0000000000000000     
 F F F F F F F F F T F F F T F F F T T F F F T F F F T T T T T T T T T T F F F F F F F F F T F F F T F F F T T F F F T F F F T T T T T T T T T T
  <DiscreteSampler_grid>
  grouped_processes
  1 # 1 for a reference and 2 for a running grid.
  10 # Attribute 'min_bin_probing_points' of the grid.
  1 # Attribute 'grid_mode' of the grid. 1=='default',2=='initialization'
  0.0000000000000000 # Attribute 'small_contrib_threshold' of the grid.
  0.5000000000000000 # Attribute 'damping_power' of the grid.
 # binID   n_entries weight   weight_sqr   abs_weight
    10   10   6.437161302325859E+000   3.599113687078609E+002   6.437161302325859E+000
    11   10   6.437161302325859E+000   3.599113687078609E+002   6.437161302325859E+000
  </DiscreteSampler_grid>
