 -0.00002859054190499  0.00059923121295766  0.00113312937330254  0.00166014811067705
  0.00217461330604655  0.00267575505399217  0.00315328678759342  0.00359328851614652
  0.00405348512277540  0.00452893768282526  0.00500781719012994  0.00550304571505875
  0.00596875778304630  0.00640307820957480  0.00681351533505157  0.00720215326386316
  0.00759456084966882  0.00801815131036678  0.00846118056997919  0.00891585302434443
  0.00935676948534500  0.00981948593881841  0.01025615887420186  0.01070358356280378
  0.01116182773154599  0.01155992907728741  0.01195052152595329  0.01231211500986267
  0.01266261780172745  0.01301025232906139  0.01349470022243533  0.01397962236383176
  0.01451442627914707  0.01491940578295774  0.01530902090620426  0.01569907582419663
  0.01609301082084342  0.01649775467293890  0.01689533655321675  0.01727754950144183
  0.01766662178606811  0.01809119770207829  0.01854806952493888  0.01902032468735318
  0.01948458988590292  0.01996869028974384  0.02050006515557172  0.02101639853712544
  0.02150043884974146  0.02197240654710685  0.02247330216993508  0.02302170644981597
  0.02361633480255374  0.02419068422270398  0.02461857486203610  0.02508114928003953
  0.02556973847742989  0.02606897944957801  0.02660886610474150  0.02718224466941289
  0.02772374734601658  0.02821876202502480  0.02869024114030073  0.02911970008908853
  0.02959577204562040  0.03010970845931487  0.03066624864901046  0.03118322780478728
  0.03166263300682720  0.03214145843837989  0.03271477878239708  0.03341512421126533
  0.03433760788540020  0.03534868010531694  0.03644804264107787  0.03758586625731654
  0.03878078394696260  0.03996601798571495  0.04111597474756470  0.04164809265527971
  0.04267351736268964  0.04382096421719265  0.04490627377846041  0.04595559495341572
  0.04662103467886813  0.04740025032949216  0.04819077655840433  0.04904633418259083
  0.04967417272888846  0.05069237415518411  0.05183351364779778  0.05320701220628733
  0.05547161771019535  0.06328418341078268  0.41204479067248001  1.00000000000000000
 -0.00173837170453936  0.00920984907322505  0.02033522266307271  0.03242277085937219
  0.04316540429478320  0.05424009395626129  0.06662952412868896  0.07900280300167851
  0.08962899926538079  0.10016458975725098  0.11112664185151482  0.12282423707097584
  0.13347326439701665  0.14310134858609780  0.15214523820150280  0.16075131014861016
  0.16863239449324138  0.17730571038648751  0.18830479028143338  0.20260786235204606
  0.21591473509004994  0.22820241926974924  0.23814560272414137  0.24872148695388868
  0.25828478744208716  0.26767135917504747  0.27705146517063811  0.28561679731302375
  0.29399030182417685  0.30303726176015994  0.31255402661001108  0.32347220621188066
  0.33266700956181450  0.34133791892846077  0.35027778061832771  0.36080162489341866
  0.37302181135829293  0.38452372388816020  0.39495909149191516  0.40589837748460283
  0.41686910111426023  0.42970041775503232  0.44212711519859638  0.45393364749015963
  0.46252312907860554  0.47020239229094585  0.47846900626887373  0.48699365893345653
  0.49528954679629650  0.50410555770457188  0.51240842867262182  0.52216800807149644
  0.53413928013864231  0.54655387423349111  0.55863295974104243  0.56880883854205733
  0.57689569442726241  0.58452672556526553  0.59169224310086810  0.59910388908098500
  0.60494924057717891  0.61201825292316514  0.61935365848044288  0.62740211333409412
  0.63712926073992227  0.64600264239537053  0.65546368300187929  0.66544009648743374
  0.67997525219839183  0.69271592797002968  0.70326423193035370  0.71330682574861681
  0.72383736641402563  0.73419769920949796  0.74451210352572483  0.75496863771923073
  0.76635292320844040  0.77887620686541614  0.79172023828306959  0.80347714269808879
  0.81490625530072469  0.82665823856545007  0.83827629112865132  0.84951992883865368
  0.86080299350677825  0.87402541818489154  0.88728241240564465  0.90367484687229138
  0.91753891186992054  0.92987225771884729  0.94200216971106943  0.95485166104837482
  0.96779025141789321  0.97895490207408753  0.98940837706199725  1.00000000000000000
 -0.00497297519252378  0.06979618961256755  0.12294777885010756  0.16834651136662421
  0.20619337417342476  0.24206252143881260  0.27355589546970993  0.29996068035338613
  0.32502919117292589  0.34931159902159459  0.37117090364766975  0.38883792139952866
  0.40554000645654248  0.42247268165065549  0.43874733036253005  0.45579031433438116
  0.47093561830048830  0.48535078207633564  0.50047545288195672  0.51714630064508360
  0.53413160313657815  0.54913149799435212  0.56231663137541688  0.57556663737304947
  0.58881770233282560  0.59921813849558825  0.60777835900758981  0.61526505603574089
  0.62313569830222337  0.63016471276105901  0.63662844849542743  0.64275426803368807
  0.64913499287963417  0.65531201959528718  0.66119914940046909  0.66682801651730561
  0.67337715930116371  0.68022878720894309  0.68794116853122822  0.69547816002679042
  0.70253266798751079  0.70924291457220978  0.71567717621515115  0.72223852478767636
  0.72873736363696318  0.73500413888236882  0.74111310737100611  0.74676544878101359
  0.75230815617993219  0.75750651851748885  0.76271592607136784  0.76836716080157164
  0.77333308385533006  0.77787353724581554  0.78240380288186884  0.78694939650353690
  0.79127279751252488  0.79523628004448121  0.79860316300400680  0.80235279095438494
  0.80604775627684622  0.80986249418257683  0.81374455400613033  0.81748148457240133
  0.82124994505889215  0.82509922583968831  0.82829381713846340  0.83177797060495373
  0.83536358130959909  0.83927457325732724  0.84295519908645244  0.84659974991478970
  0.84995967462788069  0.85298742957374107  0.85596458739699610  0.85870080677785732
  0.86195463726408761  0.86577159285104899  0.86989030097440379  0.87421482790814997
  0.87883643001507306  0.88326179545873795  0.88712418400741810  0.89068078434895737
  0.89434879345733642  0.89864742019302990  0.90396341842454109  0.90925137529258948
  0.91363821429628533  0.91793356990136710  0.92289113105548026  0.92827539717060470
  0.93418027203374288  0.94154539632702350  0.95309407794040857  1.00000000000000000
 -0.01939175066729549  0.13093395936229885  0.17556865070089411  0.20416286537426792
  0.22445346977583081  0.24320993794894380  0.26148243660772191  0.28028473022625217
  0.29943490010118318  0.31683532336694842  0.33070111484212100  0.34105804991053129
  0.35004989172074558  0.35938635736083796  0.36803300458666199  0.37596414337008555
  0.38413806929277122  0.39209788552632574  0.40076305433108816  0.40990726128730942
  0.41870551780035892  0.42711259396834678  0.43566330489641936  0.44196022459933748
  0.44867623719355632  0.45485243143987841  0.46076607475052006  0.46606987567175645
  0.47092950669681288  0.47579299709497880  0.48110802184786083  0.48688745877370437
  0.49245220816940322  0.49772461486016595  0.50361617246506452  0.50995110336565563
  0.51626922040067136  0.52257639633788266  0.52908339068134247  0.53589110672489060
  0.54210611426224731  0.54841006701016548  0.55395437958418969  0.55942407509761594
  0.56443161369946215  0.56906530751347906  0.57395103887950361  0.57915407883653258
  0.58465714631702059  0.59115923983530527  0.59891456183659753  0.60603605851340092
  0.61146879819103162  0.61596585647723767  0.61993403339948261  0.62374445230020292
  0.62769826217428826  0.63179782379863481  0.63604378294154240  0.64030519128246155
  0.64440442014381860  0.64813956232682923  0.65175833737762057  0.65570777625209753
  0.65964257924860359  0.66386455781841980  0.66863398797183682  0.67342911627391944
  0.67837584655443217  0.68351179929700911  0.68845419453721446  0.69317660969680284
  0.69775836022070459  0.70254702842470651  0.70767427594693355  0.71333003235673398
  0.71896790378127373  0.72420089080044714  0.72986369656952055  0.73592661014817484
  0.74212484860215588  0.74861906765844777  0.75545578697685944  0.76270001170832036
  0.77037839917711504  0.77954917121352152  0.78888768562660905  0.79877584725905892
  0.81007375101828094  0.82366681212329429  0.83712270130045074  0.85073571848884399
  0.86532688076272357  0.88652655848472706  0.91884404897570582  1.00000000000000000
   1.6073378015039295E-027  -1.0000000000000000     
 F F F F F F F F F F F F F T F F F F T T T T T T T T T T T T T T T T T T F F F F F F F F F F F F F T F F F F T T T T T T T T T T T T T T T T T T
  <DiscreteSampler_grid>
  grouped_processes
  1 # 1 for a reference and 2 for a running grid.
  10 # Attribute 'min_bin_probing_points' of the grid.
  1 # Attribute 'grid_mode' of the grid. 1=='default',2=='initialization'
  0.0000000000000000 # Attribute 'small_contrib_threshold' of the grid.
  0.5000000000000000 # Attribute 'damping_power' of the grid.
 # binID   n_entries weight   weight_sqr   abs_weight
    10   10   1.308541220386823E-014   4.705068947493538E-028   1.308541220386823E-014
    11   10   1.308541220386823E-014   4.705068947493538E-028   1.308541220386823E-014
  </DiscreteSampler_grid>
