 -0.00005519580448718  0.00099140542972288  0.00179939258027123  0.00253989681147228
  0.00320256275352279  0.00380949634313097  0.00439424581557955  0.00496575914792793
  0.00552420798413892  0.00607142798669786  0.00662929087376217  0.00718348092710288
  0.00776114404697716  0.00823995166705160  0.00868083583251318  0.00912260525476922
  0.00957458303137490  0.01003485321692753  0.01048265500261291  0.01098327021217335
  0.01153764945634847  0.01222933918343867  0.01300978759184867  0.01360899110861199
  0.01412263220251470  0.01464875859705113  0.01523702187748822  0.01583086465044435
  0.01642456635032370  0.01698450997635421  0.01760087463874859  0.01834918723556048
  0.01913584730310536  0.01986601576665847  0.02052371783797461  0.02113808701633185
  0.02171174679532278  0.02222419536062382  0.02271525965952169  0.02317571872132647
  0.02362289822334550  0.02407592844438928  0.02452781176377494  0.02498051382624921
  0.02545005763438615  0.02594788187636981  0.02650447711042098  0.02709564190230900
  0.02769640866553954  0.02828688589405047  0.02887334339267723  0.02949489133591278
  0.03013011757377237  0.03079832812808269  0.03142768562428054  0.03203181807707529
  0.03260968189091625  0.03320681976831132  0.03563634525494412  0.03861323578216131
  0.04241449149367690  0.04546904119177350  0.04796387033812159  0.04950846666754531
  0.05093187411355909  0.05230379808377995  0.05346212775898052  0.05477074048147596
  0.05622260652624046  0.05801327116348225  0.06026150871258458  0.06300217100292357
  0.06487913701112658  0.06687198781223849  0.07259556103708212  0.07749781090166878
  0.08122852961374133  0.08550074662521448  0.09076850800804083  0.09336409777956789
  0.09517762969665584  0.09759808392094864  0.09967935183484748  0.10217268343955095
  0.10473479618281568  0.10753434744586859  0.11045550433970240  0.11701449863934235
  0.12575325104578167  0.13790588022628439  0.14805131014645215  0.15725408798234672
  0.16625328814497553  0.19209752285068507  0.84446194242516204  1.00000000000000000
 -0.00242485677442440  0.00892116790973086  0.01896551814510004  0.02848972969917303
  0.03808599543369777  0.04713463608959813  0.05575741773149345  0.06422320020597583
  0.07301513404562626  0.08285159099759300  0.09545476830551837  0.10892560879902173
  0.12094799335909442  0.13318498666437589  0.14611138644625377  0.15928099566114629
  0.17175685948080513  0.18299564877430027  0.19412849626120990  0.20601602332756366
  0.21850024701959619  0.23135579067278347  0.24405909920863358  0.25516891364937100
  0.26404831207491697  0.27184565837414704  0.27911531018454444  0.28665552457475113
  0.29525838378224589  0.30317567350297181  0.31017564650694446  0.31813922231986630
  0.32733832117038808  0.33774173900773802  0.34911208322675380  0.35952775675007209
  0.36914230240908341  0.37790008049568302  0.38639204725057530  0.39599026043538343
  0.40687278285585060  0.41787076575468979  0.43060096894558986  0.44387166768855463
  0.45599055113072162  0.46739688333342339  0.47812445257023367  0.48873391599373156
  0.50038313954648606  0.51338855774676462  0.52836328076634054  0.54040566328885009
  0.55123842519369048  0.56189742088681494  0.57236013073035652  0.58525777305490101
  0.59802676498868079  0.60909578340897674  0.61965802426723049  0.62899264962022072
  0.63845363491543883  0.64847037664323837  0.65692741491315876  0.66470898061912331
  0.67267649850894995  0.68182442275453825  0.69214795685661645  0.70217003210286399
  0.71170580634777980  0.72013210245124604  0.72886705185379397  0.73928645250264868
  0.75105640023263087  0.76340959190492563  0.77521412575109638  0.78490520807761721
  0.79518801121236327  0.80475259564873236  0.81485180287232040  0.82426922685298543
  0.83517948254743335  0.84539943510442450  0.85509153076031352  0.86352667047176779
  0.87243314865808608  0.88306987657343627  0.89534529255234585  0.90820736673146385
  0.92068690955341115  0.93207582905531128  0.94466854904128139  0.95596726463507231
  0.96608012581331004  0.97629488120587971  0.98759719055529749  1.00000000000000000
 -0.01261028459554427  0.13406745241705004  0.20482588749882155  0.26282350245492136
  0.30808469000189698  0.34510637839733987  0.37922157985984495  0.41019911030260037
  0.43874044580969335  0.46624724684439384  0.49120725113768920  0.51354485182321918
  0.53276151331704080  0.54999554367848991  0.56585227188125742  0.58057426039802407
  0.59580919816359568  0.61008788064923580  0.62234213900835456  0.63410927090469127
  0.64549291869538439  0.65564691191362523  0.66420881897411455  0.67287391873423597
  0.68169759335599234  0.69073870275037785  0.69999225190508474  0.70869111029477250
  0.71636401660101712  0.72315214407231232  0.72944534700892083  0.73537679713796589
  0.74137212195520674  0.74733408129165424  0.75278901969850631  0.75841317045470791
  0.76428886784353800  0.76971198154611331  0.77481063142324336  0.77964403698003559
  0.78456030554526790  0.78947913493121835  0.79478396320128153  0.80020587910632313
  0.80539432888576323  0.81017812757681984  0.81511767804701596  0.82011153566843886
  0.82476770824518586  0.82954782905508728  0.83479640593071103  0.84025660175167372
  0.84581157247601224  0.85139666756184917  0.85615255425105841  0.86033777069565842
  0.86447990886611004  0.86865137658825298  0.87287581468445119  0.87702294488267585
  0.88034671722451330  0.88373043421691289  0.88691857678781560  0.89006209321836582
  0.89313512761359737  0.89612845909935934  0.89908234735391579  0.90173778789892689
  0.90400676054692131  0.90622314875199028  0.90846561431917872  0.91070287532642269
  0.91301204040158890  0.91547593628812318  0.91810384867413108  0.92095428192128781
  0.92375396164167989  0.92653478170395576  0.92920396930043503  0.93167492398383034
  0.93412235173971525  0.93647434272211505  0.93898551623356175  0.94180954643123782
  0.94498710045927647  0.94874469373451609  0.95226967505534399  0.95550725481412857
  0.95892145961317710  0.96302179542975641  0.96703389998054756  0.97119398729723927
  0.97572794053064127  0.98171826188932310  0.98991649183201269  1.00000000000000000
 -0.01522860474278279  0.09530986403563613  0.13009742820317963  0.15904030071673758
  0.18622894803195816  0.20688056992307080  0.22444316398571540  0.23837648603270756
  0.25059679291183373  0.26356825804726969  0.27484824808570352  0.28427334762524675
  0.29326542650628407  0.30222110848544054  0.31067540451421999  0.31813952423248398
  0.32534015578031206  0.33281666728359666  0.34077274277634823  0.34708029112477373
  0.35286412168884412  0.35827976666389955  0.36364856416659164  0.36914270778227659
  0.37457700576720110  0.38019779572269358  0.38657673511872975  0.39313755574156645
  0.39893743214010335  0.40410991199682939  0.40948591044466548  0.41505541263374468
  0.41988866582610218  0.42434852600240558  0.42863254218884161  0.43316688160458577
  0.43863093807645520  0.44503673493137813  0.45171219162939130  0.45837796299041939
  0.46499929466787909  0.47170367142198538  0.47840279941583291  0.48493494124459807
  0.49106830112358302  0.49659932366734783  0.50151424848278481  0.50655289237818035
  0.51158450794105059  0.51661569217693859  0.52230386747253876  0.52835890723875345
  0.53420600428054521  0.54011162069291752  0.54695481040696348  0.55329222524322985
  0.55949112152342328  0.56536573174409110  0.57061245414493567  0.57588442620431690
  0.58035013993218543  0.58469889862444080  0.58910326555097614  0.59369053137907424
  0.59859785603087645  0.60343187099339501  0.60809598002224863  0.61291687948856344
  0.61806635434398161  0.62438555556110098  0.63096376905327178  0.63755344129338432
  0.64365885919337662  0.65027018505336021  0.65722551430773524  0.66376930407038914
  0.67202650401477226  0.68024010486356801  0.68927445212065053  0.69915644208747740
  0.70925909266933351  0.71910410960980042  0.72839494879480604  0.73759327516839146
  0.74699257451363599  0.75772276199140631  0.77035785831853387  0.78311718142007192
  0.79376478915853554  0.80327978377130382  0.81569150822537995  0.83027852878799691
  0.84553842630845844  0.86762205761519628  0.90727016073195887  1.00000000000000000
   1.1561533798302186E-043  -1.0000000000000000     
 F F F F F F F F F T T F T T T T T T F F F F F F F F F T T T T T T T T T F F F F F F F F F T T T T T T T T T F F F F F F F F F T T T T T T T T T
  <DiscreteSampler_grid>
  grouped_processes
  1 # 1 for a reference and 2 for a running grid.
  10 # Attribute 'min_bin_probing_points' of the grid.
  1 # Attribute 'grid_mode' of the grid. 1=='default',2=='initialization'
  0.0000000000000000 # Attribute 'small_contrib_threshold' of the grid.
  0.5000000000000000 # Attribute 'damping_power' of the grid.
 # binID   n_entries weight   weight_sqr   abs_weight
    10   10   1.310609119345238E-028   1.709423392045963E-055   1.310609119345238E-028
    11   10   1.310609119345238E-028   1.709423392045963E-055   1.310609119345238E-028
  </DiscreteSampler_grid>
