 -0.00007914840617176  0.00063565696459681  0.00135007775299631  0.00239495144856291
  0.00366520774375447  0.00518225063600134  0.00702290139348761  0.00912615188710942
  0.01144579414249423  0.01408688094616155  0.01693628006677185  0.01986562583492027
  0.02316677295563255  0.02691297786693659  0.03071440764121164  0.03452101074632986
  0.03856770435478751  0.04288724577294663  0.04729482317217956  0.05171937510541184
  0.05631899328019165  0.06105349004620034  0.06582060381832114  0.07075764619495054
  0.07608158318141824  0.08174097671468535  0.08780166518210829  0.09424743301203009
  0.10079089582768180  0.10737488905653861  0.11394238654677843  0.12055205789592666
  0.12742150412462824  0.13461497610980702  0.14217825475514825  0.15007014855132539
  0.15824763343611400  0.16677361116998493  0.17573336046090854  0.18513430774934472
  0.19482199068106362  0.20457242327769035  0.21446295657561004  0.22470081163680369
  0.23548627573850933  0.24680099362248112  0.25877299450357816  0.27106115881081821
  0.28343682255118130  0.29619832972703575  0.30939774358513261  0.32342030725592141
  0.33803161276956234  0.35350507202347359  0.37025299854160948  0.38807060305305641
  0.40701201933626191  0.42756626024026051  0.44970672163645320  0.47343845765586784
  0.49815720557566712  0.52296028139953399  0.54628699259959457  0.56820348096713669
  0.58845773418595171  0.60822792139411186  0.62785244866414647  0.64723647889171443
  0.66614577764640115  0.68452074097247673  0.70191941912094025  0.71835501520701628
  0.73410183730919509  0.74931670966008601  0.76392798118513872  0.77757487696287597
  0.79041445229746932  0.80312261785424710  0.81605775797004310  0.82881960719909742
  0.84151864514440988  0.85389799126254828  0.86579240183530870  0.87708277050326555
  0.88809026959027815  0.89906603936077734  0.90994503822642103  0.92070449856005132
  0.93139099524548807  0.94193060847506382  0.95228641823291993  0.96238791216184072
  0.97200949129640335  0.98144054432886096  0.99076446110931593  1.00000000000000000
 -0.00267539964211566  0.01324934258997634  0.02518036876402556  0.03593568404416477
  0.04633359967928327  0.05656081110732283  0.06711647789615784  0.07765488907147018
  0.08853282276363569  0.10029272120006044  0.11201020449557855  0.12330564242617199
  0.13406404655236370  0.14492117017695416  0.15568497593791938  0.16637016179021069
  0.17658142348690162  0.18646980404229371  0.19665719647716970  0.20734760218089734
  0.21783427483427356  0.22749950716791020  0.23694872110192020  0.24661796030334962
  0.25677585095033173  0.26684542797423472  0.27718443896198891  0.28827800785641744
  0.29816210001145182  0.30805359249906922  0.31770349153545180  0.32723106857161866
  0.33693741108404668  0.34661355727166493  0.35721824650765410  0.36845715899379311
  0.37940607512116553  0.38987013659148423  0.40036895962159980  0.41091884319749072
  0.42171727939739212  0.43266827609452918  0.44451379134544261  0.45641662963303958
  0.46711547009870635  0.47743374294363755  0.48833762003987641  0.49962261822150311
  0.51062265887481006  0.52097229438775094  0.53064278284125410  0.54044286799231545
  0.55052734430852668  0.56062824935939126  0.57098101724970551  0.58149751284088147
  0.59313947615577267  0.60481066276488893  0.61622978980590171  0.62774827772636221
  0.63915900909013146  0.65017786625501583  0.66080297811560607  0.67148309009619656
  0.68254936030651947  0.69348626519938006  0.70398440225995040  0.71404522241288337
  0.72384767265073924  0.73306557410417261  0.74180110140543232  0.75083260353733727
  0.76008344490754243  0.76941299364353843  0.77801347680190247  0.78679497252565100
  0.79585111509346962  0.80528614725672409  0.81509671237135251  0.82430878551097242
  0.83403850914179578  0.84458710534275805  0.85540606643526618  0.86566518898874356
  0.87628876005496470  0.88706242552850745  0.89830973322900431  0.90895537671130000
  0.91923846625449102  0.92977415058599144  0.94062152737255711  0.95238341258585046
  0.96441180549617722  0.97649482233370533  0.98823521156427119  1.00000000000000000
 -0.00254188138289728  0.01551414924515176  0.03005694444975944  0.04328960945257974
  0.05616582183920357  0.06891854095544442  0.08119880180186861  0.09344730608351179
  0.10510015080507756  0.11672650869962414  0.12817070046701667  0.13934913334735136
  0.15060191628916508  0.16088674858720181  0.17120477883607005  0.18126418535210598
  0.19161373259999173  0.20232654203190445  0.21310018181215892  0.22424511276091394
  0.23541418330934397  0.24682135965275237  0.25719721592477179  0.26706519077224661
  0.27699971095623782  0.28725432481318525  0.29712254515612502  0.30690135689661652
  0.31684845784974808  0.32694415854510001  0.33703719254065467  0.34729338752914690
  0.35805420977943919  0.36899526264017191  0.38050167426952719  0.39231544825640718
  0.40391513863232903  0.41554196875078186  0.42726216324980204  0.43886631010998745
  0.45018771266716218  0.46136295858223481  0.47218364030623705  0.48321013713798744
  0.49410575154830660  0.50469502085891149  0.51503942568640626  0.52586274097295249
  0.53717581677668436  0.54860610112117325  0.56012711278242089  0.57198076590546587
  0.58381906064019740  0.59520677759257756  0.60643039622793593  0.61769245951750618
  0.62867264876833140  0.63929020924255997  0.64954553882531429  0.65944985036662707
  0.66900700636025734  0.67839708780176822  0.68776067572187649  0.69673691271382965
  0.70536359363669909  0.71393664559334857  0.72248570022905045  0.73131339696025810
  0.74052520835378677  0.75010869257107493  0.75993822065718819  0.76952084492082784
  0.77857521286005271  0.78747151742902388  0.79639352249748152  0.80514450397710957
  0.81373987457695507  0.82194856385864423  0.83006592960462533  0.83843063820858965
  0.84693624075157048  0.85585043922466209  0.86537546785367414  0.87494635260240861
  0.88388896397276884  0.89246803955653087  0.90145471009522016  0.91097094292693548
  0.92033344215506074  0.92908094653591500  0.93826081472227618  0.94779924004271299
  0.95839585067148114  0.96960003729568267  0.98357003833527745  1.00000000000000000
 -0.02060157801020215  0.13417527195452447  0.17910914713159759  0.20882143057580071
  0.23250240492023411  0.25255628620499837  0.27055424969733693  0.28617955078368446
  0.30052983123612986  0.31389292084123593  0.32641865908914863  0.33839107736254537
  0.34974408817672958  0.36037579185807994  0.37083021444705688  0.38078261079058112
  0.39056415548902074  0.39997637550127174  0.40933303441856805  0.41850642467126037
  0.42734109331453990  0.43603312152340745  0.44450195635067824  0.45288843959562830
  0.46116921070756789  0.46933549943071812  0.47726354425942141  0.48476787986621550
  0.49195284194790601  0.49899952847624168  0.50573846057502114  0.51217947197205005
  0.51851668571641474  0.52480999564615849  0.53113199257451849  0.53751880061979207
  0.54358568895614412  0.54957349174892545  0.55550994995979930  0.56130186671775317
  0.56677573805461412  0.57225671620805996  0.57788012937436739  0.58364918882274419
  0.58935545915630971  0.59487618147028432  0.60024569296583674  0.60555910889639364
  0.61085779188682943  0.61618188197143575  0.62160576133979950  0.62703265294928090
  0.63256396679957116  0.63797894192834470  0.64316731220813916  0.64831286526239540
  0.65345248850346016  0.65879727451070635  0.66392616943850957  0.66896280847623879
  0.67403021104350036  0.67920619179678510  0.68456607336468556  0.69009182336746011
  0.69561815467015675  0.70111270202983877  0.70660071152702997  0.71225826047283780
  0.71841658925300023  0.72432023857799954  0.73020367696219113  0.73608624097795872
  0.74199424740492848  0.74787463177756586  0.75343280186010630  0.75873176160893296
  0.76408190217192018  0.76979454905082956  0.77535242928546089  0.78114240610645058
  0.78685469198785829  0.79266322394587996  0.79859642026383104  0.80469780950461778
  0.81106280337624703  0.81825824748130527  0.82592626085393583  0.83424888164206867
  0.84339573277778723  0.85308218187942253  0.86307760220733376  0.87433593020817801
  0.88740650143648725  0.90405430035771628  0.93118966985643037  1.00000000000000000
   2.6024402808766162E-015  -1.0000000000000000     
 F F F F F F F F F T F F F T F F F T T F F F T F F F T T T T T T T T T T F F F F F F F F F T F F F T F F F T T F F F T F F F T T T T T T T T T T
  <DiscreteSampler_grid>
  grouped_processes
  1 # 1 for a reference and 2 for a running grid.
  10 # Attribute 'min_bin_probing_points' of the grid.
  1 # Attribute 'grid_mode' of the grid. 1=='default',2=='initialization'
  0.0000000000000000 # Attribute 'small_contrib_threshold' of the grid.
  0.5000000000000000 # Attribute 'damping_power' of the grid.
 # binID   n_entries weight   weight_sqr   abs_weight
    10   10   3.394086654185095E-003   4.090507010982860E-005   3.394086654185095E-003
    11   10   3.394086654185095E-003   4.090507010982860E-005   3.394086654185095E-003
  </DiscreteSampler_grid>
