 -0.00002043932868855  0.00032418881389915  0.00054491848334284  0.00074528366283679
  0.00093004833139830  0.00109844388236434  0.00125559059734346  0.00141893600829265
  0.00158243566077458  0.00174282958694159  0.00190243560673736  0.00206390270628219
  0.00222562370879735  0.00237912079852869  0.00253440169395804  0.00268941043042416
  0.00285493654118910  0.00302964615997229  0.00320848118134338  0.00339694497951229
  0.00357726185363440  0.00375777066225403  0.00392231953147240  0.00409024472345340
  0.00423900049345311  0.00437871615745451  0.00451960591844551  0.00465894738762994
  0.00480414619999923  0.00496021028237394  0.00512178436431808  0.00529086328645965
  0.00543666204548700  0.00557682719866648  0.00571951062500486  0.00587660579705747
  0.00605669564167793  0.00624388979480144  0.00641992737744814  0.00659743232325638
  0.00676705838297838  0.00692453351127856  0.00706593844322620  0.00720308974871889
  0.00734288773722970  0.00750092558774746  0.00765898706658013  0.00782094346080491
  0.00799346866651215  0.00815812229661942  0.00831119477050412  0.00845076926485810
  0.00858610652643540  0.00874277882992950  0.00893134512752849  0.00914925260455249
  0.00933151515284438  0.00948454719710219  0.00965546035842197  0.00984908666184324
  0.01004303515961624  0.01023515318419031  0.01043118098936271  0.01066679681650299
  0.01104212661698650  0.01139366163120806  0.01165323144489477  0.01190349917572356
  0.01215701609876038  0.01243141084629597  0.01279255828556008  0.01316062874795475
  0.01352621011028078  0.01391268351263454  0.01431544891352328  0.01475565087981968
  0.01521459271826610  0.01576093779449519  0.01636842381560293  0.01710643674117544
  0.01799152472220469  0.01912922339504458  0.02052532200585158  0.02122542893673936
  0.02192062108059615  0.02260969634231093  0.02389805151224682  0.02547433169963689
  0.02752459417366379  0.02981288629003654  0.03355238189161053  0.03771938964655234
  0.04167368686908436  0.05149471137411017  0.48743415011539637  1.00000000000000000
 -0.00303953669739845  0.01150238180950886  0.02293426500650371  0.03417901230375690
  0.04434850387947636  0.05412495821811524  0.06366669447769094  0.07382350917678948
  0.08414637512468101  0.09454462972420628  0.10568267853498255  0.11714229303884552
  0.12736922393275193  0.13640826254317720  0.14498580193769353  0.15386581143913353
  0.16284481047495791  0.17135957791385600  0.17984550376369698  0.18897943709344375
  0.19851494155730393  0.20785386106702627  0.21839355083867737  0.22987548186700107
  0.24174808200059156  0.25319160418591619  0.26451158279477976  0.27533661088085437
  0.28599337635437683  0.29581758618815002  0.30513051930427942  0.31450420602130669
  0.32377247529918235  0.33342464221209323  0.34193539554343438  0.35028771919841423
  0.35895414949621068  0.36820112380144682  0.37760833838331009  0.38889061528535390
  0.40013181512545387  0.41361145398416160  0.42680205458204601  0.44022213536832105
  0.45342675300119933  0.46529469631830928  0.47651065338835019  0.48698954797594157
  0.49672610933891076  0.50527396069669106  0.51302098109068173  0.52043638046461371
  0.52753944868739144  0.53525829459296581  0.54387337093560850  0.55236253194194662
  0.56026326547948202  0.56817326693728154  0.57564939497007395  0.58399958170902566
  0.59351139564552680  0.60396279954139798  0.61532901274264851  0.62746746527695096
  0.64209578081706709  0.65631452005413748  0.66952201619341778  0.68133041538703321
  0.69231352287199077  0.70347699230705296  0.71498069583660395  0.72644135766309959
  0.73799921190843842  0.74929082437039130  0.76119972053156082  0.77356609563497369
  0.78621082053854563  0.79816698158580179  0.80963073997892065  0.82077112791367413
  0.83152746860560878  0.84167491598519373  0.85125993502690300  0.86146172397291465
  0.87212479641959151  0.88410420095835218  0.89753206214801351  0.91077671364958090
  0.92198165711219116  0.93228215787425606  0.94242531161806653  0.95295426763835289
  0.96411031718889029  0.97583858240551957  0.98792211364220006  1.00000000000000000
 -0.00043872137996984  0.03158426280822217  0.05613660926172675  0.07715293644913787
  0.09655232544902594  0.11329652555578015  0.12913380337000366  0.14364732979534858
  0.15816073482842632  0.17223166079222355  0.18560852176567011  0.19899586546023651
  0.21221859862752165  0.22488697906268440  0.23735877569309827  0.24959452046766156
  0.26141856520562651  0.27169458194988777  0.28150922438682935  0.29045589772544200
  0.30084510984859875  0.31168440626781757  0.32220934427017889  0.33275597338082530
  0.34267628417675444  0.35215300452933640  0.36195005378864725  0.37150416262276842
  0.38081466090669697  0.38980637314001471  0.39867982646878847  0.40769824011494288
  0.41651332915630745  0.42499858835158022  0.43374485983622546  0.44298549795802683
  0.45235944373362486  0.46123802219136856  0.46912498637547478  0.47618023803754467
  0.48291267469337368  0.48905186103624676  0.49556266616379629  0.50148173385815309
  0.50706437054285391  0.51269673631504220  0.51851603415931968  0.52426645472779865
  0.52965020159226261  0.53497830531380641  0.54021625538835449  0.54673692441421340
  0.55370738232210026  0.56073536082284325  0.56732918693768164  0.57332472248076649
  0.57920213982502688  0.58528394589870547  0.59200552750668534  0.59872576103579356
  0.60466066469056512  0.60998350443745586  0.61514520590581945  0.62047201080540604
  0.62577222723818837  0.63090340108541210  0.63614034869624292  0.64146595602604917
  0.64708089314947237  0.65253484629671632  0.65798301506190049  0.66361416994989419
  0.66980691208239673  0.67607885168157700  0.68185577757984039  0.68755967213671543
  0.69398880076719993  0.70015664762131991  0.70712864492273708  0.71555146744706899
  0.72597218678246245  0.73638842211276512  0.74568389524631862  0.75412770529559692
  0.76252003202380481  0.77143513277578513  0.78017876353319193  0.78926934255844527
  0.79961079058708406  0.81192368846683205  0.82878819860567066  0.84746152114804740
  0.87054277253148371  0.90147828694333920  0.94194937866332662  1.00000000000000000
 -0.01779125047441371  0.11515392789327086  0.16029414743862633  0.18619878426448053
  0.20605117253000219  0.22359394647782699  0.23808643816069133  0.25064043102518002
  0.26248780136323585  0.27281561307682073  0.28223318972240385  0.29107214513233270
  0.29979729568062469  0.30729141332953686  0.31468250704128259  0.32115051389463362
  0.32819422689071431  0.33475253347908562  0.34113068927867135  0.34757432727629517
  0.35394838843356491  0.36044931417519671  0.36716371532563086  0.37382445061455383
  0.38036975921307470  0.38682076765754575  0.39275729846318919  0.39794530709043385
  0.40240240893618884  0.40683046334403866  0.41173741671659153  0.41679458785160423
  0.42171389733780124  0.42655673526285620  0.43142353698104169  0.43607210319769452
  0.44078681513867185  0.44549094913569298  0.45043188892694991  0.45521394737723769
  0.46029326997269210  0.46552869021989901  0.47069513165049953  0.47571794191115330
  0.48084919742563048  0.48644957383861775  0.49251086854706738  0.49823241325055834
  0.50328188993193768  0.50776893236951537  0.51216946625146142  0.51683979848243955
  0.52186981397881782  0.52730703934244405  0.53324209967573133  0.53897214705255414
  0.54428776089610542  0.54966754276616836  0.55488601513744018  0.55988470154086645
  0.56598959873485655  0.57312113626598893  0.58038837013715727  0.58776232352845426
  0.59468283975084313  0.60141150511712005  0.60765565547611511  0.61370262355470118
  0.61951203861668847  0.62556153233046707  0.63229035520822041  0.63939519227070196
  0.64687601771380354  0.65483985865803918  0.66138299179769100  0.66741743328151293
  0.67302778100933858  0.67871949935161524  0.68518658057349779  0.69306309662590126
  0.70142453475618061  0.70953319999326814  0.71687071319331519  0.72442983091820856
  0.73302785638793755  0.74228945863649609  0.75052584025408564  0.75898789534915190
  0.76761722591065462  0.78226236471706190  0.79796906273822354  0.81628624602203304
  0.83831245468284477  0.86356805827373995  0.90034747779399027  1.00000000000000000
   2.8800962497663247E-028  -1.0000000000000000     
 F F F F F F F F F T T T T T T T T T F T F F T F F F F T T T T T T T T T F F F F F F F F F T T T T T T T T T F T F F T F F F F T T T T T T T T T
  <DiscreteSampler_grid>
  grouped_processes
  1 # 1 for a reference and 2 for a running grid.
  10 # Attribute 'min_bin_probing_points' of the grid.
  1 # Attribute 'grid_mode' of the grid. 1=='default',2=='initialization'
  0.0000000000000000 # Attribute 'small_contrib_threshold' of the grid.
  0.5000000000000000 # Attribute 'damping_power' of the grid.
 # binID   n_entries weight   weight_sqr   abs_weight
    10   10   8.790350528733050E-015   1.478853502888856E-028   8.790350528733050E-015
    11   10   8.790350528733050E-015   1.478853502888856E-028   8.790350528733050E-015
  </DiscreteSampler_grid>
