  0.00000319276000081  0.00000722279592703  0.00001230246389030  0.00001742222952409
  0.00002236419894992  0.00002713977795434  0.00003184529392101  0.00003669475243268
  0.00004158342569353  0.00004652981394114  0.00005152072785025  0.00005653357036015
  0.00006158650896782  0.00006668533511700  0.00007181918304327  0.00007704521961666
  0.00008241249073243  0.00008795426060738  0.00009370061049535  0.00009973346896631
  0.00010581534247203  0.00011199726078745  0.00011830128180094  0.00012474478954288
  0.00013136907868627  0.00013824036364289  0.00014539316181412  0.00015274366498754
  0.00016034981453619  0.00016814828428794  0.00017615716254523  0.00018448648466313
  0.00019281389484266  0.00020174140901022  0.00021094237552478  0.00022043489268688
  0.00023021972923559  0.00024020199295493  0.00025049120440907  0.00026107293544724
  0.00027201559139411  0.00028339730750873  0.00029505700697072  0.00030740038190658
  0.00032018718100361  0.00033388264852761  0.00034818708140691  0.00036301022310598
  0.00037889098283290  0.00039499369721540  0.00041329532587765  0.00043150109139361
  0.00045092644557408  0.00047077596698426  0.00049163779126842  0.00051378407073907
  0.00053652394765321  0.00056138231714849  0.00058646722981073  0.00061441110261128
  0.00064318900001639  0.00067502240581050  0.00070829034559765  0.00074388326076513
  0.00078070160696016  0.00081980233638058  0.00086237272550442  0.00090769399646254
  0.00095806290861721  0.00101180184217602  0.00106948588007275  0.00113289409218679
  0.00119915833477813  0.00127378637828667  0.00135175421481597  0.00143634187683411
  0.00153337243521177  0.00163960347410300  0.00176242885202838  0.00189988634154583
  0.00205137511445145  0.00221719874017518  0.00239754254324711  0.00260047991106420
  0.00284381464793345  0.00312504311413111  0.00346566269045535  0.00386711254763390
  0.00438432646888730  0.00509366257798529  0.00607465200389827  0.00775755461165665
  0.01012251460774203  0.01402693225593111  0.23113348975584069  1.00000000000000000
 -0.00239582756407469  0.00962351494426908  0.01983370026824560  0.03037448708002809
  0.04095659852113447  0.05151695080775479  0.06177500495858661  0.07195553538418904
  0.08211454738635254  0.09270716411465871  0.10319780481069325  0.11371930300448510
  0.12427724582134556  0.13489278083513792  0.14538264804853138  0.15575192231941457
  0.16620863444462045  0.17679015421675706  0.18730456683576344  0.19789209543450681
  0.20856655607538060  0.21929769771073643  0.23002310583594715  0.24049070098269498
  0.25099390884771733  0.26131447044507872  0.27162509610130436  0.28203086844125985
  0.29239501408141694  0.30316436993307300  0.31376140406893160  0.32456382087016045
  0.33500610166737554  0.34560808538686999  0.35612021863347487  0.36683164027801429
  0.37757070379712082  0.38830624385731821  0.39868221501528495  0.40912037433148329
  0.41962692716623140  0.43037722372343312  0.44109057410090569  0.45190853457258634
  0.46269965076287567  0.47312678714076223  0.48348613004631447  0.49382373970300236
  0.50418801491878940  0.51457990017242405  0.52499606106311136  0.53546212001481708
  0.54603076406782214  0.55685347508268113  0.56762420216481557  0.57835658868960249
  0.58887247547890675  0.59945036406833763  0.61014528434256854  0.62066009482947315
  0.63102699571383258  0.64142303962787817  0.65186013379428609  0.66251409689195739
  0.67287908043226019  0.68333499716112256  0.69374731703427939  0.70427536583174344
  0.71463938522934478  0.72496156021732494  0.73533011731394970  0.74604944102535997
  0.75665636023647953  0.76726505552694280  0.77782244052653093  0.78867746854930132
  0.79950578947126627  0.81012854012463709  0.82076106727004450  0.83144931011312084
  0.84213975122409057  0.85269107629197971  0.86339525030423869  0.87415003983540718
  0.88486936580304387  0.89553103624122721  0.90627915637169554  0.91687359776190991
  0.92738924779188647  0.93780838605912209  0.94814493073488315  0.95841945198498135
  0.96873154528120498  0.97905839697583219  0.98946481847544432  1.00000000000000000
 -0.00404958295615087  0.02522590114384637  0.04639751425712094  0.06418926269554168
  0.08021436214889831  0.09492409539201091  0.10868618760043192  0.12161215445356451
  0.13403241897823837  0.14611871854913194  0.15780832310852266  0.16906751348424665
  0.18003691706086841  0.19078957968322396  0.20142610270026798  0.21196847386540393
  0.22249162685670118  0.23274320848126026  0.24258187358805880  0.25233118037124352
  0.26173053044502775  0.27109637519450447  0.28028847053876754  0.28937796284979578
  0.29841081964612104  0.30739997631935256  0.31631951174787504  0.32528010861632700
  0.33408972545964638  0.34283659596239491  0.35151892804333967  0.36003502254663311
  0.36840945167160494  0.37660542854523477  0.38467047958757433  0.39276925636171484
  0.40085432749630895  0.40885138868801291  0.41679457976760781  0.42467045866208142
  0.43258205727329907  0.44041210611115456  0.44815923305794902  0.45589356301983097
  0.46351117226419786  0.47132359463202306  0.47908944189272873  0.48699540658634499
  0.49480160842547433  0.50256260485820980  0.51031257749458847  0.51799955186416924
  0.52573749924619340  0.53351614402751590  0.54129615586952706  0.54907717232993591
  0.55684221453832106  0.56459506689168204  0.57233490054308367  0.58006109032272690
  0.58781637961205813  0.59554089138729416  0.60320997450402880  0.61094143034557769
  0.61880932166768843  0.62695860981578766  0.63534065914802829  0.64374192208275960
  0.65217934168842340  0.66051532425931136  0.66891861434467781  0.67745552120908881
  0.68608122818625694  0.69478596747952182  0.70353417041613631  0.71229458341527052
  0.72123656646880840  0.73034810950489837  0.73948896482795246  0.74876696252420927
  0.75826656969101247  0.76810345341899189  0.77831862019189701  0.78870341420001544
  0.79939979057012023  0.81021360882877713  0.82133634052052007  0.83281425695363009
  0.84500267706153420  0.85791411572053045  0.87194549614606798  0.88763552029423931
  0.90502925704958070  0.92509818461768845  0.95198898361831419  1.00000000000000000
 -0.01911733067260610  0.10889906171809804  0.14490843577727253  0.16711947519078724
  0.18420873567632123  0.19867531239008063  0.21143280261553407  0.22318374689422801
  0.23408547860959825  0.24446888064193784  0.25427201047091497  0.26374215676342089
  0.27273978876623578  0.28135094349894280  0.28967332845697408  0.29772901496064708
  0.30548742064351531  0.31305564100244321  0.32045713243987295  0.32778625263637506
  0.33498866809506511  0.34201912627474651  0.34897962854131825  0.35571623303339034
  0.36227245103447853  0.36878672590944650  0.37526355292077052  0.38165660955300607
  0.38797356382882298  0.39420464163421332  0.40028079463290900  0.40617506354055810
  0.41206909476731407  0.41785645039602914  0.42364284086870757  0.42936320438021491
  0.43508308860391454  0.44078359205065892  0.44643771153752815  0.45206622758287579
  0.45765457172350132  0.46328459484128687  0.46896246351150189  0.47465334634252615
  0.48035469016731541  0.48602506496272496  0.49164277542193985  0.49719090598794324
  0.50268344803988463  0.50824317486639514  0.51382490751958965  0.51943945944512415
  0.52505908441934834  0.53071179469024099  0.53640046527158247  0.54210175993848175
  0.54779476909987712  0.55346598167472383  0.55919247418474571  0.56494323280033654
  0.57073837259151139  0.57650114866448698  0.58230540838234568  0.58817479760300095
  0.59414035747400606  0.60014259212683907  0.60625953274543354  0.61246281632948218
  0.61869678832524033  0.62496081508917756  0.63130873569739943  0.63777220404646018
  0.64434339835475074  0.65100027115911230  0.65767599308712055  0.66444068111735344
  0.67134693439815296  0.67843658913170701  0.68563777513908497  0.69304974695669319
  0.70064368421511780  0.70845577326629794  0.71666085164813786  0.72518900248849505
  0.73399761013266240  0.74318963407817795  0.75283782973009505  0.76327490417363386
  0.77451485993603120  0.78676161891485841  0.80029269885956111  0.81542611968801459
  0.83275286911613677  0.85444263067539905  0.88993988714199090  1.00000000000000000
   2.1893669453970995E-003  -1.0000000000000000     
 T T T T T T T T T T T T T T T T F F F F F F F F F F F F F F F F
  <DiscreteSampler_grid>
  grouped_processes
  1 # 1 for a reference and 2 for a running grid.
  10 # Attribute 'min_bin_probing_points' of the grid.
  1 # Attribute 'grid_mode' of the grid. 1=='default',2=='initialization'
  0.0000000000000000 # Attribute 'small_contrib_threshold' of the grid.
  0.5000000000000000 # Attribute 'damping_power' of the grid.
 # binID   n_entries weight   weight_sqr   abs_weight
    10   10   3.272959377684153E+008   2.797132924379636E+017   3.272959377684153E+008
    16   10   3.272959377684154E+008   2.797132924379638E+017   3.272959377684154E+008
  </DiscreteSampler_grid>
