 -0.00004566869338512  0.00078408971682801  0.00160961075978967  0.00244966958156878
  0.00326653670819965  0.00401305997673370  0.00470854978093583  0.00540520547150111
  0.00613002201062383  0.00680487228979132  0.00746857685781345  0.00820233407069930
  0.00896776247538798  0.00992531002310831  0.01082718787225793  0.01169341320520640
  0.01245059670432164  0.01312692051193493  0.01379562443777006  0.01446545200440925
  0.01511158544748735  0.01570759826898314  0.01629362288556037  0.01689518240158647
  0.01757854001098860  0.01822139827619699  0.01877938076235889  0.01931539429251640
  0.01979899400674326  0.02022168945815394  0.02065771158293162  0.02113004618646278
  0.02161348554093688  0.02208988859044819  0.02257047508645250  0.02299560964915639
  0.02340667449735669  0.02380924944420663  0.02423174323123641  0.02467380394847456
  0.02513729942595806  0.02561619713395697  0.02612607155480191  0.02668478639094528
  0.02734692355538153  0.02819109871334042  0.02899028951686393  0.02967397260717934
  0.03053110830456061  0.03162734282722380  0.03291465235607610  0.03439361923219809
  0.03584533264083115  0.03681970471145459  0.03740477989672995  0.03793170637290603
  0.03837641077698010  0.03895356497347900  0.03961367627248157  0.04036157370063665
  0.04117766565946281  0.04192476097711863  0.04256020155683569  0.04314726563734354
  0.04373901667930701  0.04437070833092025  0.04503552681081140  0.04573674861229634
  0.04675154181554409  0.04763402231727217  0.04842233730421171  0.04916952583795626
  0.05040822295953684  0.05169800947564203  0.05306080118394248  0.05465896094228766
  0.05648357958452789  0.05836924036528255  0.06030417052254788  0.06216148598591543
  0.06387416564758103  0.06567324008201966  0.06765419783648470  0.06960013535201678
  0.07152222990643738  0.07369037980763866  0.07550071661392274  0.07645604859810121
  0.07741138058227968  0.07836671256645815  0.09270136819776642  0.11936307758014360
  0.14602478696252075  0.17268649634489794  0.22139608952630249  1.00000000000000000
 -0.00255269996565274  0.01097632601101484  0.02161832880872420  0.03155408431230190
  0.04156244291422312  0.05229654268509322  0.06321446225117772  0.07563256809309017
  0.08732645169107271  0.09581445693033154  0.10356595392960374  0.11080549826099077
  0.11770363244199482  0.12474003086627181  0.13311995343370672  0.14324183043437252
  0.15632409442509981  0.17186707265000820  0.18585457029775812  0.19802824754007328
  0.20914485112215261  0.21986034545505212  0.23058835316541404  0.24144562809995324
  0.25290315031183042  0.26597105559520379  0.28102876625094858  0.29431344449226793
  0.30552843483564307  0.31574311034431390  0.32522669040782182  0.33401836288690179
  0.34242590955897245  0.35201472145306056  0.36376672656766201  0.37496350780182791
  0.38382240766767645  0.39143241375396259  0.40064030616583696  0.41186409320744277
  0.42380533630335693  0.43488035068663150  0.44922017498402056  0.46528003599961093
  0.47997229162678290  0.49298784366099929  0.50448273619900552  0.51570761890436601
  0.52564087632694045  0.53635710200840614  0.54727359388235175  0.56042173768364834
  0.57313271937154553  0.58607809659591426  0.59930438113434259  0.61133263281072081
  0.62187934587176152  0.63275778335564747  0.64463364082365282  0.65708019428493536
  0.67086885225861592  0.68412808154551585  0.69452152179758930  0.70335350968120414
  0.71264922154376542  0.72230338699710595  0.73142372167094349  0.73945481897269538
  0.74745277949030386  0.75528876239414189  0.76275202032818512  0.76998800318181626
  0.77796068278782693  0.78878269634648868  0.79940066243678642  0.80990352958535394
  0.81948141594811119  0.82926093018708535  0.84002626545117443  0.85068222372187274
  0.86080833433307535  0.87163415206621486  0.88328790709969451  0.89249956878579473
  0.90005205815922074  0.90778730394283336  0.91641616855549879  0.92761317871118110
  0.93873441222491816  0.94936343997839034  0.95847711642790578  0.96556989064411014
  0.97431097884409235  0.98330702691152538  0.99188677498706979  1.00000000000000000
 -0.00512728897020288  0.09704433255137045  0.16072901571807716  0.21585046045944511
  0.26546865246005519  0.30752821114352824  0.34422848305330295  0.37937162607026059
  0.40564497249756559  0.42812615352990735  0.45183740411870454  0.47531167531975543
  0.49581365416555273  0.51353118050200830  0.53107657811292619  0.54886073005161529
  0.56578168517291150  0.58252495539641325  0.59601309658623147  0.60679557840087073
  0.61666605428992027  0.62683868775195029  0.63780773848688255  0.64902236799695168
  0.66086576119057494  0.67194285712171531  0.68304174865160661  0.69334983000625794
  0.70337454043383618  0.71316012162708942  0.72215603441233933  0.73153812478554858
  0.74106882770897353  0.74924484865451813  0.75657981064561231  0.76366871786564250
  0.77063073041234209  0.77770785624700600  0.78458608754275305  0.79104421706000116
  0.79663713520908719  0.80133406635478088  0.80561809402405715  0.80988040870008526
  0.81394375341179948  0.81756688785474341  0.82156725837092626  0.82576863713516757
  0.82974605126436207  0.83341930870598624  0.83667019245352003  0.83961984601754436
  0.84264168068633305  0.84580155796468104  0.84921077442879866  0.85253498981243703
  0.85571694696051193  0.85845261973964304  0.86098301951478884  0.86353365084890055
  0.86605342420928144  0.86874266463050021  0.87161405961119087  0.87434548118073974
  0.87744048177420797  0.88051199665697577  0.88353991278773125  0.88641286882764259
  0.88944017652700513  0.89263242150093447  0.89596839166939901  0.89992063744991602
  0.90482709515003157  0.90900326340869098  0.91269437296998701  0.91618798554957581
  0.91912299150759535  0.92161365068054257  0.92403919097678544  0.92655671296758002
  0.92940342349799465  0.93278042401807570  0.93629951440069659  0.93956396596821290
  0.94294609161610587  0.94632537271972661  0.94969948047328812  0.95284783938090922
  0.95643390173075393  0.95995069723471838  0.96259348487601670  0.96528163813573675
  0.96801280432110448  0.97266094318055607  0.97812367106169895  1.00000000000000000
 -0.01657814340198239  0.12319657720988397  0.18143156569073401  0.22827372587991335
  0.25700827318481140  0.27743858764905416  0.29448344620704742  0.31077786406565971
  0.32730833413178911  0.34151591068802067  0.35472182742923830  0.36678602657003279
  0.37875317667446246  0.39119913725091471  0.40054585029827738  0.40709451634800181
  0.41425690893160899  0.42105762327077662  0.42656096195839260  0.43194251779424980
  0.43766713893273373  0.44472705360465697  0.45209357639682041  0.45837833604160616
  0.46555810989448704  0.47331977234734812  0.48126285477689790  0.48979005369228368
  0.49786251811459675  0.50557591208218244  0.51347822200761961  0.51987166864929479
  0.52476290673668669  0.52939302312521974  0.53400942562623777  0.53908800130317480
  0.54479074286480089  0.55126517673889208  0.55724546258642116  0.56277899883693694
  0.56799219068908857  0.57298156271022349  0.57822498594102378  0.58333093836158745
  0.58781225251208846  0.59313950274283889  0.59876538895832054  0.60397981113686194
  0.60807644165143382  0.61215552479704549  0.61572378237708281  0.61970745594027343
  0.62348706616916949  0.62722936967484300  0.63138336324162736  0.63580558759446204
  0.64052977495244767  0.64530153305616900  0.64974626159028959  0.65403692543082659
  0.65806702774353487  0.66255879175473831  0.66710397485635142  0.67231248617555672
  0.67764198686250943  0.68295064162498420  0.68850797487817073  0.69357520103298331
  0.69822302200011610  0.70275842331313754  0.70719345335150541  0.71148972236489250
  0.71569609091176334  0.72020084926688588  0.72483808301820640  0.72947348682243440
  0.73438432633883910  0.73992155934310089  0.74558069230486401  0.75100566084319620
  0.75619195377950466  0.76205667359983620  0.76722910384554510  0.77116826010370632
  0.77718671286824059  0.78552423002224703  0.79191049826466275  0.79839752362250627
  0.80732939835789419  0.81631200019919015  0.82761906296498267  0.83942408691529691
  0.85259669819111084  0.87366008273140994  0.91080399142625756  1.00000000000000000
   7.4771784192914832E-013  -1.0000000000000000     
 F F F F F F F F F T F F F T F F F T T F F F T F F F T T T T T T T T T T F F F F F F F F F T F F F T F F F T T F F F T F F F T T T T T T T T T T
  <DiscreteSampler_grid>
  grouped_processes
  1 # 1 for a reference and 2 for a running grid.
  10 # Attribute 'min_bin_probing_points' of the grid.
  1 # Attribute 'grid_mode' of the grid. 1=='default',2=='initialization'
  0.0000000000000000 # Attribute 'small_contrib_threshold' of the grid.
  0.5000000000000000 # Attribute 'damping_power' of the grid.
 # binID   n_entries weight   weight_sqr   abs_weight
    10   10   2.102158953004906E-001   1.172159028088309E-001   2.102158953004906E-001
    11   10   2.102158953004906E-001   1.172159028088309E-001   2.102158953004906E-001
  </DiscreteSampler_grid>
