 -0.00006567650575400  0.00105304036809923  0.00201818737944401  0.00284924186233916
  0.00355297302554638  0.00425459608459171  0.00494010098981413  0.00559871188433643
  0.00624779457667631  0.00693545192704280  0.00759522721156340  0.00814093196363760
  0.00861893200033680  0.00910067324439531  0.00962147548890692  0.01015780011245635
  0.01069854673565173  0.01126868239421028  0.01189812647020931  0.01255860656306154
  0.01319415439516824  0.01378185527207685  0.01436886715327249  0.01498851033803038
  0.01564585500031595  0.01634418475975845  0.01705445755319990  0.01767940239000166
  0.01830340568242114  0.01894356175170889  0.01962901726737176  0.02047721711861716
  0.02137142629561936  0.02209535939551403  0.02269017273650007  0.02332972442478836
  0.02399377659357238  0.02465382302251957  0.02521378834654445  0.02571474531174190
  0.02621991657918303  0.02675257828589758  0.02729247667516269  0.02796085461731493
  0.02864098304987955  0.02931057425891344  0.03011846046454301  0.03100284385842038
  0.03190373227959337  0.03280980322252717  0.03376037597548331  0.03477090622798767
  0.03577276147053696  0.03674893063129939  0.03772234723948246  0.03871810013687316
  0.03961587978430611  0.04049139501395237  0.04139167576442510  0.04237693459891412
  0.04332672236615422  0.04429528125293763  0.04531467976689889  0.04644930294275804
  0.04778664985817368  0.04918232020080075  0.05062317089007203  0.05221897162666370
  0.05384820164112950  0.05510455603825098  0.05632998306304372  0.05758977280462599
  0.05894376329360310  0.06051952902247228  0.06215227392359964  0.06379293210273347
  0.06566258581702596  0.06737928005583964  0.06881759535512436  0.07028332988681633
  0.07176081100743593  0.07353985596775241  0.07600123212392156  0.07860839789734436
  0.08104428789239733  0.08418812572120357  0.08977018056401781  0.09907114537217425
  0.10345913675656060  0.10682136792755370  0.11018359909854682  0.12003976501080800
  0.13144709456214720  0.14285442411348642  0.42064236190900867  1.00000000000000000
 -0.00112481716657700  0.00789556612570226  0.01701605078264219  0.02701432624802634
  0.03690734494574759  0.04638698605324793  0.05639499412532829  0.06646388972466540
  0.07634760919496530  0.08482238302240157  0.09124019737517129  0.09830392999801489
  0.10576465853714889  0.11361520409304186  0.12194660110635143  0.12948699470319125
  0.13705940958559418  0.14617947740334275  0.15971980760028354  0.17298946624342026
  0.18494711372517950  0.19635651875418081  0.20644114815939035  0.21906468048028305
  0.23195950674923263  0.24437020624758646  0.25574713025014789  0.26694316606803237
  0.27899519212789664  0.29109590924004286  0.30342712287390933  0.31781362630221888
  0.33390447747946228  0.35090101517736549  0.36819215543298822  0.37965354702284082
  0.39016423067390449  0.39996245770319633  0.41014850116188728  0.42080602681570328
  0.43087062588548908  0.44163724766410389  0.45273149401246016  0.46308280727367424
  0.47291773295140777  0.48196396130927904  0.49106069037269617  0.50102430870299797
  0.51118217053118009  0.52078820526380887  0.52986715590332234  0.53944308278292330
  0.55065274970791367  0.56289403886393696  0.57698691947551373  0.58973061249598147
  0.60088324944813065  0.61113646787596609  0.62195105279115248  0.63311980368063669
  0.64502762088906351  0.65702360301933838  0.66819537921582128  0.67826716397248576
  0.68788153317681622  0.69752613018884246  0.70696801264863629  0.71600212559802112
  0.72555865443448220  0.73496946535317942  0.74357421497847287  0.75146753486719964
  0.75938910395888748  0.76824955192125166  0.77754683650812395  0.78676635747932477
  0.79547447492919321  0.80662055060654936  0.81802826433317999  0.83073531720813620
  0.84350452237409934  0.85649673780058588  0.86958007743230259  0.88092295004686560
  0.88944157143443059  0.89723675682308079  0.90525485328714395  0.91373059779767740
  0.92425457670637368  0.93454878589775492  0.94695476596437400  0.95930876414721988
  0.97036086895639972  0.98032687713092959  0.99040599623152359  1.00000000000000000
 -0.01297125078484981  0.14167477819749980  0.22705339490767457  0.29004744129371474
  0.33658253341920752  0.37794076826811485  0.41309455151944363  0.44251389439868694
  0.46835996264624252  0.49387463244613766  0.51933260098351886  0.53876002840328052
  0.55851995805552657  0.57651610829289923  0.59222438088318141  0.60697146142345171
  0.62118581980400556  0.63526811853558507  0.64714866039618679  0.65652694465778516
  0.66581477184660198  0.67407584160607403  0.68196095681759983  0.68967978587537748
  0.69696664994564816  0.70409319301023554  0.71189888522450795  0.72049545597253117
  0.72872244082986692  0.73601348011494483  0.74319499949588674  0.75037769329350701
  0.75800424672187761  0.76520453281329714  0.77195707235217426  0.77834703210045519
  0.78426856047405691  0.78969936652277051  0.79497379536780144  0.80028160559650163
  0.80558919784872340  0.81084013288779533  0.81622650267760155  0.82210771051824427
  0.82812529354677256  0.83350282709485890  0.83815034916860287  0.84248760616336327
  0.84672573744195512  0.85099675232134508  0.85537241266808517  0.85967278508775602
  0.86368704020207820  0.86749614845463618  0.87126404842979543  0.87467285904429626
  0.87743498668158915  0.87995848861208903  0.88266482354298581  0.88539447500579183
  0.88830183495296600  0.89140668365919895  0.89434871311858066  0.89721745584692969
  0.90015297284642615  0.90299939817574226  0.90573045601408209  0.90853243057049160
  0.91133714992811610  0.91406344423345209  0.91669402772277209  0.91923478680947202
  0.92157758693936709  0.92382177193090520  0.92609361349251451  0.92841355494422240
  0.93068231377838773  0.93289997247536927  0.93515182383018736  0.93747023321647505
  0.93979605608958472  0.94214631813380600  0.94453042994002046  0.94693235721278635
  0.94950281781847157  0.95228886085467379  0.95533535410379677  0.95868627945176188
  0.96232210574342714  0.96604914441680667  0.96974174392071133  0.97316506792051272
  0.97607156066355694  0.97987960621801917  0.98528541536076297  1.00000000000000000
 -0.01522860411710814  0.09360709728758351  0.14141611949348695  0.17235325855982209
  0.19794512710132645  0.21961856440973912  0.23763743402568879  0.25230370041645778
  0.26667087924006017  0.27860491699677714  0.28928085545767840  0.29983252480158590
  0.31006660435215222  0.31965686147192146  0.32846003589023887  0.33683387153074695
  0.34411588843683627  0.35088499595086187  0.35708298843440328  0.36305216736016743
  0.36937008483486522  0.37589782952616196  0.38235790043080087  0.38875968465556437
  0.39441781568742490  0.39947327719595405  0.40442648791879693  0.40909216615665883
  0.41364267792755488  0.41884845479006116  0.42422945844274662  0.43002932595654114
  0.43568348225380682  0.44131056110066674  0.44758612016753463  0.45418372618755110
  0.46052236315814010  0.46626558051190681  0.47171899007420459  0.47683199237220941
  0.48146828020057097  0.48591564986160063  0.49063168995770412  0.49569065135593054
  0.50063327814577951  0.50509386732667849  0.50918304235210987  0.51308822623145778
  0.51692797968764126  0.52081796863498642  0.52458099687392135  0.52857339542487969
  0.53265893120215269  0.53709008206721809  0.54153834190452266  0.54642178552161935
  0.55123733793515861  0.55602258281490213  0.56084439874828818  0.56572607315725632
  0.57091095167148909  0.57593387224103632  0.58119919971606149  0.58712027669475841
  0.59314258317912560  0.59920982389814992  0.60524636973530266  0.61190415045365121
  0.61823122705229916  0.62436169192959812  0.63026553684859776  0.63585023383599104
  0.64171774650168256  0.64762137359190408  0.65403032444881892  0.66095667857877838
  0.66790353632228494  0.67527789050705667  0.68259621449654206  0.69096183833445513
  0.70016689357251727  0.70959957792292183  0.71968701391923218  0.72894308415547548
  0.73850652927699045  0.74859437910119220  0.75944066305768998  0.77112332670452621
  0.78317446153692372  0.79564421480713354  0.80890411974020193  0.82344360252201920
  0.84060205077902661  0.86502089786532521  0.90701213034055617  1.00000000000000000
   1.2680237030728105E-043  -1.0000000000000000     
 F F F F F F F F F T T F T T T F T T F F F F F F F F F T T T T T T T T T F F F F F F F F F T T F T T T F T T F F F F F F F F F T T T T T T T T T
  <DiscreteSampler_grid>
  grouped_processes
  1 # 1 for a reference and 2 for a running grid.
  10 # Attribute 'min_bin_probing_points' of the grid.
  1 # Attribute 'grid_mode' of the grid. 1=='default',2=='initialization'
  0.0000000000000000 # Attribute 'small_contrib_threshold' of the grid.
  0.5000000000000000 # Attribute 'damping_power' of the grid.
 # binID   n_entries weight   weight_sqr   abs_weight
    10   10   5.373610347699000E-028   2.285237804238696E-054   5.373610347699000E-028
    11   10   5.373610347699000E-028   2.285237804238696E-054   5.373610347699000E-028
  </DiscreteSampler_grid>
