 -0.00003951733750761  0.00070016391107895  0.00138169026962561  0.00206344076291526
  0.00274998029690178  0.00340440386795051  0.00402249399532514  0.00460886451951322
  0.00523746260096826  0.00587257184261564  0.00652496374474283  0.00710203314984542
  0.00761791876920723  0.00814963428150738  0.00869425859263136  0.00919468019005339
  0.00966446109258628  0.01015448321396302  0.01070389875953012  0.01132427542340838
  0.01198064602941522  0.01269945938454864  0.01345837856745052  0.01415792015599417
  0.01476623322020892  0.01527280560580268  0.01574599795897663  0.01631031136082227
  0.01682112476375141  0.01732976400262401  0.01782863667208304  0.01835810000119218
  0.01891820517347835  0.01941171767613626  0.01994878158986917  0.02062008807782213
  0.02131224641386160  0.02199572277894900  0.02267778769618815  0.02333385782199750
  0.02395665430834636  0.02452407064471324  0.02512832222049734  0.02580892772323158
  0.02661597016163029  0.02746855971516948  0.02831517375728539  0.02912630718441049
  0.02989810596493496  0.03061943781461108  0.03135536246395947  0.03204979400228061
  0.03279382147960962  0.03373166711274212  0.03487172165874466  0.03602001046254884
  0.03721928193608692  0.03852189148950567  0.03956176415473678  0.04050377681473184
  0.04133139640479542  0.04217674782093031  0.04307110444876429  0.04397581196894673
  0.04480421750605151  0.04567233893205508  0.04649719249303643  0.04737225829630683
  0.04841613694467065  0.04945706565282972  0.05072498382564399  0.05175364081795847
  0.05267244852791235  0.05354363493647572  0.05440471725795712  0.05540766122654430
  0.05647566405487653  0.05761727847022140  0.05889632665577708  0.06009399522294166
  0.06125422082631155  0.06631966336264146  0.07199186102920985  0.07798053583991289
  0.08402929961063876  0.08590733538483424  0.08737703582856560  0.08937380878412148
  0.09194956141442288  0.09766668055131734  0.10519009465902036  0.13102851109515715
  0.14768038798412458  0.15903398039024125  0.17027109616357816  1.00000000000000000
 -0.00128990698005699  0.00716964464387969  0.01387931587895404  0.02002405620507765
  0.02706266061100993  0.03470674322943409  0.04179222877622852  0.04958997901122402
  0.05834181814712762  0.06936416516604935  0.08255856502349170  0.09642699454227333
  0.11112197882981011  0.12443665147627887  0.13652723751817475  0.14792873578745941
  0.15915869110389894  0.17087377454129962  0.18606034791784021  0.19977665557808638
  0.21265497636872932  0.22417658645797345  0.23510574281731542  0.24565074805519177
  0.25606368606864305  0.26743677818649980  0.28140119663699198  0.29285046330842307
  0.30209756276945626  0.30991722182496290  0.31793911863293584  0.32627782985469495
  0.33544912974066965  0.34555542704685172  0.35646313331263668  0.36604228294445518
  0.37410706534394966  0.38233502264972452  0.39076189546099593  0.39989856303445698
  0.40838437994414739  0.41760868244605320  0.42774658859958747  0.43634538455897659
  0.44353539433659311  0.45124405860379557  0.46051782847565903  0.46986344154205556
  0.47914151261701837  0.48793832581594426  0.49675039446051056  0.50662169339809404
  0.51836622171386471  0.52896686594980813  0.53906844655224317  0.54951614777525448
  0.55986136415445109  0.57057923889310425  0.58247796611049119  0.59699722411046807
  0.61279471984484957  0.62905401737508382  0.64582090063545550  0.66010869768351688
  0.67561046218479237  0.68871490718530570  0.70061899747084755  0.71153471925821565
  0.72160373417682944  0.73074081564433724  0.73884582535283949  0.74761541520299979
  0.75696310324356064  0.76706295570201344  0.77606306003562975  0.78470269797033865
  0.79271188580194385  0.80262362303291279  0.81255966907867638  0.82270450114441684
  0.83297369567565227  0.84382322335363469  0.85475874560050880  0.86538192968800398
  0.87561994726777403  0.88658763195248858  0.89918267425311649  0.91161478431973075
  0.92647853979036854  0.93950531029590079  0.95162908002134283  0.96304507750291068
  0.97274715305143600  0.98229380393085042  0.99148839077498119  1.00000000000000000
 -0.00636737666948434  0.07861615529858618  0.13880372039097816  0.19049694149229496
  0.23397231701968157  0.26866180803011841  0.30123153151358834  0.33283484212077979
  0.36133250796422589  0.38571333291644250  0.40864304391358691  0.42747713913164626
  0.44413326656922741  0.46060402977162274  0.47622878563400134  0.49106805905685141
  0.50639592760447583  0.52154221549360880  0.53614098014015166  0.55322498725732761
  0.57106037441898327  0.58754994124281001  0.60134324239991399  0.61344300248793049
  0.62383664749389223  0.63211068403290527  0.63975691365415910  0.64755346771753786
  0.65559050097994021  0.66366539775788569  0.67218046238196960  0.67995081240576027
  0.68695238576388451  0.69455315014123109  0.70253268211921027  0.70988162610352046
  0.71626780345959518  0.72213499620227706  0.72747407318277690  0.73269440042392842
  0.73805725783586473  0.74431177036830110  0.75137825595066476  0.75848467431067068
  0.76562206256550458  0.77279783887621589  0.78016360917216976  0.78745591990791886
  0.79347803492336466  0.79904990407499565  0.80484965985063206  0.81077230824530755
  0.81526478100171529  0.81988761215609562  0.82446522160553781  0.82876743536228770
  0.83286599411835394  0.83697524788098332  0.84102605108590589  0.84496641534337635
  0.84901379188728232  0.85295527673835414  0.85660806667102840  0.86026186971539254
  0.86369685487646197  0.86731356682768457  0.87104170166014072  0.87501637629012785
  0.87915191144188376  0.88318026476097389  0.88723663873704095  0.89143481262306479
  0.89510349673200573  0.89856216041673653  0.90183250501800438  0.90491067131395375
  0.90812690764282911  0.91157297953725669  0.91458275504466535  0.91738392811552971
  0.92045821885317547  0.92354360212532771  0.92652058576393548  0.92964991178535039
  0.93306447376874313  0.93657785367463919  0.94007317210898400  0.94332226299195709
  0.94684942359832858  0.95040301846037045  0.95406197502890766  0.95896023172543454
  0.96507612750778904  0.97284907495691553  0.98363535443885342  1.00000000000000000
 -0.01475899049732334  0.09236289567130430  0.12932733361723575  0.15833371347451702
  0.17696463618815386  0.19105963106270576  0.20511213865418676  0.21974781403987503
  0.23402942199531301  0.24530271946075718  0.25577937850641369  0.26463478914726052
  0.27214392971370310  0.28076429404030429  0.28833235611444097  0.29584420974388964
  0.30309780331273395  0.30962252808945528  0.31531801276472526  0.32080475711408762
  0.32714879482646886  0.33396015655786099  0.34115921157670631  0.34775667172176056
  0.35391714517650213  0.36496850687199367  0.37350847672888382  0.37987773420152332
  0.38480997660714555  0.38986882533395634  0.39563522259746986  0.40203045724974190
  0.40836580236476439  0.41464419022809779  0.42064521000259686  0.42676466156394077
  0.43247720886728214  0.43833366867036122  0.44513340093235532  0.45260705663360906
  0.45906450901378970  0.46511271461280368  0.47095585245894911  0.47645249816478591
  0.48132154310142300  0.48555882450209659  0.48968784123200815  0.49433739530140947
  0.50011287510742541  0.50498773494951021  0.50997155803664795  0.51454660911152228
  0.51902428746766649  0.52302278206776487  0.52694052263692603  0.53105758172617479
  0.53538031443785583  0.53983553427839492  0.54451842802716188  0.54926129649806177
  0.55411394971836492  0.55877038695058245  0.56341254420703757  0.56861490035566098
  0.57448573339925313  0.58064440123527206  0.58685082658165777  0.59325688510930130
  0.59945955227099512  0.60548740763207853  0.61156035934915109  0.61769338524233608
  0.62360917583200326  0.62987738373526458  0.63587131994825608  0.64237548915428677
  0.64946932026117754  0.65839605144184654  0.66701337927098847  0.67631829507812657
  0.68517023250906561  0.69404929932708881  0.70370668470040754  0.71389324644622421
  0.72502910415911026  0.73674582176148629  0.74783910026002798  0.76089940402396727
  0.77415807066335829  0.78756382062165819  0.80010515707432794  0.81306016789591196
  0.82989828816376987  0.85461280170855058  0.89571553294688311  1.00000000000000000
   1.1185681863191556E-011  -1.0000000000000000     
 F F F F F F F F F T T T T T T T T T T T T T T T T T T T T T T T T T T T F F F F F F F F F T T T T T T T T T T T T T T T T T T T T T T T T T T T
  <DiscreteSampler_grid>
  grouped_processes
  1 # 1 for a reference and 2 for a running grid.
  10 # Attribute 'min_bin_probing_points' of the grid.
  1 # Attribute 'grid_mode' of the grid. 1=='default',2=='initialization'
  0.0000000000000000 # Attribute 'small_contrib_threshold' of the grid.
  0.5000000000000000 # Attribute 'damping_power' of the grid.
 # binID   n_entries weight   weight_sqr   abs_weight
    10   10   2.344756781291264E+002   2.333677730828644E+005   2.344756781291264E+002
    11   10   2.344756781291264E+002   2.333677730828644E+005   2.344756781291264E+002
  </DiscreteSampler_grid>
