 -0.00014030303143421  0.00171597127678356  0.00319582011315005  0.00449208375336151
  0.00569262446997818  0.00682677149401690  0.00787196698798762  0.00884761932712725
  0.00977702133569719  0.01073990078437518  0.01178057751412969  0.01286969904723673
  0.01382092907782452  0.01478157016863834  0.01571477409026013  0.01656697169884335
  0.01741799957275104  0.01835847410478040  0.01933972385903715  0.02032175512500790
  0.02127414671982942  0.02220657202857705  0.02317642703429760  0.02421150564318150
  0.02528485579948717  0.02633560399041485  0.02737279975447180  0.02838067216226874
  0.02931607700716228  0.03011920771439641  0.03076313883697456  0.03154209263689180
  0.03221491918813236  0.03282210826909508  0.03340928449823558  0.03402372817610336
  0.03467440445154472  0.03532059657446922  0.03592659056051093  0.03653905605169171
  0.03724774838753128  0.03798335502836855  0.03868901272488597  0.03938995250079797
  0.04010408327896442  0.04089517032343860  0.04218488797936606  0.04349030170180826
  0.04470773884599099  0.04577899173729505  0.04665277785499633  0.04748347093790287
  0.04838601309314378  0.04940213661920997  0.05050167190343453  0.05164505300772709
  0.05286303544797287  0.05373839520402480  0.05490431747259500  0.05725875673052758
  0.05954062569921317  0.06139614342917218  0.06304312957687362  0.06411885362477361
  0.06486600901219060  0.06564572780637908  0.06654523897100009  0.06755931185297179
  0.06856790617511763  0.06946279608162260  0.07023997377166821  0.07103997850494377
  0.07195145054220350  0.07299126113603913  0.07403099070142288  0.07512170118062464
  0.07626834593690245  0.07886059769313292  0.08146810945788306  0.08370668571407307
  0.08550489432039443  0.08723694073898672  0.08948867890903889  0.09339271081121986
  0.09782433306002290  0.10193589174795656  0.10574958732784381  0.11157234497005217
  0.11704885517132009  0.12058595408715145  0.12412305300298282  0.13100572772623878
  0.14344150414407930  0.15587728056191985  0.17044029819082984  1.00000000000000000
 -0.00273602968556585  0.01023452187229093  0.02061119109834818  0.02993581614041212
  0.03975534628176651  0.04967984444629824  0.05911432374713885  0.06843186178321357
  0.07754291825818438  0.08760101064303930  0.09777979888251592  0.10811158988417646
  0.11961972532174858  0.13174125747707258  0.14334850765309864  0.15651014891941215
  0.17100643118767447  0.18440828455849806  0.19648258069492794  0.20741688849499651
  0.21689240489969949  0.22703677418025889  0.23837811594514954  0.24836342604319547
  0.25627155768697368  0.26366404935415205  0.27146095901533207  0.27923955729477778
  0.28683737476115345  0.29487397294264378  0.30319710903545050  0.31288849819447084
  0.32589601574948218  0.34072162492166252  0.35353662736098401  0.36448223866316803
  0.37511140126087561  0.38515250748263957  0.39664042331949401  0.40795255864911184
  0.41919218573674843  0.43073096182114357  0.44372627718513380  0.45617504035287310
  0.46756660209328615  0.47849203238414867  0.48862487322935444  0.49824560321055544
  0.50868118924120820  0.51931563962190574  0.53045667086976112  0.54188811195714015
  0.55373213334899074  0.56533880379932866  0.57665863107803506  0.58693066943059646
  0.59646533741350993  0.60572527651412511  0.61539492254043371  0.62524298453325600
  0.63351977890312594  0.64219993825553023  0.65081621572464632  0.65740075508064755
  0.66333608616614381  0.66929020751426216  0.67724740619624557  0.68544930638052137
  0.69475721456065331  0.70585189922445812  0.71659230757824866  0.72924147611104906
  0.74258754473482513  0.75554260605400325  0.76894134160074645  0.78208113294680692
  0.79533484426044587  0.80830278303866276  0.82060858691502470  0.83224860952087443
  0.84362982578260748  0.85510035616006586  0.86679765984531398  0.87916500669503239
  0.89148039391759448  0.90290512300550740  0.91545312611341434  0.92832782846425599
  0.94024534072464450  0.95048159614016281  0.95931209698246256  0.96741851332435569
  0.97577356681443850  0.98421881561480618  0.99234930679021316  1.00000000000000000
 -0.01807430806635402  0.14361753154090429  0.23040895384863386  0.29134919560609934
  0.34546192961481459  0.38977516176787824  0.42829464157870484  0.46030997334893592
  0.48618545256258355  0.50769129118932399  0.52985303500815073  0.55257962973706276
  0.57579607473355487  0.59761804601344715  0.61633658668438784  0.63138637610727544
  0.64374478533306179  0.65518273111125658  0.66659992211218100  0.67692380704849242
  0.68651123756545862  0.69522679606177096  0.70357590019160365  0.71225081012811908
  0.72084969200035931  0.72903925251349622  0.73669477222007540  0.74350212192326259
  0.74965462155192941  0.75605997221382182  0.76305377546053421  0.77025340747278204
  0.77696566916718968  0.78316854991190532  0.78912578011762158  0.79452011951896351
  0.79951259831258592  0.80413159982564852  0.80855113616936747  0.81286943623929508
  0.81748366032877173  0.82244877941294314  0.82723714883493737  0.83175064999308412
  0.83569288869051594  0.83923405154097230  0.84259363001131815  0.84579341549162301
  0.84899183078560847  0.85225082536961894  0.85564698703792486  0.85921001722635748
  0.86286177188643465  0.86672786966022775  0.87052509172539050  0.87389552295802631
  0.87678775835861711  0.87953108361798904  0.88221149567925494  0.88490892585374525
  0.88755313773326527  0.89028389084702508  0.89326224059811588  0.89622938387159090
  0.89901637940222490  0.90154483350620518  0.90401646785599810  0.90642111589781971
  0.90882002665302486  0.91123506251593589  0.91369665827969637  0.91614883663384961
  0.91856566993157951  0.92093092850425495  0.92315850419929602  0.92528398944068524
  0.92733522531682366  0.92938508074737980  0.93149587232969755  0.93370790595588571
  0.93595217283078980  0.93852230840391904  0.94146256996334399  0.94414295798040671
  0.94645207558400124  0.94867496724940770  0.95113972321645779  0.95406432980305023
  0.95715565074893438  0.96039094798630420  0.96351781643509593  0.96657439603902540
  0.97036320911926455  0.97511775590518734  0.98221974000529644  1.00000000000000000
 -0.03224289688733601  0.16755719790593088  0.22398261889358193  0.25879473870588920
  0.28603404705595442  0.30521042071003551  0.32298433066557974  0.33948162212929933
  0.35231795698969848  0.36282026335245005  0.37240167830268089  0.38079221500720412
  0.38891775947464197  0.39714292402313894  0.40538790113248374  0.41318761417361977
  0.42025010760517945  0.42694920596080366  0.43363721410873318  0.44011420833735021
  0.44757647074568019  0.45486438119583411  0.46092289019165344  0.46590884608990557
  0.47167613075829146  0.47673226118228018  0.48124249298838839  0.48527106518506785
  0.48889514507681264  0.49244553073237085  0.49628569175202164  0.50070879846072303
  0.50538465807693900  0.50990188977041884  0.51418509452384897  0.51826765101837080
  0.52247702162008403  0.52705054465689427  0.53162689671294816  0.53599001339308128
  0.54034779869754057  0.54503818164187645  0.54964188876705888  0.55363447465496241
  0.55767221166357683  0.56160924798831890  0.56573362522621862  0.57027684324061090
  0.57515321100655425  0.58063405166589888  0.58615034780406716  0.59085164663926959
  0.59510482340700666  0.59922485943481651  0.60315838090495644  0.60702684153362618
  0.61098653538378278  0.61521251859272774  0.61996618293318539  0.62569069689946755
  0.63181974206587488  0.63785832056220615  0.64380978287219714  0.64907601636480694
  0.65331932045157459  0.65768361063243497  0.66186845436780828  0.66590090048544592
  0.66997202649232979  0.67407914758195864  0.67898477916882027  0.68404157621538719
  0.68938253031014085  0.69382509348149402  0.69824728761868471  0.70287986838847993
  0.70793796917379903  0.71365170025417823  0.72018121319203698  0.72715362645128023
  0.73537359054985485  0.74436558659617735  0.75286276675345387  0.76035346542220483
  0.76725327561615908  0.77397848850832296  0.78097210292701935  0.78905023330410762
  0.79835177414200575  0.80897683729549552  0.82096321713866516  0.83382303929524793
  0.85050707950769022  0.87173427747500487  0.90210877028167158  1.00000000000000000
   3.6120730311875241E-013  -1.0000000000000000     
 F F F F F F F F F T F F F T F F F T T F F F T F F F T T T T T T T T T T F F F F F F F F F T F F F T F F F T T F F F T F F F T T T T T T T T T T
  <DiscreteSampler_grid>
  grouped_processes
  1 # 1 for a reference and 2 for a running grid.
  10 # Attribute 'min_bin_probing_points' of the grid.
  1 # Attribute 'grid_mode' of the grid. 1=='default',2=='initialization'
  0.0000000000000000 # Attribute 'small_contrib_threshold' of the grid.
  0.5000000000000000 # Attribute 'damping_power' of the grid.
 # binID   n_entries weight   weight_sqr   abs_weight
    10   10   2.990213492752464E-001   1.824471080245570E-001   2.990213492752464E-001
    11   10   2.990213492752464E-001   1.824471080245570E-001   2.990213492752464E-001
  </DiscreteSampler_grid>
