 -0.00008325787686312  0.00070888386202828  0.00158763714294430  0.00284183440556477
  0.00445039679112839  0.00641497508874424  0.00871972453016457  0.01133162507319551
  0.01422851479304463  0.01749595860395826  0.02113041096838161  0.02514863410752986
  0.02925888556976041  0.03345855229031416  0.03783920554593440  0.04263173053651614
  0.04773342453339564  0.05315842422680899  0.05869946318639709  0.06432171589310441
  0.07010908298525753  0.07618575035060637  0.08247048125389518  0.08892283905289106
  0.09561553246955924  0.10244947582437554  0.10948183814872495  0.11674631402426469
  0.12423357295079807  0.13185728485339290  0.13972636788381929  0.14771700997758097
  0.15565041732815446  0.16399991755193352  0.17291206166222212  0.18206728949755471
  0.19124472865200587  0.20054994265892562  0.20992267548159096  0.21931627739795448
  0.22899444447316081  0.23957704279974945  0.25008506928549401  0.26048469236160898
  0.27139876665013618  0.28299224228063274  0.29516465705945077  0.30731242416166277
  0.31917849612869043  0.33141443219444144  0.34399585263968235  0.35666678817386271
  0.36979113801436880  0.38350424887474638  0.39747808598064771  0.41136769203793694
  0.42504496897958766  0.43849977366693854  0.45199947175199912  0.46622775335168137
  0.48056829224502157  0.49519266733226924  0.51047555756329133  0.52635463347216127
  0.54265512180558639  0.55917432836037828  0.57561356617966997  0.59170999533943425
  0.60791576316440954  0.62392569378880391  0.63996144294326518  0.65610259372784840
  0.67233383026031646  0.68877661184445471  0.70476358765500502  0.72038067578478526
  0.73564013905943881  0.75064707487230908  0.76568306230754013  0.78064771128132382
  0.79528210410495903  0.80969533404261285  0.82397551837534255  0.83812701486093499
  0.85184242776055741  0.86541317700619402  0.87879994914348014  0.89197593486358284
  0.90529493204677414  0.91861037321660854  0.93196832746320235  0.94538207856042289
  0.95886667436017026  0.97250394179479893  0.98622580155113437  1.00000000000000000
 -0.00157060720208393  0.00825992552242137  0.01688714295186918  0.02603784557225330
  0.03508607645376769  0.04441643970245689  0.05391710378071544  0.06339509578835925
  0.07283346037421635  0.08234972084516261  0.09215121332219939  0.10223838598257798
  0.11216643514333560  0.12191138444430888  0.13171848814785925  0.14167867042178725
  0.15142182212916050  0.16076829681917371  0.17019847117356818  0.17963924726825309
  0.18903065565958707  0.19825497460196154  0.20761918351087466  0.21744414776562193
  0.22732875264511360  0.23753335465857900  0.24760976840495630  0.25780603288934290
  0.26829988074780342  0.27908257015439009  0.29057838770968764  0.30227681110056531
  0.31407027300566137  0.32559871785865985  0.33692864751764151  0.34868315840513758
  0.36053231050593687  0.37208137996270885  0.38401704346929744  0.39543652786671685
  0.40718696814052174  0.41790537037537306  0.42828533920569761  0.43860474091086232
  0.44920445712111123  0.45979116529295888  0.47004080797921288  0.48084531313736434
  0.49244625142372644  0.50434481677177645  0.51596374316361659  0.52690278006368518
  0.53723994517833251  0.54775148490610814  0.55900361185569614  0.57059883749638729
  0.58189116830430332  0.59258914759929049  0.60324861428620669  0.61429493687648584
  0.62623211158428393  0.63926696730016952  0.65192811990280719  0.66387149217901897
  0.67421154546594053  0.68413751696854830  0.69399686960463047  0.70377715930453544
  0.71361960652173095  0.72370673478829739  0.73436151051489329  0.74508153551415779
  0.75550824426936247  0.76577281725630475  0.77640341200983554  0.78772050861183085
  0.79947853184418471  0.81110710997759961  0.82178929671994827  0.83199384996538117
  0.84267298014059089  0.85335623184027298  0.86373046150786970  0.87378929133864736
  0.88470897328491360  0.89597010331698679  0.90719506575919451  0.91826732039322811
  0.92925909239863080  0.94027907771282293  0.95057481918582298  0.96099453781031863
  0.97054899615524659  0.98049988104282193  0.99027056072348885  1.00000000000000000
 -0.00326436995272017  0.02010675915431074  0.03782740846879666  0.05325964907075885
  0.06791808934809117  0.08223978628808609  0.09562775003929019  0.10812971607477243
  0.11995534139853585  0.13144810113989558  0.14261491784516878  0.15362055050484025
  0.16426435808584619  0.17540898381077591  0.18640529526246333  0.19719438716431964
  0.20786286220139635  0.21925627155029975  0.23090923324755919  0.24165930577625525
  0.25231576108048770  0.26215367155949970  0.27174823954977489  0.28170937243797484
  0.29171037809979472  0.30198911469989687  0.31186371393290085  0.32111761901756392
  0.33005168538736390  0.33840078237462889  0.34659774641981667  0.35505738073260729
  0.36367164874049551  0.37217146167392789  0.38036917041512641  0.38868314195140030
  0.39706612812576719  0.40573504258689697  0.41471316297507471  0.42386576595068981
  0.43307320836338953  0.44248971579858382  0.45171536490505076  0.46066960533924411
  0.46955593805939677  0.47838750732016233  0.48715433088002302  0.49587583475259911
  0.50440492048759089  0.51283919881323681  0.52138785268536036  0.53008503843912158
  0.53875986385442509  0.54746366565188986  0.55600470663347790  0.56469733944407940
  0.57398864619281609  0.58318611400448117  0.59198372986505976  0.60033376279200157
  0.60881361810238133  0.61734648514107693  0.62640003630458596  0.63476410872459710
  0.64284100822731594  0.65087060375532602  0.65925163597901171  0.66798181393409173
  0.67714904099946227  0.68672963173442547  0.69687325704404379  0.70706432341459646
  0.71747176652680189  0.72821989030949585  0.73929619723895901  0.75021859950292569
  0.76103756139599643  0.77179529254329293  0.78241953699626643  0.79293731567819792
  0.80296047208623489  0.81297630507428487  0.82338383605787480  0.83414473779953879
  0.84513152302148986  0.85614859239990737  0.86764032409854897  0.87961823036655140
  0.89213839850504073  0.90490592538674830  0.91824292204987301  0.93172678527255681
  0.94525793640652422  0.95927453950598995  0.97639711011693553  1.00000000000000000
 -0.01479647018948521  0.09355023226066846  0.13139260654181847  0.15496914427824182
  0.17227663690140355  0.18679178912268418  0.19997132452784253  0.21243426175296287
  0.22474266743182908  0.23649859751702140  0.24790412971098891  0.25729403994502537
  0.26625434013795063  0.27465685249650090  0.28316848256140770  0.29170335726991659
  0.29967899041727120  0.30734572934313287  0.31476958621920498  0.32206370038660248
  0.32915110395591018  0.33609865773775544  0.34289725639532848  0.35004495793972834
  0.35722507591310204  0.36398636444880006  0.37038490140868080  0.37666843942871497
  0.38299687851346048  0.38953218834192616  0.39611745575692453  0.40239738331877922
  0.40888539338431973  0.41544631928826603  0.42163147016290414  0.42767432094019220
  0.43358870255649551  0.43927758790065247  0.44480135827608730  0.45049175219277354
  0.45628049753061056  0.46206156619343530  0.46769011893609325  0.47313421899781438
  0.47856146291312773  0.48416109714743250  0.48993021897945743  0.49591361944468393
  0.50186527344388032  0.50751569432107702  0.51303613816769922  0.51842800788620458
  0.52370981652478121  0.52906274249684493  0.53442348075210933  0.53980137836734332
  0.54511108725544977  0.55029898767180130  0.55544105528030496  0.56056419141113434
  0.56602930709253529  0.57209854419770934  0.57827942569817548  0.58453814774225199
  0.59090960691788530  0.59711586330049093  0.60332316878483316  0.60937262640079737
  0.61570131547150531  0.62224179645880962  0.62908115625614691  0.63629119144400614
  0.64346773192222295  0.65077621551535814  0.65812292124629579  0.66554039241117746
  0.67329025076646354  0.68104774068086660  0.68870747069080496  0.69653703328374728
  0.70456181729657497  0.71295258286743413  0.72167202020975652  0.73057919880570099
  0.73955926327897081  0.74916865159678947  0.76004775962516902  0.77217717033117272
  0.78479338401773879  0.79770052220027432  0.81179382308153258  0.82844603998991717
  0.84829655884999222  0.87398662187191856  0.91273176181538984  1.00000000000000000
   1.3353570635152728E-013  -1.0000000000000000     
 F F F F F F F F F T T T T T T T T T T T T T T T T T T T T T T T T T T T F F F F F F F F F T T T T T T T T T T T T T T T T T T T T T T T T T T T
  <DiscreteSampler_grid>
  grouped_processes
  1 # 1 for a reference and 2 for a running grid.
  10 # Attribute 'min_bin_probing_points' of the grid.
  1 # Attribute 'grid_mode' of the grid. 1=='default',2=='initialization'
  0.0000000000000000 # Attribute 'small_contrib_threshold' of the grid.
  0.5000000000000000 # Attribute 'damping_power' of the grid.
 # binID   n_entries weight   weight_sqr   abs_weight
    10   10   6.734801269243447E-001   9.739682873333864E-001   6.734801269243447E-001
    11   10   6.734801269243447E-001   9.739682873333864E-001   6.734801269243447E-001
  </DiscreteSampler_grid>
