 -0.00002534673454037  0.00025437646848705  0.00045442513166284  0.00065260363263721
  0.00085380308166076  0.00105371710458165  0.00124950782217599  0.00143633534250265
  0.00163118752038526  0.00182916516185196  0.00200484869502812  0.00217095063482255
  0.00234552178315713  0.00254696053873185  0.00277297106683919  0.00298367872130199
  0.00319878774161957  0.00340234059479905  0.00360346585464644  0.00379985813778421
  0.00401365185617870  0.00422354965238169  0.00441291022506931  0.00459554802349458
  0.00478322272189285  0.00497348380525900  0.00516257282705482  0.00535985462083257
  0.00555194829618264  0.00575682130427996  0.00593205164328567  0.00611828680630964
  0.00629117052494778  0.00647103349497310  0.00665981056314658  0.00685362710086962
  0.00707181534732877  0.00731777269249757  0.00754991303013160  0.00776597182687947
  0.00804313099211901  0.00836218062551392  0.00867309574156942  0.00895807688070780
  0.00923232643892324  0.00951080671537994  0.00978761184939031  0.01004559488317497
  0.01027821099499894  0.01049122602381212  0.01069526190332665  0.01091757032747177
  0.01117326873939144  0.01146396888147458  0.01174426779277600  0.01194567653472594
  0.01212124930300521  0.01230907843268325  0.01248926420171181  0.01266653939494035
  0.01283666443327913  0.01299301099510002  0.01315355143412346  0.01336312612565056
  0.01358172862138294  0.01379703823307676  0.01400055172449859  0.01421868896829844
  0.01443278604056861  0.01465636926176151  0.01490170337730377  0.01515589251118795
  0.01542437501274310  0.01562752310797810  0.01572257010497023  0.01581437305939789
  0.01622764672870063  0.01717351236067803  0.01847786856962494  0.01980254407408733
  0.02102936276718036  0.02223072473428525  0.02342297077025028  0.02460261718743855
  0.02578760158913652  0.02927036342169676  0.03317367139247410  0.03879319694930115
  0.04893131536681434  0.05523747452896564  0.05854993434888837  0.06324167060626602
  0.06843341908502808  0.07538066252186465  0.14928572742867718  1.00000000000000000
 -0.00314869835004564  0.01407480628804214  0.02452077516697379  0.03586343809381030
  0.04568170100580920  0.05492182010572257  0.06407429582304169  0.07516899508066198
  0.08603328541937304  0.09532409325742121  0.10585648916098728  0.11641171044939924
  0.12610502032205875  0.13645850774737769  0.14767519113451685  0.16089725682818251
  0.17217905436076691  0.18193560544446838  0.19174351330308467  0.20269436949861888
  0.21447354681811340  0.22548803299796916  0.23741242437401017  0.24825303002012480
  0.25787997369206672  0.26816644696634678  0.27993082724556945  0.29266788586308234
  0.30469422351791137  0.31367733518336799  0.32220130349054732  0.33140270676632477
  0.33895142644924348  0.34393004621343531  0.35268344186546802  0.36141898751557161
  0.37081722299974879  0.37986425932862927  0.38852651327326754  0.39812955359361668
  0.40977436039668752  0.42218588372185734  0.43557643392846684  0.44844596561985617
  0.46088227601430937  0.47421264770937771  0.48717509816115007  0.50022463474689616
  0.51422792677796025  0.52867495627355521  0.54278233170792256  0.55521565881074209
  0.56655340781421859  0.57798330530033526  0.58945638315889415  0.59984199813850647
  0.61208561004126261  0.62468046105827291  0.63846778744354205  0.65394452008804593
  0.66743983830979836  0.67430645784684151  0.68009403760993559  0.68696481510309426
  0.69435108298150594  0.70196475675544523  0.70875316273829236  0.71479495036406226
  0.72167115098100376  0.72920944208623817  0.74012266627143963  0.75462586369691476
  0.76894971215504504  0.78294446192251943  0.79394869629168252  0.80177185495982295
  0.81056101024948801  0.81920037221273412  0.82830154134183243  0.83481853504350478
  0.84196622140806610  0.84879579100619351  0.85904032669408958  0.87132374732108708
  0.88302433652471313  0.89404754567502198  0.90429486864107400  0.91223298437321365
  0.92105065614415305  0.93002535472744741  0.94145489434887220  0.95380451816893719
  0.96533030819566024  0.97693134391346814  0.98857572893396239  1.00000000000000000
 -0.01094182960871386  0.11878745087148063  0.19972834308460927  0.26357879315971611
  0.31571842946218498  0.36257423879218220  0.40517200487005045  0.44793895998483574
  0.48240615493547950  0.51150847318756310  0.53990546456058852  0.56800181395243143
  0.59576207547485305  0.62139908915666886  0.64334910224138242  0.66297030205075413
  0.67953553605624628  0.69415702808656110  0.70811408728400582  0.72277893500327972
  0.73838511918074501  0.75335437482853762  0.76635814899089072  0.77680592114338065
  0.78600836416829245  0.79492477349319002  0.80429410400268975  0.81511584066939313
  0.82654464762279711  0.83607431131149945  0.84360281591286668  0.84993931913809473
  0.85601917465401145  0.86175848176960890  0.86693443370226730  0.87194201209970246
  0.87644482406735436  0.88029334563923112  0.88458685570226192  0.88897273460050652
  0.89329451015093964  0.89712448667567757  0.90081711827489874  0.90437192715913017
  0.90785513354158076  0.91124856982616187  0.91439055841493455  0.91702684698142156
  0.91951675908576447  0.92197431762656668  0.92441858869975158  0.92696009123846601
  0.92977354707713133  0.93246742621443401  0.93511514273231133  0.93750057390394337
  0.93965042071809424  0.94151086615890445  0.94326521706576583  0.94509450446555621
  0.94702393682101094  0.94896320790798405  0.95075229914200776  0.95240829299376839
  0.95392468298325528  0.95533285675828672  0.95673809114261721  0.95804502190964336
  0.95933149404681017  0.96062067107959725  0.96196077596476270  0.96327200852596495
  0.96458480777452549  0.96591199081822454  0.96736872363796111  0.96889538022329968
  0.97049731152866869  0.97220667474295008  0.97323231231220086  0.97433785985341204
  0.97532270320683978  0.97617143446524024  0.97697203476674033  0.97778205246853089
  0.97869551968000024  0.97973214177829460  0.98091338028025221  0.98193342129127670
  0.98307916479932889  0.98440089817153387  0.98596145669559010  0.98800162031917449
  0.99049790526051640  0.99298714695542001  0.99567034203210603  1.00000000000000000
 -0.01525725858020569  0.09066465918966421  0.13350160861589397  0.16229744199175528
  0.18305773728783212  0.19694160033863431  0.20805015330376869  0.21893042447137498
  0.22950434791101423  0.24071227985762947  0.25125770647916257  0.26205380950163110
  0.27155553653375775  0.28008304512545312  0.28795756002827116  0.29696632438965148
  0.30643326042449698  0.31667317527459482  0.32755068326639192  0.33831595921039470
  0.34859131074521882  0.35918958971453213  0.36983969592977012  0.37998395230676230
  0.38978797344981270  0.39895359448756307  0.40819956540262509  0.41738758121859310
  0.42472372955514104  0.43210500951687092  0.43914829817599760  0.44593752141944432
  0.45269861852545651  0.45951704389887615  0.46635867759106397  0.47314001930308408
  0.47994942540299235  0.48690822067488754  0.49444110754450676  0.50169818555773571
  0.50829360386425992  0.51442155519917854  0.52055334010251708  0.52660335873900899
  0.53317978593660542  0.53970552609925959  0.54509514213755617  0.54883289370168675
  0.55283657079156800  0.55649324725018834  0.55930571061756373  0.56199915151671065
  0.56458479178829835  0.56730094728383151  0.57118841592979208  0.57621997725351937
  0.58069012711441437  0.58497204184765594  0.58854566994143820  0.59083481997466825
  0.59312366283662366  0.59549916264379266  0.59765728853479094  0.59973279491273934
  0.60378823052321751  0.61083997349538977  0.61772754597399182  0.62459258797733397
  0.63155775185717467  0.63843060143493624  0.64479583657742146  0.65124763462146484
  0.65823682417940932  0.66489764040504462  0.67159022865252094  0.67855596635876547
  0.68510688265305875  0.69149681298181276  0.69803621449637099  0.70538932494520712
  0.71349201404438212  0.72234627011471175  0.73100912801735551  0.73968618745267845
  0.74864344017441387  0.75869172443790789  0.76823084381240225  0.77920309414619293
  0.78936106060085165  0.80206801472275391  0.81816051965299974  0.83931509394166082
  0.85829621636981424  0.88188308394063430  0.91536350548438994  1.00000000000000000
   1.5695768610871431E-014  -1.0000000000000000     
 F F F F F F F F F T T T T T T T T T T T T T T T T T T T T T T T T T T T F F F F F F F F F T T T T T T T T T T T T T T T T T T T T T T T T T T T
  <DiscreteSampler_grid>
  grouped_processes
  1 # 1 for a reference and 2 for a running grid.
  10 # Attribute 'min_bin_probing_points' of the grid.
  1 # Attribute 'grid_mode' of the grid. 1=='default',2=='initialization'
  0.0000000000000000 # Attribute 'small_contrib_threshold' of the grid.
  0.5000000000000000 # Attribute 'damping_power' of the grid.
 # binID   n_entries weight   weight_sqr   abs_weight
    10   10   1.254326191383123E-003   2.732415369422347E-006   1.254326191383123E-003
    11   10   1.254326191383123E-003   2.732415369422347E-006   1.254326191383123E-003
    16   10   1.254326191383123E-003   2.732415369422348E-006   1.254326191383123E-003
    17   10   1.254326191383123E-003   2.732415369422348E-006   1.254326191383123E-003
  </DiscreteSampler_grid>
