 -0.00037441837812793  0.00203674180138394  0.00340040314944923  0.00474246145212171
  0.00621119488415386  0.00788137425202125  0.00971599933424108  0.01179092155172826
  0.01403580345137775  0.01644354124501995  0.01908357654936834  0.02178578206445651
  0.02461187966540072  0.02760367834175973  0.03080585881237889  0.03418648290815789
  0.03769219761261725  0.04148890705537527  0.04565593332367086  0.04992043896368689
  0.05423858607539715  0.05868791644157396  0.06302950577820124  0.06745495046332203
  0.07217614863936520  0.07732177107294626  0.08247243899759216  0.08748124140007647
  0.09244612668460173  0.09756170867103549  0.10295166941598692  0.10862002174911760
  0.11458939390281800  0.12096853632046348  0.12777864345443218  0.13481758746614686
  0.14185438007954682  0.14889859468551350  0.15616728577719621  0.16374683512881136
  0.17154148146595904  0.17970004574113702  0.18847071634012505  0.19769131526737252
  0.20715963661342504  0.21685792650850985  0.22683314561860479  0.23729085992245494
  0.24860487342595450  0.26071246533137427  0.27361363285147305  0.28734592696755362
  0.30154275128261443  0.31611010398724371  0.33150711580233094  0.34843752353579482
  0.36696796812941179  0.38766859400479914  0.41056848375108618  0.43761086575355157
  0.46807527451047709  0.49929871347574428  0.52635723074495466  0.55513984429499630
  0.58208431895557122  0.60772110976659699  0.63244976380146578  0.65473864537754112
  0.67529871521809404  0.69514106246982543  0.71434580401557268  0.73208858709469338
  0.74866432574532449  0.76456397765840900  0.77995601543677739  0.79390528085683443
  0.80751038345007631  0.82094434700309327  0.83374561438001182  0.84533695302582523
  0.85705575987872662  0.86865000492408839  0.87953182063655500  0.88971797255244545
  0.89949760149643909  0.90940543735532942  0.91909580985610839  0.92862445609580369
  0.93822423069425365  0.94775638082929969  0.95705262927410151  0.96602904545704871
  0.97466100192535521  0.98315118346565478  0.99157758229885185  1.00000000000000000
 -0.00270632074953648  0.00964244400280387  0.01983925640999520  0.03042305374427561
  0.04079320542574350  0.05142607045749960  0.06240015891765069  0.07372595762758190
  0.08456228393943460  0.09491594202590158  0.10526173790002583  0.11599012215071369
  0.12709012624803759  0.13795841971889189  0.14938649929715767  0.16117217059614619
  0.17259916315827376  0.18270071719799236  0.19328060828801924  0.20363609817329337
  0.21379959102682081  0.22349769820914936  0.23367853501556196  0.24402842723759732
  0.25464458699278619  0.26511841562609439  0.27535228731603573  0.28464938229802361
  0.29406530005972770  0.30448415758090008  0.31540713887053340  0.32608411455971775
  0.33710370274015589  0.34904526193145829  0.36056046351647314  0.37181492635941638
  0.38376503161568970  0.39582876618668594  0.40526261808405267  0.41454915567137957
  0.42385721220842537  0.43314257129786005  0.44195271817944193  0.45090317541764946
  0.46055373903475572  0.47155217884732786  0.48319138142308449  0.49431362975324189
  0.50494510144851290  0.51496065049190831  0.52578207592677928  0.53643859445893005
  0.54667271196570966  0.55624641768376260  0.56620287912368850  0.57594612411098478
  0.58574710286676646  0.59592112295068678  0.60697337269214824  0.61902835242700494
  0.63127052641822978  0.64318677567291627  0.65516756608902516  0.66669449985852591
  0.67817423592305925  0.68943524898287900  0.70105457035346397  0.71186543355515464
  0.72202325471219486  0.73175178589829248  0.74112083881415114  0.75064115305279955
  0.75938353582189555  0.76851147686133703  0.77725975420997184  0.78592332177408319
  0.79474731586402825  0.80372526132248545  0.81336724351301870  0.82436105817099858
  0.83554616643049651  0.84711019661448284  0.85822333144811014  0.86918265643946124
  0.88035990676555587  0.89171909360737189  0.90334662423677492  0.91492693894715960
  0.92528337803490401  0.93578132852003892  0.94645606543535876  0.95771045709011271
  0.96811079738969941  0.97832703245155672  0.98904125626520234  1.00000000000000000
  0.00094247901175178  0.01961780768249777  0.03602733326647248  0.04968357406437960
  0.06245809509181920  0.07493335042347504  0.08828601510592470  0.10214187443439536
  0.11542807409612518  0.12858599124836745  0.14195412187483486  0.15451905418504150
  0.16719634080321832  0.18010564246104374  0.19285633005245834  0.20498541314255972
  0.21661472987867100  0.22795320741699460  0.23898936827269046  0.25004557394906601
  0.26077869093899686  0.27164430736508849  0.28303085576497000  0.29494122332555101
  0.30727735722777322  0.31970190575154173  0.33226783064066684  0.34468056217128334
  0.35679716452435134  0.36784331544987636  0.37936545441785235  0.39105010110320521
  0.40210291172348961  0.41235106643516395  0.42226842062864378  0.43199684569300684
  0.44151063682586589  0.45134138081527853  0.46168264854131286  0.47228439919878079
  0.48223576312228272  0.49151995312495983  0.50041367317043439  0.50889413725526045
  0.51701857972295207  0.52551708180491741  0.53426951789018950  0.54326652326334068
  0.55198916260629249  0.56048529337826258  0.56913070724613146  0.57823101397223431
  0.58725920209193128  0.59669754795472818  0.60599747699930784  0.61512302201262070
  0.62446280082244410  0.63340855545460162  0.64226805220562322  0.65104481255198166
  0.65972571376875755  0.66850273845519870  0.67691360431372349  0.68526903214283086
  0.69328380043853111  0.70068374602070216  0.70795633473131170  0.71518929951183674
  0.72283199218134764  0.73050989344029083  0.73781440156340639  0.74504145535427846
  0.75253723654898830  0.76050608929447683  0.76837386422905918  0.77562863524901282
  0.78251503491326280  0.78973094801100896  0.79731217819839661  0.80499174603057611
  0.81274044972513038  0.82099522233289191  0.82936765611639507  0.83752728845084579
  0.84538092152775279  0.85338360996726226  0.86198252668930286  0.87087360387122248
  0.88019673457213876  0.88992508475550214  0.90056064801523084  0.91226537810287356
  0.92489242706289232  0.93963490462480703  0.95995041325593200  1.00000000000000000
 -0.02060196017332080  0.14185998574908862  0.19697916444083777  0.23010557684455465
  0.25329886579051392  0.27183450164631373  0.28839196209503620  0.30418693659535523
  0.31853135508849734  0.33141349209612581  0.34293247622795614  0.35388371494262078
  0.36349505291401019  0.37299432227773188  0.38181606609389374  0.39041599009748318
  0.39860866312487048  0.40641838453133061  0.41394155555074347  0.42131587400644421
  0.42860655988010349  0.43573236476579480  0.44270998698541475  0.44961870996242709
  0.45631852357208386  0.46291937248027965  0.46934532227629955  0.47552966888270110
  0.48132450001298210  0.48683468108428835  0.49233238472042079  0.49786546069472082
  0.50350074974753489  0.50928949733699147  0.51516547502404797  0.52093447668345283
  0.52652184156538850  0.53195005397584572  0.53719309118167902  0.54276958541978226
  0.54891320294662294  0.55529626813501876  0.56150164625183607  0.56741598868413301
  0.57309484410695544  0.57858614208585391  0.58390836376260846  0.58908263625558444
  0.59412665491734518  0.59927113880712235  0.60424194674295406  0.60906125783249465
  0.61381310033846792  0.61851435327403137  0.62311774420645982  0.62767626664267984
  0.63227081987069078  0.63689593888621299  0.64162185000158412  0.64645888723148326
  0.65131849955180865  0.65612660458597094  0.66085113266515116  0.66564286581485221
  0.67073950566998675  0.67617184281210629  0.68165556725394971  0.68730509933576667
  0.69318921559961566  0.69915553774923800  0.70515038872991687  0.71088423000216627
  0.71644805288482050  0.72227906969175415  0.72827557138266352  0.73400402304424328
  0.73963324870997182  0.74519435665659928  0.75061570410771450  0.75594969081073859
  0.76149227991157209  0.76717220597761093  0.77310966076797194  0.77963474845330605
  0.78619983262041304  0.79327781442397993  0.80096532876683701  0.80887269952474150
  0.81764797536486755  0.82803080641474724  0.83964545427109238  0.85307223064130899
  0.86892988569338192  0.88906170898551828  0.92195661245684379  1.00000000000000000
   1.4295854862613430E-017  -1.0000000000000000     
 F F F F F F F F F T F F F T F F F T T F F F T F F F T T T T T T T T T T F F F F F F F F F T F F F T F F F T T F F F T F F F T T T T T T T T T T
  <DiscreteSampler_grid>
  grouped_processes
  1 # 1 for a reference and 2 for a running grid.
  10 # Attribute 'min_bin_probing_points' of the grid.
  1 # Attribute 'grid_mode' of the grid. 1=='default',2=='initialization'
  0.0000000000000000 # Attribute 'small_contrib_threshold' of the grid.
  0.5000000000000000 # Attribute 'damping_power' of the grid.
 # binID   n_entries weight   weight_sqr   abs_weight
    10   10   2.998550758151596E-004   1.746366138028256E-007   2.998550758151596E-004
    11   10   2.998550758151596E-004   1.746366138028256E-007   2.998550758151596E-004
  </DiscreteSampler_grid>
