 -0.00003559239921901  0.00066758742998778  0.00131005885416772  0.00196170026257438
  0.00259415759868953  0.00323754770540780  0.00385127383461152  0.00442528416159955
  0.00501316996775545  0.00556360558091561  0.00607785139604477  0.00660496219421922
  0.00716019415374544  0.00770413681917549  0.00825645120543149  0.00886630453145365
  0.00948347715100734  0.01020865988600543  0.01081919431419286  0.01134901314396150
  0.01183908258369185  0.01229914348509853  0.01278320577012677  0.01330307060093253
  0.01379283029174016  0.01422738598232630  0.01465192499794912  0.01508353441480080
  0.01554294579145280  0.01604332502249532  0.01659326059944808  0.01718541596966828
  0.01781237994548239  0.01848387861938674  0.01917913615306435  0.01977958572201732
  0.02028536204816266  0.02078985188493477  0.02126920978709251  0.02173275951333277
  0.02224139372081387  0.02278311473470254  0.02338634449892583  0.02407315349783386
  0.02474776622277696  0.02537780249241079  0.02596329500874955  0.02652183057486195
  0.02725658291940662  0.02824105043567419  0.02953015221120718  0.03110532536566152
  0.03257401203558124  0.03341261621522372  0.03396262084001331  0.03447135919606776
  0.03503088310957127  0.03555849802266709  0.03607273754329936  0.03659443227565724
  0.03713686486788324  0.03773150204616249  0.03834667071600841  0.03895438382914108
  0.03953702498914306  0.04016718304543201  0.04077660164530614  0.04141772213986133
  0.04197481343731303  0.04254855408757155  0.04310745457488872  0.04361079657543862
  0.04423464295538281  0.04541607373596106  0.04658946307634178  0.04771900147231536
  0.04872587412243412  0.05018863137394949  0.05184128166477567  0.05416454394929569
  0.05648780623381570  0.05868675829504189  0.06087004989462341  0.06268165837593780
  0.06421366162076217  0.06562511820127284  0.06682165433102562  0.06861363100406839
  0.07037451933626533  0.07157089054259051  0.07267119520514642  0.07392615454101686
  0.07546748726993437  0.07805097502156647  0.11711979185589658  1.00000000000000000
 -0.00113439874763981  0.00660956660691369  0.01325728636151713  0.01927601034250436
  0.02628204368842933  0.03320439696023096  0.04059409120864743  0.04842500402489007
  0.05574257414135148  0.06300455931719756  0.07434150682622324  0.08734243999850475
  0.09902978352795605  0.11043197926876458  0.12232969455223837  0.13486325640833022
  0.14834811020101485  0.16159890445973019  0.17341442493913850  0.18440302072947912
  0.19481884807770003  0.20477275233730802  0.21629098169053004  0.22870489086668275
  0.24022254314508903  0.24961628383208484  0.25682446063451037  0.26381628632696225
  0.27091401356715417  0.27826936611704467  0.28645353663878020  0.29570241897299132
  0.30586161915311277  0.31891714632061152  0.33207687703554184  0.34316922451576121
  0.35271662445548690  0.36366326177125879  0.37486020461041208  0.38523385501938440
  0.39579929823733134  0.40800662146270728  0.42147868319880361  0.43440031504417259
  0.44710424277853761  0.45878582986751920  0.47091203252914310  0.48131071377716533
  0.49085461845324940  0.50035953826500301  0.51080544490294855  0.52255827058420012
  0.53484999190123561  0.54785758466521950  0.56084104679361202  0.57250515289788806
  0.58358137376713815  0.59366763709590176  0.60350409549218875  0.61453581768138754
  0.62761709538700761  0.64173419342591054  0.65542403624446566  0.66875008143088699
  0.68140913017559657  0.69259193241759964  0.70274205842405602  0.71300811543289266
  0.72359736373697192  0.73442158496527732  0.74554959802323906  0.75518306824050752
  0.76438962376242170  0.77391577194597638  0.78455201327147905  0.79545721774341371
  0.80607607209110133  0.81643434486727695  0.82710684019669878  0.83819079365778848
  0.84961167130089643  0.85966604438068062  0.86787964565421605  0.87537574536970775
  0.88176306365704271  0.88892062705891206  0.89810046459387438  0.90652850021099807
  0.91389316830950018  0.92123593242478896  0.92970709555876518  0.93939695133715040
  0.95580901399521745  0.97147221590531085  0.98675851150685157  1.00000000000000000
 -0.00615946254437415  0.07760758380750077  0.13609305636293370  0.18657192567406827
  0.22738488147674832  0.26504790262290123  0.29718609025693649  0.32557296598810120
  0.35333268457310751  0.37992346882317979  0.40327608753931826  0.42427384032165738
  0.44339297501227048  0.46082167086003778  0.47513092092431564  0.49049707634376699
  0.50478359625521418  0.51849953123295034  0.53323718225981098  0.54802695000919277
  0.56178019851204952  0.57550564570769536  0.58925142431031452  0.60215178863779995
  0.61496827469921078  0.62699311228987353  0.63854684156508434  0.64887004061419784
  0.65809979354929193  0.66613362006914689  0.67361277503120365  0.68156160392170151
  0.69032722788119871  0.69980905934279569  0.70862124219229039  0.71636259850865247
  0.72379638317174166  0.73052225430206563  0.73623953678365228  0.74143139365610888
  0.74651173867379694  0.75178669717247470  0.75707939351480558  0.76215529659174119
  0.76706227225666634  0.77227499489815010  0.77767083190823638  0.78310937044976558
  0.78841218731864016  0.79352380747218920  0.79852855281616286  0.80380289320649856
  0.80940943364212281  0.81431273957202244  0.81889118495396196  0.82352976836932013
  0.82834350390513045  0.83305650648539276  0.83724092619223700  0.84100924483881523
  0.84462860557268737  0.84824048183410417  0.85198945982514696  0.85607734947827074
  0.86047049710831713  0.86468271291837395  0.86854007171917513  0.87221201410058380
  0.87580952569193304  0.87911248930828911  0.88276775089323789  0.88682654575828879
  0.89119189129323773  0.89579328296742389  0.89951628249923909  0.90324453406759042
  0.90687152335722709  0.91007433075685873  0.91301386232468029  0.91589021396046211
  0.91876293547985266  0.92174172259945364  0.92473018453495825  0.92767084681574830
  0.93052195780315916  0.93369735070963378  0.93718634583104243  0.94077307117979003
  0.94414791982455326  0.94696451948455207  0.94991346391172682  0.95263907589097385
  0.95593454657432120  0.96251035865307999  0.97697601800742506  1.00000000000000000
 -0.01451275649820409  0.10112726248349432  0.13869474044197774  0.16755999021052434
  0.19389625429923801  0.21275774758646387  0.22586142783440460  0.23652417668362910
  0.24662152801907852  0.25598315824327939  0.26626005355087640  0.27548470635083411
  0.28309136691704856  0.29098865571949806  0.29812322980057826  0.30485288964009727
  0.31114299158290087  0.31725807127374772  0.32331737908188629  0.32982867266662380
  0.33586357733567884  0.34121265076440355  0.34603519467158872  0.35185236244209822
  0.35796424315321890  0.36522432837394814  0.37145434235327290  0.37768517742235208
  0.38364367543090439  0.39013241705197677  0.39593845075206680  0.40207284154161060
  0.40789114802936310  0.41327974825047697  0.41846787427037629  0.42349130288063297
  0.42852143996331837  0.43414191670389285  0.44168217505610369  0.44958376452209120
  0.45622134626311078  0.46302957475656448  0.46986179644317461  0.47661007924095916
  0.48345568434830583  0.49030001841878951  0.49712511966665712  0.50383592978162395
  0.51015334479740349  0.51685385229558767  0.52365837992214193  0.53061286151359810
  0.53793990295384708  0.54445711848915634  0.54989439585949185  0.55581857787734890
  0.56081823657623275  0.56529905989747797  0.56957845027137588  0.57417743533354071
  0.57909430787412863  0.58419102665800549  0.58937734765508198  0.59433054605796998
  0.59895478729138407  0.60367368975177982  0.60861669326034595  0.61380326489379278
  0.61928406732679009  0.62484805576192382  0.63023064071714763  0.63533585236127976
  0.64050709822947471  0.64547940978139917  0.65012854352955041  0.65464487349982670
  0.65993487724222399  0.66691930849710646  0.67495059867727680  0.68225854123204155
  0.68931432820583738  0.69821765955899562  0.70747212802256998  0.71682455723884086
  0.72664906539678897  0.73711320346600229  0.74789103483222508  0.75861391659788513
  0.76986121907466898  0.78134502252865290  0.79466723869244626  0.81147654699172245
  0.83283401842176374  0.85927317961640692  0.89880968654953419  1.00000000000000000
   1.1099259709366171E-011  -1.0000000000000000     
 F F F F F F F F F T T T T T T T T T T T T T T T T T T T T T T T T T T T F F F F F F F F F T T T T T T T T T T T T T T T T T T T T T T T T T T T
  <DiscreteSampler_grid>
  grouped_processes
  1 # 1 for a reference and 2 for a running grid.
  10 # Attribute 'min_bin_probing_points' of the grid.
  1 # Attribute 'grid_mode' of the grid. 1=='default',2=='initialization'
  0.0000000000000000 # Attribute 'small_contrib_threshold' of the grid.
  0.5000000000000000 # Attribute 'damping_power' of the grid.
 # binID   n_entries weight   weight_sqr   abs_weight
    10   10   3.446162969277782E+002   4.090724985129542E+005   3.446162969277782E+002
    11   10   3.446162969277782E+002   4.090724985129542E+005   3.446162969277782E+002
  </DiscreteSampler_grid>
