 -0.00004899405012535  0.00085139428003876  0.00158380378078989  0.00221807779039203
  0.00279046098301550  0.00332738229760370  0.00383293809594613  0.00433571895229384
  0.00482071771698678  0.00529511588616813  0.00579045260475300  0.00627335764016884
  0.00670491114863697  0.00711251448544603  0.00750539813179580  0.00788801407886020
  0.00828420989475114  0.00871536074724066  0.00920603604302274  0.00971821153819683
  0.01023007206397152  0.01070102780406830  0.01120056099095523  0.01165444733152103
  0.01219210842409455  0.01271348355736100  0.01324550221266109  0.01397296717063547
  0.01472427834548541  0.01551673767009351  0.01624328158439197  0.01681012464946931
  0.01731828829253659  0.01785688165192711  0.01842077400223200  0.01898387957407306
  0.01951153083802793  0.02002655867732951  0.02059600568940823  0.02122716522103856
  0.02187310630557327  0.02258107961879629  0.02329547033371760  0.02404517872150029
  0.02480121059705008  0.02552344464339313  0.02621480382375955  0.02685633926827625
  0.02750063095520892  0.02813053392909851  0.02872863499821468  0.02937540099384932
  0.03003954232940668  0.03071254946745513  0.03136489192802405  0.03202261318603651
  0.03271031896777439  0.03343666334443877  0.03420362785726942  0.03497543493757316
  0.03572110570077314  0.03641782033134183  0.03711415897612842  0.03789757216275894
  0.03880206730353758  0.03977781898212809  0.04057483050003392  0.04160548890453900
  0.04287415999851808  0.04418751504944771  0.04547937257110590  0.04678667262786128
  0.04813941358181894  0.04959403533625160  0.05144717217435514  0.05360777058148603
  0.05583207562259018  0.05778812139944905  0.05949050444560904  0.06114847628681907
  0.06298239957355967  0.06492779201737174  0.06683293425537312  0.06822304987201325
  0.06939993701068546  0.07100429830814392  0.07651133757494072  0.08201837684173750
  0.08742354410524596  0.09274295147421033  0.09842177517994004  0.10559583693713420
  0.11062748914904845  0.11462346446905761  0.11997215817726936  1.00000000000000000
 -0.00190555802104062  0.00793316590480844  0.01741049647537610  0.02746049349649914
  0.03732462583133768  0.04657236379369609  0.05453433564358702  0.06274689189191582
  0.07036760559408319  0.07839490976294405  0.08647757536178248  0.09434699312672951
  0.10191263723521103  0.11075521038426255  0.11784118637507486  0.12467825917799250
  0.13177957704047727  0.13983460868386133  0.15039771264976146  0.16121848807953479
  0.17104363842045633  0.18028981564884614  0.19071030505123268  0.20240613914413297
  0.21318576278378440  0.22162805226749446  0.23057386806838498  0.23970838821818286
  0.24859983681369074  0.25726755034358545  0.26574140086667419  0.27489515771044987
  0.28521399754097915  0.29606892159783366  0.30767434204073457  0.31950933924952751
  0.33073897393188961  0.34130147026539265  0.35194798766793922  0.36448886630936600
  0.37796146434241146  0.38987634592170661  0.40168702543320167  0.41342668184620618
  0.42364373355722651  0.43267706610935402  0.44196456674071360  0.45222732031381219
  0.46282043167462056  0.47364365281004794  0.48672265813826970  0.50040009335173541
  0.51378459461520842  0.52583576444471569  0.53635523254092676  0.54711921623737658
  0.55880519432937503  0.57080596214219015  0.58298016760343196  0.59284199200205656
  0.60250242649362706  0.61253609052847080  0.62308915641558793  0.63329112711958269
  0.64532073637047549  0.65974291383703032  0.67372833825233902  0.68648167301658636
  0.69852557824689254  0.71006832309429369  0.72055502096257151  0.73002540856154330
  0.73996026953516181  0.74993656269218623  0.76104465305582214  0.77349687509506204
  0.78663861150541914  0.79882242480209054  0.81075791814806208  0.82264769472085975
  0.83499206221256406  0.84897527504935710  0.86322142476464259  0.87689549917663889
  0.88740530377654636  0.89906829245944042  0.91130612170883674  0.92190149308052882
  0.93117167303755488  0.94036456422257653  0.94915333713456118  0.95823516901743988
  0.96748775826922517  0.97808816068791660  0.98957738813578655  1.00000000000000000
 -0.01269532004607398  0.13762087830261585  0.21370375538162434  0.27051350542191616
  0.31091925982373697  0.34345257514492566  0.37542706748572963  0.40496978761905422
  0.42918300944817744  0.44960670224259514  0.46865687282397417  0.48734277629877831
  0.50512397453565816  0.52162748530905811  0.53724472566790327  0.55409794650709210
  0.56883349344836331  0.58044248907657070  0.59031473318570071  0.60031800097021970
  0.61043486152781923  0.62053506032177286  0.63131010269830246  0.64205284497299231
  0.65242406918627638  0.66272515432482693  0.67332722363095410  0.68346919588143451
  0.69310554615296127  0.70171457253683645  0.70972598254912922  0.71741601616006345
  0.72518576349355135  0.73302610468098317  0.73980321579569230  0.74650117247909953
  0.75280554187505289  0.75902513357230483  0.76483058028998430  0.77084307514926331
  0.77666977669599446  0.78245407459430771  0.78857822288283252  0.79479932488613447
  0.80119106527888162  0.80746296252518190  0.81305638067334041  0.81820300985242767
  0.82325645284974269  0.82814740035713208  0.83295957764016226  0.83766936698284133
  0.84224591016203076  0.84697316057978500  0.85159980624865095  0.85620815248077986
  0.86061543566158971  0.86476350824425818  0.86871814836169525  0.87249640940954298
  0.87600980346215018  0.87923160943653689  0.88245018348587456  0.88584388486902943
  0.88937028752130798  0.89305554110083540  0.89663195067199830  0.89974916605738098
  0.90267270680187850  0.90543933902232365  0.90809045735576355  0.91068161473702380
  0.91326561920719540  0.91592194100541724  0.91866615301561338  0.92147311356236361
  0.92437980153147647  0.92684119539420085  0.92935439591795110  0.93187305900803719
  0.93424124163806055  0.93647275935939456  0.93892015324098688  0.94167655746142187
  0.94452574726350313  0.94764314419145224  0.95126623088729578  0.95474016500935299
  0.95800888776998550  0.96147022106594371  0.96505843624077026  0.96848800698283100
  0.97296895031566788  0.97838082651412217  0.98606024683912818  1.00000000000000000
 -0.02001342608278163  0.12767701263942943  0.17392284492854612  0.20391229288937490
  0.22950576367824796  0.24934745542351203  0.26610598024686988  0.27990926113358439
  0.29329733888278675  0.30761823066351635  0.31987741826926841  0.33087872659412282
  0.34140602841184392  0.35194950033315364  0.36192525974360290  0.37068656263331590
  0.37889170979632542  0.38670376496651426  0.39415097679979483  0.40203202591369336
  0.41065965655168757  0.41944051529473664  0.42749194841177013  0.43465836538744224
  0.44133279139004367  0.44762146442535172  0.45386302153863090  0.46002367724331145
  0.46600759787372392  0.47154931809612299  0.47663725785478772  0.48163722331672226
  0.48683962391512370  0.49209574447716553  0.49747727630457034  0.50322401832659280
  0.50913803717959694  0.51475325706849773  0.51992529896375705  0.52523551320270723
  0.53060065604187312  0.53573449503263781  0.54044123643075792  0.54615987129574373
  0.55218048092806260  0.55810388140375700  0.56406641153210269  0.56968641035085388
  0.57470935773050902  0.58001366013783195  0.58522327709767963  0.59027760154879139
  0.59521904945121817  0.59986219600976443  0.60385096707197694  0.60795650197949525
  0.61226928339736642  0.61652734935266673  0.62138509543991749  0.62613404543829010
  0.63075485298789824  0.63565339340026039  0.64027962491276602  0.64485777502419006
  0.64962313067127575  0.65454843231679549  0.65978843803722764  0.66511180097690947
  0.67020081520626829  0.67518312982997197  0.68010036058890588  0.68522405498382966
  0.69078499245121849  0.69667358360151910  0.70310302265663749  0.70882440144514791
  0.71471136360625709  0.72094621166026029  0.72746191383891157  0.73420962694655068
  0.74166530347475557  0.74930964978284020  0.75744326105541360  0.76608511045762440
  0.77475325533076711  0.78370556720611817  0.79342685717491446  0.80449827270512775
  0.81617952922197679  0.82771217317908097  0.83990573607493391  0.85325058166615786
  0.86938646253798646  0.88828595405574107  0.91839370979728896  1.00000000000000000
   4.6463767672235721E-042  -1.0000000000000000     
 F F F F F F F F F F F F F F F F F F T T F T T T F T T T T T T T T T T T F F F F F F F F F F F F F F F F F F T T F T T T T T T T T T T T T T T T
  <DiscreteSampler_grid>
  grouped_processes
  1 # 1 for a reference and 2 for a running grid.
  10 # Attribute 'min_bin_probing_points' of the grid.
  1 # Attribute 'grid_mode' of the grid. 1=='default',2=='initialization'
  0.0000000000000000 # Attribute 'small_contrib_threshold' of the grid.
  0.5000000000000000 # Attribute 'damping_power' of the grid.
 # binID   n_entries weight   weight_sqr   abs_weight
    10   10   9.654936227246215E-029   7.200340342707285E-056   9.654936227246215E-029
    11   10   9.654936227246215E-029   7.200340342707285E-056   9.654936227246215E-029
  </DiscreteSampler_grid>
