 -0.00003392755433191  0.00039993700198517  0.00073466078585830  0.00105862824236908
  0.00136799965222908  0.00165970393207703  0.00198438049685044  0.00229925996887914
  0.00255493874226964  0.00279361298298056  0.00301535472786421  0.00323201846539698
  0.00346324257610302  0.00367973721428510  0.00388634954721390  0.00411145300266743
  0.00435043816454063  0.00460166180809833  0.00487970046765398  0.00517867070075377
  0.00548080050625789  0.00578931478830681  0.00610615875166157  0.00652908696463959
  0.00690995341488530  0.00722970177364393  0.00751021667833330  0.00777770755740299
  0.00800107236194313  0.00823652073374275  0.00847268131914915  0.00872745013608170
  0.00899612263660969  0.00928433783473549  0.00958341372541236  0.00991977299744442
  0.01027678558432917  0.01053910766128221  0.01080963261234696  0.01110064382125463
  0.01139177553545502  0.01170629495587212  0.01204441981865453  0.01238766335618213
  0.01272382566693445  0.01305996375551825  0.01342706449731634  0.01380066091745460
  0.01418609880090576  0.01462010646884217  0.01503815703223442  0.01529693262918682
  0.01588010715994849  0.01727063231206276  0.01871508943748827  0.02031160465868988
  0.02203845840925129  0.02506236339860683  0.02811012837270840  0.03176875282435537
  0.03513819417446537  0.03643209994511421  0.03732017279414315  0.03778844939658948
  0.03841693029003042  0.03903630313045552  0.03968595550148168  0.04032503237564824
  0.04096975869730463  0.04165249861260720  0.04241340616718316  0.04314310207519238
  0.04377156301783960  0.04438398573582088  0.04511849579789916  0.04616908467866038
  0.04702894169652391  0.04785365703809435  0.04894397143171236  0.04932278363510295
  0.05105032360824921  0.05438379125583157  0.05937752768306390  0.06414338970795903
  0.06921596577504184  0.07491182197757289  0.08133153165403592  0.09127822489155873
  0.10301596360916740  0.11585417207282982  0.12584469078665964  0.13218134538506196
  0.13887430894565306  0.14675024642142018  0.15543553077616878  1.00000000000000000
 -0.00294824339423905  0.01205922512640218  0.02511110659326728  0.03720201630229623
  0.05049196321082607  0.06445788783129899  0.08029726879954976  0.09996507472646142
  0.11751430907537835  0.13290844819423644  0.14443542353961297  0.15530866691444556
  0.16593525230819353  0.17702767093198085  0.18872191976613995  0.20123110451079565
  0.21518904054003801  0.23011519632418551  0.24424747564545918  0.25371431246895493
  0.26111752614893274  0.26858128369062134  0.27648731557502243  0.28517549760834510
  0.29561828701723991  0.30640905041782895  0.31672908961125529  0.32656854963318438
  0.33402098020848048  0.33869109148517679  0.34352079756730752  0.34825424319623954
  0.35278534534077272  0.35937705290190108  0.36836775805510374  0.37717466958778234
  0.38538470275256254  0.39375177373876047  0.40121359983736038  0.40781574184912367
  0.41307815995421898  0.41830587481165471  0.42396915159388809  0.43036095212914921
  0.43825101634350166  0.44818028349317474  0.46007272264330301  0.47406840847685738
  0.49035453157687781  0.50627687427295143  0.52097444611637789  0.53365207841233964
  0.54499319654558576  0.55624319395043464  0.56875629502663028  0.58316923693312628
  0.59947439291130888  0.61436655731537504  0.62833154077870290  0.64277416518931607
  0.65514967659668621  0.66894595279446556  0.68229056586331038  0.69534324923142488
  0.70864887662789267  0.72267310203007051  0.73541131620704159  0.74765569612333627
  0.75823475887546954  0.76678174720007797  0.77514669083413146  0.78396075946065424
  0.79569355235217676  0.80848443769316714  0.81923577096941946  0.82883365169231804
  0.83822307666217244  0.84789275862462465  0.85525671791513580  0.86131619663922576
  0.86775405608572909  0.87409333232538300  0.87937693090197555  0.88452104986947244
  0.88960174994924524  0.89542879549103382  0.90153449222358539  0.90778831031485174
  0.91391674118562705  0.92286551684112783  0.93359801055906966  0.94326804136725417
  0.95411900943011774  0.96686279934793895  0.98188277801738255  1.00000000000000000
 -0.01781062184157050  0.18449455573896834  0.30555492105014120  0.39127336830781673
  0.45881670296845811  0.51626503356712106  0.56460597227731202  0.60024025282593807
  0.63344723931898128  0.66501870952764319  0.69329278053839805  0.71520242167843717
  0.73297901555531753  0.75061062665197797  0.76866635765797919  0.78538310332478323
  0.80069629910036455  0.81442463081268424  0.82641515901323348  0.83689396859106990
  0.84594112451879466  0.85427253992235408  0.86173491135845737  0.86892066684059555
  0.87549931799659342  0.88131457837760419  0.88657428152445350  0.89145707147280573
  0.89600793134283185  0.89986943146756448  0.90365196055618091  0.90733670487558671
  0.91097280411082471  0.91431786637263168  0.91760201509026118  0.92087133529631926
  0.92457664867498546  0.92830730757720548  0.93173647208061650  0.93481945701633884
  0.93751432835959014  0.93996505588023327  0.94219698026104848  0.94424105884421949
  0.94618706412140396  0.94815035493328270  0.95006440456786367  0.95197485892415534
  0.95382853302126669  0.95574490632719522  0.95761516837066696  0.95912997488019069
  0.96038613297849496  0.96167344170969848  0.96288006843872798  0.96402378040795866
  0.96513584877153025  0.96616899138329715  0.96710630388472829  0.96805273206027320
  0.96904595226332879  0.97009173609046040  0.97116934131131283  0.97220245445533182
  0.97315645582710997  0.97404582755940283  0.97494361240104632  0.97593932999762367
  0.97698209507518652  0.97799513836945817  0.97915343155610624  0.98010632608746218
  0.98079447550737564  0.98163088241055096  0.98240941560801942  0.98314032510770744
  0.98382569707485346  0.98460762929435985  0.98546972701014945  0.98642221837671751
  0.98742454511945998  0.98817038633088172  0.98893200825467920  0.98968445660623428
  0.99031138452677714  0.99086286535582857  0.99141256394310817  0.99199235335926073
  0.99268896145259178  0.99379605236492563  0.99438892418648828  0.99504595162893017
  0.99576101181579291  0.99657674921481043  0.99758799746813887  1.00000000000000000
 -0.01768862942281886  0.11645499942003726  0.16912556906120160  0.18855647458471581
  0.20414189185031861  0.21992367273859509  0.23517457544462980  0.24945132491041669
  0.25978263250748673  0.26706948134079450  0.27337783213966466  0.27954836032371277
  0.28777396176808473  0.29648640594232928  0.30461856891438271  0.31274674819488812
  0.32155137747603801  0.32987391096240487  0.33692980535379902  0.34448625151495865
  0.35279732341599651  0.36196446107500463  0.37314370700319421  0.38412634315838279
  0.39386235817457599  0.40328267471186729  0.41253697744453677  0.42083660527166578
  0.42796788193670743  0.43544605997150898  0.44254653361917207  0.44986292917154469
  0.45722741174658910  0.46417518683624254  0.47071570852778105  0.47695889721441387
  0.48308692693881278  0.48925960069190783  0.49597932843271469  0.50186126312328661
  0.50766646978315233  0.51349207394730179  0.51880686300307610  0.52327954792597275
  0.52672744353303691  0.53024501356912523  0.53425044770396413  0.53883250023219342
  0.54298243475946728  0.54634636696180394  0.54966455875376130  0.55315868330250695
  0.55698270006264394  0.56105095053132326  0.56512939316185828  0.56887830498799286
  0.57289497457632477  0.57700425794805088  0.58081370257267839  0.58465880818779981
  0.58919670241062982  0.59425940050516401  0.59965267582600978  0.60453550077778662
  0.60900241852004400  0.61348039094839879  0.61765589482042871  0.62144182226010725
  0.62493038260004041  0.62816827777714623  0.63236648808812168  0.63665608761322989
  0.64112135195688957  0.64595251106138918  0.65067963028646369  0.65607093421249152
  0.66231764823547423  0.66917092943678613  0.67718111958303517  0.68553434949739112
  0.69377791823312085  0.70112394053209537  0.70679025476583224  0.71248668688058803
  0.71811800872769627  0.72392941757257490  0.73130122516804896  0.74040815023685447
  0.74975931433874221  0.76571167774780502  0.78633512459143839  0.81043652559347257
  0.84222970053855151  0.87116470285061487  0.90835636127248387  1.00000000000000000
   3.3287757590333001E-044  -1.0000000000000000     
 F F F F F F F F F T T T T T T T T T F F F F F F F F F T T T T T T T T T F F F F F F F F F T T T T T T T T T F F F F F F F F F T T T T T T T T T
  <DiscreteSampler_grid>
  grouped_processes
  1 # 1 for a reference and 2 for a running grid.
  10 # Attribute 'min_bin_probing_points' of the grid.
  1 # Attribute 'grid_mode' of the grid. 1=='default',2=='initialization'
  0.0000000000000000 # Attribute 'small_contrib_threshold' of the grid.
  0.5000000000000000 # Attribute 'damping_power' of the grid.
 # binID   n_entries weight   weight_sqr   abs_weight
    10   10   9.360601726036804E-034   5.624664792303499E-066   9.360601726036804E-034
    11   10   9.360601726036804E-034   5.624664792303499E-066   9.360601726036804E-034
    16   10   8.000210646100444E-034   3.869927497471144E-066   8.000210646100444E-034
    17   10   8.000210646093829E-034   3.869927497471125E-066   8.000210646093829E-034
  </DiscreteSampler_grid>
