 -0.00005084219735222  0.00110126642009710  0.00212996901290967  0.00302446003170143
  0.00388837499807968  0.00475616790103857  0.00560338951172346  0.00634809082665975
  0.00703919635099256  0.00765852166218202  0.00826669473413878  0.00886266944789276
  0.00943112115784990  0.01003210158646284  0.01064916418376686  0.01129811566952047
  0.01195118933883394  0.01261207414157928  0.01330592815454174  0.01405653401995315
  0.01482276103819767  0.01553055486958497  0.01626841755496940  0.01706673074949617
  0.01783083114521345  0.01852889914756639  0.01922848275850700  0.01993859113071296
  0.02070567400849118  0.02146499542850796  0.02221562342178023  0.02295806006543296
  0.02364348564555322  0.02441077918399999  0.02527953334187102  0.02619482485146036
  0.02712821735751574  0.02868690799513337  0.03008995937341537  0.03131790425299409
  0.03226356945166329  0.03331525677273752  0.03443225720287853  0.03548729495611536
  0.03650577189045883  0.03750338228051212  0.03847875716277126  0.03948768545167678
  0.04049994964786501  0.04149421699964860  0.04260148667460992  0.04377100329682510
  0.04479868895258515  0.04560231647815952  0.04634031439491759  0.04703252233058389
  0.04774956362583063  0.04848790554325361  0.04936107194630358  0.05034271499648916
  0.05116845320791785  0.05190463468271071  0.05266378748306117  0.05347339467709207
  0.05432166650322242  0.05510455376595284  0.05584331738832694  0.05653010559500687
  0.05724425897462151  0.05800678135088579  0.05889804602137736  0.05979617950770359
  0.06081559004124464  0.06347535310862375  0.06731538954415262  0.06986298122511507
  0.07257681749624428  0.07442459845394130  0.07632218643514244  0.07830700636528465
  0.08033725076510950  0.08254309966195079  0.08510909715727293  0.08687605775594751
  0.08809802374564617  0.08900726417190685  0.08992662722420625  0.09099327014927769
  0.09269123717202862  0.10129254822840741  0.11869872291092974  0.13673196199676144
  0.15733134801802326  0.18728546725155512  0.68772727899022512  1.00000000000000000
 -0.00240688584710313  0.01066635766121469  0.02127347419788354  0.03214224920439002
  0.04119615708635935  0.04996575146241714  0.05913243626442118  0.07061678008922596
  0.08329418738106541  0.09443547695034046  0.10476652997654373  0.11488293432869909
  0.12438343256527122  0.13491271102546498  0.14516421841384972  0.15490213637700465
  0.16550590847994862  0.17644611207527044  0.18691849825676440  0.19711158232393916
  0.20781753404897571  0.21939186113953524  0.23038633621060653  0.23841991007878457
  0.24637755800370048  0.25398546368723218  0.26209780379922881  0.27058877402017484
  0.27963516232428143  0.28867686557748906  0.30027378286238027  0.31398739377981999
  0.32772831666902941  0.34018555513086002  0.35248603139337537  0.36551283108860932
  0.37742931973890942  0.38751804341828638  0.39684202560596560  0.40629603418849602
  0.41623013416221177  0.42738021544810301  0.43905586363164800  0.44930605386441336
  0.45959990635866121  0.47003476587906917  0.48073004521052787  0.49236080719716852
  0.50428056277580657  0.51735526516784414  0.52965365378453444  0.54276666600830314
  0.55852349926241696  0.57063289565094888  0.58071564776786799  0.59026245506725783
  0.59982044770084320  0.60943608670220439  0.61844368517685144  0.62726540453331014
  0.63708682272080164  0.64729006498452513  0.65668844435515639  0.66633046633070736
  0.67754160363400717  0.68980865753193588  0.70083854510902877  0.71289325652260893
  0.72549464124941077  0.73702194640348917  0.74766881244294692  0.75879279512767028
  0.77002636414946179  0.78104828783639779  0.79200848461246076  0.80304281488216644
  0.81439607727616214  0.82738125327302292  0.84208886382523040  0.85727468587043976
  0.86877854845612656  0.87776196085031422  0.88653313841960624  0.89553121400964464
  0.90450469535296696  0.91474692219532461  0.92311007250986055  0.93076295174762469
  0.93890429493760008  0.94758630615815642  0.95667582174499610  0.96574466318749075
  0.97259040883048853  0.97864827776122143  0.98772913807530383  1.00000000000000000
 -0.01520821894942050  0.17112079307069561  0.26290746212229010  0.32401009961046173
  0.37864960373494927  0.41948691306028252  0.45628664570315763  0.48815476592413093
  0.51748592038152930  0.54209468664134608  0.56454343172796484  0.58749528436118992
  0.60853760223285036  0.62748595758322612  0.64287859342765141  0.65706152634490866
  0.67027958807067289  0.68306439491580184  0.69533672108510280  0.70567491187980547
  0.71458163554343268  0.72332187488851241  0.73225502235419804  0.74036601515339506
  0.74764668418034386  0.75438706095743568  0.76080552648175748  0.76691392632745803
  0.77326368025726511  0.77950040572570733  0.78558576334936825  0.79169018741830355
  0.79840568775113363  0.80533685503152952  0.81160550120894770  0.81684344055496461
  0.82162057445344572  0.82637475934097149  0.83103160788882946  0.83542772044126778
  0.83955561779173593  0.84356343086388919  0.84770224431178687  0.85195337106334013
  0.85614342566123958  0.86011395865196538  0.86369754991764136  0.86719782460483308
  0.87044283613187112  0.87368503616260451  0.87673331424832179  0.88012473941867386
  0.88356331555301482  0.88703511041814387  0.89056711150112011  0.89421156568578353
  0.89733211129243640  0.90013877715442192  0.90260802186107347  0.90508566821382208
  0.90756665777557666  0.91008541525305442  0.91266720698430115  0.91512647988415030
  0.91739538224447248  0.91956755725066808  0.92168958327897665  0.92382419532628213
  0.92599816180237660  0.92814582879895180  0.93029111273586140  0.93256308070854455
  0.93478118817015698  0.93688279749264514  0.93887446588015577  0.94070907873042120
  0.94263636076004387  0.94463448415778584  0.94670433133028509  0.94882479630830763
  0.95107047183348681  0.95329674204182868  0.95536687850805835  0.95735620055392279
  0.95938361558879548  0.96156483507754287  0.96380448751675263  0.96618199171190455
  0.96885043098591839  0.97197146967754755  0.97529265274402765  0.97806411037832808
  0.98061633002903625  0.98483752525163670  0.99056034048282338  1.00000000000000000
 -0.02020739866829885  0.12817991841396051  0.16939928225093229  0.19903038278397586
  0.22551103152217539  0.24497890198125713  0.26014520695112286  0.27497547330347699
  0.28918735719223798  0.30288095133047099  0.31555749843172587  0.32371632303102021
  0.33194331569320029  0.34038927630253818  0.34897639761524557  0.35808544065878556
  0.36762563054030251  0.37716472050387873  0.38630152178610183  0.39519254658147335
  0.40354213963483665  0.41156496597777831  0.41921714179145736  0.42622870045521338
  0.43320912527753330  0.44062542915566227  0.44824119643176885  0.45517987717028446
  0.46303527660509791  0.47074195011582509  0.47812944506131111  0.48465786136722822
  0.49044185810317870  0.49594141307864575  0.50128374732320080  0.50632621244236931
  0.51262478097739506  0.51935687074439751  0.52530151789766855  0.53084268287955727
  0.53619526194375977  0.54144814712845446  0.54715688411334995  0.55289729222604156
  0.55864321728975219  0.56375432040793161  0.56832690016342524  0.57290896446698325
  0.57791498419213105  0.58343277225155399  0.58928091252775916  0.59498120770815621
  0.60016645984538552  0.60481265340527668  0.60905658128286200  0.61331507231365767
  0.61776562156101789  0.62247584851201720  0.62806494851939809  0.63530984579905359
  0.64187360438100005  0.64775109254119767  0.65351454057418423  0.65937555846146889
  0.66554935087438916  0.67349929419443089  0.68151619887076809  0.68832551458012148
  0.69328146533178781  0.69748344354097536  0.70165755427675869  0.70598158625436835
  0.71027680269313587  0.71454864315178301  0.71892005057379771  0.72364314415263686
  0.72836352932486470  0.73284269558822746  0.73728304769758757  0.74207545544227260
  0.74661865318163256  0.75196631241856149  0.75791569733821484  0.76368617282848072
  0.76965314363481785  0.77679031003044796  0.78517904894792057  0.79389929311290941
  0.80337020525183234  0.81405017177355021  0.82666872707346561  0.84051557887175943
  0.85681780617560876  0.87612211033267662  0.91049085121565487  1.00000000000000000
   9.2929730474706056E-043  -1.0000000000000000     
 F F F F F F F F F F F F F F F F F F T T T T T T T T T T T T T T T T T T F F F F F F F F F F F F F F F F F F T T T T T T T T T T T T T T T T T T
  <DiscreteSampler_grid>
  grouped_processes
  1 # 1 for a reference and 2 for a running grid.
  10 # Attribute 'min_bin_probing_points' of the grid.
  1 # Attribute 'grid_mode' of the grid. 1=='default',2=='initialization'
  0.0000000000000000 # Attribute 'small_contrib_threshold' of the grid.
  0.5000000000000000 # Attribute 'damping_power' of the grid.
 # binID   n_entries weight   weight_sqr   abs_weight
    10   10   2.576218652533301E-031   3.239759379453207E-061   2.576218652533301E-031
    11   10   2.576218652533301E-031   3.239759379453207E-061   2.576218652533301E-031
  </DiscreteSampler_grid>
