 -0.00004867801657074  0.00118586112948893  0.00222999526672759  0.00312101093282944
  0.00395060883789467  0.00477427527053999  0.00558554807484832  0.00643764180129649
  0.00728308050896908  0.00801283143699084  0.00872119857291227  0.00939044710894981
  0.01002359107997269  0.01064169177140713  0.01124197622123254  0.01186922792292024
  0.01250571391319746  0.01316267936594354  0.01391108136051842  0.01463561246369752
  0.01534013871652563  0.01602526987115794  0.01668077096312000  0.01734703072989078
  0.01801444992941860  0.01869965777183914  0.01939271940649391  0.02010206464788894
  0.02080736929056076  0.02150054370287666  0.02223674093325523  0.02305935674559064
  0.02393570551563553  0.02479813449096507  0.02563614422462601  0.02647014767019841
  0.02733343549722789  0.02834577151373841  0.02942030050778732  0.03049187111783843
  0.03144780094471936  0.03241405209885130  0.03339440865246933  0.03439457129076850
  0.03546305968971385  0.03660320231696367  0.03775270688439594  0.03888543563387929
  0.04005355054296444  0.04130078899356278  0.04240080035992025  0.04311608493979426
  0.04386424749098182  0.04446306703072486  0.04629856893622910  0.04856939529192703
  0.05115800519798772  0.05391528334243719  0.05640128866696112  0.05822559636320766
  0.05903701806109276  0.05987158812677813  0.06093731043293203  0.06240755044403890
  0.06424498765931975  0.06607663999968336  0.06787364859667944  0.06963676655580643
  0.07137095171502837  0.07287901733500257  0.07424314254007845  0.07560672595799092
  0.07639097749302275  0.07726255578856618  0.07844280065902932  0.07961929137153778
  0.08070457529061154  0.08187963635589991  0.08293470350538593  0.08420835586666883
  0.08548194379414102  0.08677437198857683  0.08828608036652968  0.09008002745205719
  0.09188711190811689  0.09380432285496472  0.09587339989960918  0.09771346562917321
  0.09930386841441767  0.10048730478705871  0.10365781833522261  0.11947638016053914
  0.15648652623960993  0.22317994044738620  0.46182541061739663  1.00000000000000000
 -0.00170682320595684  0.00823341288306949  0.01737005546661059  0.02650622251265837
  0.03642808718514136  0.04782696953318114  0.05928541709072452  0.06995750639280111
  0.08052463835392884  0.09110343175306858  0.10210298625630707  0.11234737873951021
  0.12192115445986128  0.13128544947499204  0.14041751397448782  0.14887622316384538
  0.15516678840485160  0.16127921830191369  0.16773104324250607  0.17450629957361394
  0.18421768666419275  0.19882812272931352  0.21132275202544734  0.22090835517042234
  0.22972829205979023  0.23884684084730431  0.24822925135029669  0.25663086697735527
  0.26414982044516905  0.27259743143808102  0.28219262945140239  0.29432666578607208
  0.31054728433663936  0.32799772178240105  0.34386281687223869  0.35832238451835946
  0.37190807585598279  0.38323384355139756  0.39278261768958289  0.40140453306722629
  0.41034312590991928  0.42033922838432253  0.42998409633575485  0.43953658219090314
  0.44893807893605964  0.45946305704732615  0.47177801196392027  0.48199918345918769
  0.49054941731709395  0.49884886003794837  0.50861817931370445  0.51890170969489480
  0.52983515514810742  0.53961362465547935  0.55251462864408551  0.56545738711869931
  0.57826282591766931  0.59015586880738158  0.60228966446951615  0.61548720801885359
  0.62934070457146918  0.64228588608309900  0.65430848360691030  0.66640216856633794
  0.67901074391255845  0.69262145497051009  0.70615454547582424  0.71919868502017947
  0.73152375082047039  0.74196408865296526  0.75289326326177075  0.76380851491019330
  0.77433074100157562  0.78642303964838667  0.79989334002463097  0.81341863681612137
  0.82340423636844207  0.83447434808350651  0.84568551950700965  0.85674890874481491
  0.86848494065039972  0.88134782345943297  0.89070038300643017  0.90019785353354886
  0.91025120121775549  0.91895732003349206  0.92644901610320496  0.93453466626384263
  0.94244402010146300  0.94998402209007071  0.95732556895272436  0.96413834512573993
  0.97150104584231978  0.97862006220956699  0.98863113506327172  1.00000000000000000
 -0.01403740472936616  0.16308721248651473  0.25333490780497575  0.32492175247397159
  0.37940877416002672  0.41505686758807719  0.44699353335591829  0.47655639999309279
  0.50431624431521183  0.53074572090243533  0.55376854347060167  0.57425160708955969
  0.59399473364307553  0.61386511501234087  0.63168539339729979  0.64805444443259708
  0.66148241468027680  0.67390002872094101  0.68572564049794849  0.69813839374336750
  0.70894647962325230  0.71928195337466339  0.72833814471523695  0.73717119193470670
  0.74575610427122996  0.75372964543347998  0.76069195259840394  0.76724011810720427
  0.77342346422097996  0.77937975623156941  0.78563991607088968  0.79116607820486373
  0.79671047479281265  0.80184394954268801  0.80716980722366038  0.81229579276377983
  0.81701351398244360  0.82189087771786662  0.82656133747817273  0.83116048416237576
  0.83574754053320077  0.83994524133825010  0.84412001161568373  0.84824870634560023
  0.85213806596227371  0.85585203881083882  0.85956388137851469  0.86330007088842053
  0.86676370178689055  0.87007195635043300  0.87327716114330567  0.87640478278142231
  0.87950695803104650  0.88275388055810899  0.88608662962798590  0.88933809984965007
  0.89253599829594576  0.89572274906729654  0.89901328924900448  0.90267509105335308
  0.90604589879357689  0.90902472338927343  0.91171394984740850  0.91423596740009139
  0.91674432660178862  0.91928382168477918  0.92186279286691697  0.92451027980985390
  0.92752171088207636  0.93073909234382979  0.93392359808223036  0.93631609863662268
  0.93876151239624528  0.94129141955860962  0.94385307489555359  0.94644573140238708
  0.94909916170703867  0.95155663005816971  0.95388056171567703  0.95610058065976822
  0.95819372815916737  0.96022329110515647  0.96203823602840022  0.96362079032027881
  0.96530020499293834  0.96704236409172539  0.96883239686416933  0.97055104760645883
  0.97244750484615705  0.97450028503033115  0.97661357143787575  0.97899339029747101
  0.98176749012755604  0.98486826786477433  0.98929989471359447  1.00000000000000000
 -0.01894493390354593  0.12703764839587137  0.16893600632026787  0.19885531826315686
  0.22272374663237346  0.24425431001917705  0.26211290337406695  0.27793655773965986
  0.29380700064577947  0.30580847222916413  0.31554595053498513  0.32406351881289436
  0.33244624368859160  0.34134856734108598  0.35058318803960609  0.36169079593388631
  0.37263781269272001  0.38248999636756859  0.39133543268270554  0.39938435854628312
  0.40708987122808005  0.41420415425086482  0.41994438113326343  0.42478782066349857
  0.43011869315809786  0.43554537794017884  0.44031404882836112  0.44489754988849556
  0.44955630635030819  0.45428409053611918  0.45904782999890564  0.46351113879802947
  0.46763431716909626  0.47163469159831195  0.47549457003021450  0.48055602478246284
  0.48690342675099818  0.49356717544170836  0.50030881829111695  0.50690246414331586
  0.51285463380220864  0.51846783738722524  0.52412916255538755  0.52905674482038045
  0.53322247812017354  0.53741312307613798  0.54159365531481773  0.54579136046653665
  0.54989867270043857  0.55392979450411062  0.55822742291034155  0.56317133313344980
  0.57025660271965706  0.57776308565290690  0.58482505079897618  0.59114643325942040
  0.59672227370085695  0.60213806922553692  0.60804587648324060  0.61398260976882235
  0.62014448028257241  0.62644633372408232  0.63207605295171776  0.63681075261663478
  0.64140785350938412  0.64577418454316604  0.65017877659252754  0.65608816689454541
  0.66251042168828234  0.66844029540842143  0.67393636792910816  0.67906602855175191
  0.68418801572546639  0.68944819436318383  0.69436450736373501  0.69928396745137589
  0.70452761979961398  0.71077759833637810  0.71862347140829408  0.72687725220388033
  0.73500410670566796  0.74323316114787774  0.75166292485798414  0.75985033557017168
  0.76894351625290702  0.77938761820756730  0.79187899214273805  0.80248456237645283
  0.81331472776791536  0.82382814496715184  0.83499628591203900  0.84712612037960788
  0.86395952753456795  0.88737081319321509  0.92075584050540726  1.00000000000000000
   9.7545663814969691E-043  -1.0000000000000000     
 F F F F F F F F F F F F F F F F F F T T F T T T F T T T T T T T T T T T F F F F F F F F F F F F F F F F F F T T T T T T T T T T T T T T T T T T
  <DiscreteSampler_grid>
  grouped_processes
  1 # 1 for a reference and 2 for a running grid.
  10 # Attribute 'min_bin_probing_points' of the grid.
  1 # Attribute 'grid_mode' of the grid. 1=='default',2=='initialization'
  0.0000000000000000 # Attribute 'small_contrib_threshold' of the grid.
  0.5000000000000000 # Attribute 'damping_power' of the grid.
 # binID   n_entries weight   weight_sqr   abs_weight
    10   10   2.624508300346526E-030   4.246044237177094E-059   2.624508300346526E-030
    11   10   2.624508300346526E-030   4.246044237177094E-059   2.624508300346526E-030
  </DiscreteSampler_grid>
