 -0.00003188231025664  0.00073758606416533  0.00133593025832418  0.00182118555434635
  0.00226839101500893  0.00269027558350175  0.00309334750430455  0.00348611513289416
  0.00387285296103671  0.00424893617530007  0.00463207198927546  0.00499306843995728
  0.00537175785995830  0.00577063274081209  0.00615961640171713  0.00655268022250048
  0.00696776156383101  0.00737614652402253  0.00776572711732178  0.00814869642537886
  0.00853041201303438  0.00889975918798366  0.00927084691849077  0.00963949073334089
  0.01001196076840614  0.01039086518818976  0.01076358471680989  0.01113418229313059
  0.01149790479645784  0.01189619844339739  0.01231265455805228  0.01271837699277498
  0.01312889684761010  0.01359063087683796  0.01406066423673339  0.01451945678253530
  0.01502456709435121  0.01552291144506598  0.01600027979353368  0.01643404716211043
  0.01683741931361525  0.01726873243546628  0.01772483354341860  0.01820652499595910
  0.01870746599335711  0.01922490331092089  0.01975673142771343  0.02028389801912151
  0.02084498596636321  0.02144693524209461  0.02207694333762134  0.02276334859552310
  0.02344928177000114  0.02406582405757836  0.02465409083012811  0.02524577099044907
  0.02583512685988368  0.02639101971880430  0.02691961976912570  0.02746773259076581
  0.02812018848659761  0.02873780127041276  0.02933631800147070  0.02993824602654970
  0.03056793305562465  0.03136117543592152  0.03218804619886478  0.03301888425195362
  0.03394514502242841  0.03495263900962479  0.03618712984314584  0.03741039498679795
  0.03852463719287624  0.03959618551304694  0.04049574125578898  0.04138273899363577
  0.04235085365788140  0.04346276053140169  0.04476094450423360  0.04632312721680123
  0.04802889382395723  0.04959797831554619  0.05118066060240514  0.05328376487913851
  0.05644598685230533  0.06023357262947678  0.06457124458676736  0.07175689032717170
  0.07769995816463540  0.08198094038389865  0.08815712351006386  0.09580834745907443
  0.11370800800329216  0.14094833549011526  0.21864373858468217  1.00000000000000000
 -0.00158085665703999  0.01004679404078289  0.02096841302190997  0.03168805570193257
  0.04292966481499289  0.05347737308300506  0.06348026906418272  0.07301806519852604
  0.08304782199276277  0.09330587998420768  0.10256343696212361  0.11098398067847458
  0.11901956200611848  0.12993737714775860  0.14214327770626914  0.15465719921082097
  0.16738343786271470  0.17973670977592415  0.19149051379845122  0.20216972268307476
  0.21219078790774012  0.22300576089465055  0.23391542933341503  0.24490147569903917
  0.25550674040824928  0.26665143220138232  0.27689290527779997  0.28758594462118781
  0.29771658331561590  0.30811772677490873  0.31876134572132836  0.32987492676827046
  0.34014858524419095  0.35042996588417380  0.36099049270775135  0.37041212336475215
  0.37942290230089337  0.38875095903314527  0.40085890991448475  0.41587725451984742
  0.42844802148842259  0.43931953876099461  0.44976545192686501  0.46044544425619693
  0.47165951586756477  0.48400175038256943  0.49726996301080056  0.50977994481638234
  0.52048854724225257  0.53029835791028535  0.54003236465801541  0.55037623542900649
  0.56150420834969916  0.57263834710945460  0.58385238962486230  0.59531442459743145
  0.60616590630825518  0.61530016932671372  0.62437583165363986  0.63412669747067685
  0.64439308636047110  0.65454588187747476  0.66385844984312514  0.67468652009854369
  0.68636691365043923  0.69697568363389839  0.70644103842767636  0.71526071982410810
  0.72383896734691922  0.73244583698631549  0.74162270308531453  0.75142994635121940
  0.76179281063428872  0.77254753076628502  0.78413047123589374  0.79581435585450155
  0.80556659707435929  0.81533736131589063  0.82558956068169664  0.83575107312295216
  0.84454174489289291  0.85338323611798050  0.86304409993744446  0.87443576108058119
  0.88688536783983962  0.89811416213340434  0.90691919932767151  0.91560521980730258
  0.92493646064321045  0.93471480986525746  0.94492091998786654  0.95467355864368708
  0.96594735807980492  0.97725567528650026  0.98846839221707716  1.00000000000000000
 -0.00975742924660620  0.11255221003549581  0.17264566832273023  0.21856067262326084
  0.25806077884544310  0.29146808474539387  0.32050601815142549  0.34786862886956926
  0.37378971276278355  0.39914360845449898  0.41875936484287002  0.43826277739714870
  0.45649188672379232  0.47371251966046063  0.48912007767268695  0.50292222263108155
  0.51629412954660603  0.52940608138943701  0.54106771434563572  0.55210532492669262
  0.56325680090359997  0.57498927478578088  0.58748981614799856  0.60051535893188290
  0.61243580293141964  0.62267910268057247  0.63128041732377838  0.63887796204819447
  0.64728116653493861  0.65505750773411098  0.66277715740985044  0.67041523476723208
  0.67792359342719033  0.68516478159215877  0.69216832604277023  0.69875740428699773
  0.70524956874505240  0.71161068734524080  0.71776453846526711  0.72386881774124379
  0.73005259352966378  0.73614108229118347  0.74169188795405905  0.74673930346768314
  0.75178464811493051  0.75720568792603260  0.76281727317525772  0.76827007033839423
  0.77357175990194704  0.77840141772203963  0.78354954707288238  0.78871782363722853
  0.79355993134488012  0.79833450858458244  0.80286217709156227  0.80715193671666463
  0.81116126123633991  0.81507872010642735  0.81896840950554395  0.82301208928538272
  0.82697166793636345  0.83096033853362472  0.83507316830977596  0.83947299779136431
  0.84389834762192117  0.84819933978477158  0.85261452962802120  0.85721333547637046
  0.86167440407001494  0.86597462592588892  0.87021744727402206  0.87455416299615552
  0.87909101435547066  0.88382095070991418  0.88847919348657500  0.89265880699404676
  0.89663754531922946  0.90041780271630023  0.90402020779178893  0.90752469254827584
  0.91096247334777947  0.91447918346397261  0.91842927679320707  0.92254412335891323
  0.92635247722768799  0.93018476357942392  0.93420556340139804  0.93830810832458267
  0.94286564610558454  0.94795985539728744  0.95282051583649663  0.95889684773707273
  0.96586029520665551  0.97363889588764607  0.98543019168007584  1.00000000000000000
 -0.01525748412451489  0.10123995625994626  0.14788683900428065  0.17895661851265818
  0.20130085048124727  0.21978538800665268  0.23661650742678358  0.25012630051424700
  0.26091323424793994  0.27098021183778448  0.28074938979332004  0.29050210078534738
  0.30030396229206496  0.30937162866809276  0.31700767732102930  0.32363236078091701
  0.33047623702550055  0.33736654681306827  0.34404371085492436  0.35087463003193448
  0.35745987214815261  0.36368669509591223  0.36976086035568589  0.37621017478997093
  0.38301794594736216  0.38954967370056665  0.39570705676794771  0.40258317535838406
  0.40933531506316750  0.41627816472220852  0.42320196021565964  0.42998483747531685
  0.43643058549643804  0.44231207899783143  0.44779106388782647  0.45335816868577650
  0.45926300179848201  0.46488915776101186  0.46997602376222086  0.47487516168595062
  0.47964364120122449  0.48427803947296522  0.48950461572034032  0.49425986227598578
  0.49898685398557180  0.50331537453667941  0.50746636986501281  0.51154314951768032
  0.51574761771662225  0.52052664363103240  0.52636343898722471  0.53303983522044029
  0.53969321587767993  0.54522031300598484  0.55019002424454055  0.55498027182624243
  0.55992009873571502  0.56490728743069962  0.56998927552633916  0.57502268841374493
  0.57992869744433873  0.58474773127481849  0.58954548850993804  0.59437833086876701
  0.59897519604916694  0.60365999578339113  0.60900716737211269  0.61508938657183976
  0.62153362342390184  0.62765845287107203  0.63405642591834677  0.64031997214198610
  0.64678736237386980  0.65325502463568275  0.65974815854734992  0.66639131022075904
  0.67343362063852941  0.68098071030260410  0.68879270639284007  0.69612940536522294
  0.70329623008335607  0.71057738213964605  0.71827747934448127  0.72642716378988514
  0.73529819888612635  0.74479500025638390  0.75494603785926773  0.76583287591020821
  0.77824394671687502  0.79180886044018561  0.80662337031190678  0.82473841811375148
  0.84598703454667046  0.87139225223971295  0.90958456206237892  1.00000000000000000
   6.9212775173866797E-043  -1.0000000000000000     
 F F F F F F F F F T T T T T T T T T F F F F F F F F F T T T T T T T T T F F F F F F F F F T T T T T T T T T F F F F F F F F F T T T T T T T T T
  <DiscreteSampler_grid>
  grouped_processes
  1 # 1 for a reference and 2 for a running grid.
  10 # Attribute 'min_bin_probing_points' of the grid.
  1 # Attribute 'grid_mode' of the grid. 1=='default',2=='initialization'
  0.0000000000000000 # Attribute 'small_contrib_threshold' of the grid.
  0.5000000000000000 # Attribute 'damping_power' of the grid.
 # binID   n_entries weight   weight_sqr   abs_weight
    10   10   1.063035843868585E-030   2.237007630394358E-060   1.063035843868585E-030
    11   10   1.063035843868585E-030   2.237007630394358E-060   1.063035843868585E-030
  </DiscreteSampler_grid>
