  0.00000240772167580  0.00000721623210379  0.00001287912012122  0.00001807873955590
  0.00002299084083356  0.00002769296922297  0.00003221130535391  0.00003681720179609
  0.00004143422438774  0.00004609928674460  0.00005081914013182  0.00005559263089370
  0.00006046776631767  0.00006544219229125  0.00007055466623668  0.00007581536887559
  0.00008120315300455  0.00008669021236883  0.00009229656460187  0.00009803579374980
  0.00010394885218794  0.00011002735127257  0.00011630251179335  0.00012281440924154
  0.00012951670003324  0.00013635464871201  0.00014344576625796  0.00015072853572468
  0.00015817825523896  0.00016586030204632  0.00017376480512472  0.00018190965209272
  0.00019024641899829  0.00019896173350308  0.00020799573246902  0.00021734782987769
  0.00022697977113657  0.00023695579760647  0.00024736779101681  0.00025821811581710
  0.00026951011878894  0.00028124594828430  0.00029347810765696  0.00030632353467097
  0.00031981394864792  0.00033401706561416  0.00034892954925656  0.00036452042693025
  0.00038084583996357  0.00039786275205570  0.00041552717720490  0.00043388450117533
  0.00045328353188613  0.00047367016272276  0.00049490453591027  0.00051748258533322
  0.00054119177523585  0.00056700597321102  0.00059412556640476  0.00062288105468966
  0.00065332600753665  0.00068536799962702  0.00071909890932918  0.00075462885401422
  0.00079261678781424  0.00083380160477778  0.00087765886984602  0.00092450832036194
  0.00097321636343221  0.00102711649591951  0.00108341016405807  0.00114681891154026
  0.00121326127318107  0.00129208948594313  0.00137573999531681  0.00146735080152826
  0.00157207552470701  0.00168475074018448  0.00180916318604765  0.00194510383261085
  0.00209172829793537  0.00225305336035454  0.00243928757482401  0.00265838439860705
  0.00291315684642930  0.00324823823520486  0.00363392747012852  0.00408812756517910
  0.00463550439526514  0.00534309709203648  0.00642675332375097  0.00798814563374922
  0.01001075568238787  0.01306760087706815  0.37323413440158087  1.00000000000000000
 -0.00214290347824409  0.00920777889050832  0.01909347141877735  0.02926892793253829
  0.03952124335928774  0.05029329999221568  0.06109089690318940  0.07143658892675830
  0.08164129166780852  0.09213184980096766  0.10285472722185149  0.11353957158904143
  0.12416183012634614  0.13470750639560480  0.14526368240240958  0.15564669973832818
  0.16596061420354338  0.17617426781707757  0.18646483840902828  0.19694848149328792
  0.20730178777411315  0.21783190425083507  0.22839855931208561  0.23932924118996735
  0.25035884464857561  0.26158153492087377  0.27271677564142949  0.28392523969533084
  0.29494687132678193  0.30592469349070933  0.31675176262488486  0.32756015355852552
  0.33832930277417139  0.34892405515316910  0.35956803727201997  0.37008589934381386
  0.38074332558631668  0.39123937103814738  0.40169528052677739  0.41214398491742876
  0.42270487591351746  0.43326432521619868  0.44390091010685101  0.45447035133366009
  0.46531202154005424  0.47612926850870757  0.48682963530663442  0.49742805906419157
  0.50800273016081277  0.51866098839149621  0.52934100505448578  0.53992793825937269
  0.55065055720643241  0.56146381649202393  0.57248140602956910  0.58328734802557347
  0.59381099526250070  0.60425761712862014  0.61478607020561482  0.62535742828033758
  0.63583385217314703  0.64626177471867885  0.65679097887395055  0.66716386126252836
  0.67728808727227352  0.68737827572204757  0.69771598008775593  0.70831558820726148
  0.71890073941667076  0.72940627398741298  0.73980859466332394  0.75019701436573494
  0.76053234614372456  0.77099955498778772  0.78147366109839400  0.79207805626959837
  0.80277235501796973  0.81341274423351495  0.82388636825643324  0.83421552359378826
  0.84438133955170602  0.85467460697670061  0.86482393585896622  0.87498905183605036
  0.88512002617124996  0.89502901475360153  0.90549729334760032  0.91574878935193960
  0.92628076881492516  0.93667248546212345  0.94714650603071326  0.95776956705208294
  0.96834580902593881  0.97895803011702986  0.98947473993329071  1.00000000000000000
 -0.00392132294702811  0.02505060545229561  0.04628428510803027  0.06403579406461611
  0.08000566314908800  0.09473827737040288  0.10867154943871747  0.12196031909266898
  0.13482298352040539  0.14724817740240337  0.15910699835274814  0.17048891689603615
  0.18135292400934092  0.19200144439756303  0.20224440783302569  0.21240869873525917
  0.22236828439731279  0.23220607203392349  0.24191229768752012  0.25139622871113632
  0.26069232366111833  0.26992662184864030  0.27911699579942906  0.28824456511125551
  0.29718943974365503  0.30577882702288117  0.31432252843293373  0.32268840929672055
  0.33106167019506189  0.33929935253688626  0.34754338530567264  0.35572328938489700
  0.36397403426171360  0.37228670264425723  0.38068567730759578  0.38911805228933183
  0.39732466868620975  0.40538965725278059  0.41344746225188550  0.42148926340017839
  0.42947108672606288  0.43741491288604190  0.44531047758648934  0.45313037586512606
  0.46104924495570210  0.46910843544517078  0.47710843709798728  0.48524021936481854
  0.49324791284240305  0.50126569799649556  0.50922871844335971  0.51722946490373300
  0.52519662203490702  0.53316202310849325  0.54110582722818557  0.54893773199551410
  0.55676622142709231  0.56453526893603467  0.57227010977806914  0.58003079663167523
  0.58784266421739118  0.59574232042019348  0.60370575819152916  0.61176509441523419
  0.61988790774247393  0.62802308048169531  0.63617667799039412  0.64439602270703777
  0.65269458210268183  0.66102327780632741  0.66931589807592284  0.67759827924697580
  0.68587733391802164  0.69424881860086374  0.70277548174295945  0.71137329513509862
  0.72017604617588848  0.72911966236492565  0.73849369081569016  0.74787025934483942
  0.75745603239052195  0.76712503073794436  0.77712825843540767  0.78742385877267762
  0.79791167147230946  0.80850729547722244  0.81959515907457992  0.83098011984283482
  0.84344131420354584  0.85654937466826153  0.87105475093390672  0.88638978231258292
  0.90360332689247758  0.92363755119005186  0.95127000510331150  1.00000000000000000
 -0.01902689708009868  0.10954950764322534  0.14487072887101871  0.16690220987070048
  0.18410731288564330  0.19868507628021101  0.21178245605066928  0.22386792827626195
  0.23509790366090069  0.24562245474837252  0.25555240692075487  0.26514338603552334
  0.27429397102461728  0.28302725132258905  0.29141393851493685  0.29939172894204058
  0.30713345362029704  0.31469668072494250  0.32204632418803936  0.32931309972746031
  0.33645318003725289  0.34344827267093186  0.35042424893881430  0.35716528794692792
  0.36369497117407135  0.37009377258354359  0.37638655528588805  0.38259246351399701
  0.38875665061470954  0.39488200534294848  0.40091402560455458  0.40686914629847809
  0.41278626684089076  0.41863171663773624  0.42439369138212157  0.43010077864334978
  0.43578550229612495  0.44144923740929426  0.44709607115372396  0.45276751406856730
  0.45840967084420481  0.46404745747466947  0.46967372506567634  0.47527328165272276
  0.48087515957577104  0.48649809170727459  0.49212201177285969  0.49780827101140696
  0.50345116059526041  0.50905663256657918  0.51462848919059023  0.52016882371981810
  0.52566428860264414  0.53115232208836671  0.53665256658698623  0.54215484013071491
  0.54766560607292403  0.55319500546116895  0.55872840174232374  0.56428165269522135
  0.56990661433632184  0.57557889421234476  0.58126667415635291  0.58708954283882953
  0.59295865552663263  0.59891759155195812  0.60491419938591895  0.61088397178030385
  0.61687385151794838  0.62291832427836746  0.62909045035741851  0.63540024332412715
  0.64181136230302249  0.64839102189862130  0.65512206217773084  0.66186012173664555
  0.66876870466731275  0.67601893164797389  0.68335175032410012  0.69090388004312453
  0.69869835043187167  0.70671218397218061  0.71504904821608739  0.72367701724891320
  0.73264854036007121  0.74209046706134474  0.75202926615310650  0.76258650259942573
  0.77379469792701827  0.78583296508138878  0.79899008820970063  0.81389291110025852
  0.83155406046001357  0.85393913442972957  0.88983426694985002  1.00000000000000000
   2.1816316539782716E-003  -1.0000000000000000     
 T T T T T T T T T T T T T T T T F F F F F F F F F F F F F F F F
  <DiscreteSampler_grid>
  grouped_processes
  1 # 1 for a reference and 2 for a running grid.
  10 # Attribute 'min_bin_probing_points' of the grid.
  1 # Attribute 'grid_mode' of the grid. 1=='default',2=='initialization'
  0.0000000000000000 # Attribute 'small_contrib_threshold' of the grid.
  0.5000000000000000 # Attribute 'damping_power' of the grid.
 # binID   n_entries weight   weight_sqr   abs_weight
    10   10   2.924401580444800E+008   3.247003103706621E+017   2.924401580444800E+008
    16   10   2.924401580444800E+008   3.247003103706621E+017   2.924401580444800E+008
  </DiscreteSampler_grid>
