 -0.00007358567284372  0.00061245362896445  0.00129981896574728  0.00224957530942138
  0.00353536692661936  0.00498736980305402  0.00673365303485684  0.00877155957296975
  0.01092124481602056  0.01332203378980460  0.01604039590266303  0.01901180201109752
  0.02226934948518744  0.02562558310144410  0.02908579360424603  0.03273359972791894
  0.03655350076856013  0.04056006764927466  0.04472193701359103  0.04922556536338731
  0.05389296086411793  0.05861591837981824  0.06329268604011665  0.06792408972597613
  0.07258435166735683  0.07740761471904234  0.08246324067070344  0.08786075579006777
  0.09366186651445481  0.09975037955470822  0.10613189033292925  0.11270496377753349
  0.11930035653761739  0.12598760067941236  0.13303856801345887  0.14044329987680793
  0.14811381806109261  0.15607897885827415  0.16437561270834725  0.17288837397961265
  0.18141802005297372  0.18997626165252476  0.19873955962364964  0.20782181278330600
  0.21739342524056673  0.22762985008336778  0.23818361400155333  0.24897485700391261
  0.26005373121120057  0.27160569493143655  0.28370898981747389  0.29673455049738351
  0.31041872163239737  0.32496352953446495  0.34056016924302573  0.35681640014188071
  0.37392865821692645  0.39253504685904633  0.41190364956198278  0.43225670317437809
  0.45350614727718813  0.47596074178027215  0.49963254906800508  0.52414480692873178
  0.54963469295181810  0.57489541610287775  0.59855737798488950  0.62058481491104256
  0.64114701556792819  0.66117077728746376  0.67977303957559876  0.69743748188139032
  0.71426007491109345  0.73017515154589452  0.74540117689152363  0.76036174590053873
  0.77482036600725690  0.78885006534119317  0.80236635269604473  0.81552975055693200
  0.82845302186221381  0.84094252101238187  0.85321466197789686  0.86548109247723026
  0.87765750136996590  0.88912759235511818  0.90061346053689706  0.91214663812651475
  0.92373079361336718  0.93496107522977412  0.94590726271079673  0.95667367268433745
  0.96743185633682727  0.97820868533212535  0.98905295690725070  1.00000000000000000
 -0.00274712579720525  0.01058082844260912  0.02155452235925328  0.03175214893593341
  0.04198168265090507  0.05188091866285004  0.06160788908214836  0.07121566168387954
  0.08104429433139283  0.09147436884071342  0.10227928272011488  0.11255116390567799
  0.12274930909656230  0.13252534560373908  0.14225709146861928  0.15190648899880105
  0.16198198064051492  0.17255439155465299  0.18331867676292821  0.19344157372189005
  0.20365154630916227  0.21337440070877831  0.22312499481461467  0.23351438182939427
  0.24391690281388267  0.25484555023574862  0.26513189275329163  0.27574263632748119
  0.28733018140868072  0.29928543243237959  0.31212106546267787  0.32429437178687892
  0.33546010547166299  0.34577101161968676  0.35637056523709681  0.36784245320090037
  0.37887659448515654  0.38973264381719724  0.40066321696994867  0.41133067162220577
  0.42184368996295579  0.43145391883622342  0.44114270519146792  0.45077040507092087
  0.46101972939601749  0.47183886887249460  0.48290402992329368  0.49403228175669928
  0.50576842716565085  0.51714108668797643  0.52778990308405094  0.53799897125356488
  0.54869812499391235  0.55965554129692618  0.57062869868934063  0.58144371346857149
  0.59256363104918863  0.60339357834598428  0.61386928797628493  0.62378604502182400
  0.63327729640548780  0.64273074737225011  0.65297148001074923  0.66356025938502261
  0.67453033766513515  0.68536851274622979  0.69722519420514995  0.70949129630651686
  0.72143109686697471  0.73242359512721600  0.74283463852714848  0.75327932668614817
  0.76389924038695278  0.77461759713985034  0.78532098506796355  0.79590256287715089
  0.80626334628143703  0.81653563711393518  0.82683555245514029  0.83749953667487576
  0.84836069359256827  0.85983045021315840  0.87113237228698759  0.88158645710070282
  0.89171272557149683  0.90238535804860953  0.91332242179369638  0.92330136892996595
  0.93260875771352214  0.94190411276719432  0.95123031820089565  0.96074078937111729
  0.96986566071121538  0.97896807039626910  0.98928879851268181  1.00000000000000000
 -0.00307976091390246  0.01732783448870807  0.03296922834204957  0.04607689831757834
  0.05803169208414963  0.07015913856160705  0.08222059421999200  0.09312460917045867
  0.10338376961255459  0.11365277433321831  0.12399745542517676  0.13351876438298474
  0.14365791896529795  0.15335832507057073  0.16285851164678714  0.17195594135522402
  0.18095004730911293  0.19014824496037808  0.19972775013473598  0.21000694866804498
  0.22179720453919058  0.23367587775772883  0.24498610913490662  0.25600974783159358
  0.26689076775961795  0.27807308361221061  0.28933176975688230  0.30082362398505752
  0.31198839870888900  0.32236497570157147  0.33249645602534894  0.34251194262306445
  0.35227318632382715  0.36214257627901547  0.37223165340464082  0.38246283012869692
  0.39226880380687396  0.40193465793950378  0.41196080579052419  0.42244745977891734
  0.43324315491614168  0.44474134414216382  0.45699314707214561  0.46902806854503459
  0.48035878306186430  0.49133259416275388  0.50211642272967416  0.51286767768840702
  0.52343877379152381  0.53409645187758858  0.54530582678140704  0.55685398721540136
  0.56764510193363626  0.57790252051750191  0.58867375110520925  0.60029021634901625
  0.61202738097604859  0.62333439301633498  0.63436064523105895  0.64493406839409806
  0.65457074843997054  0.66364656200489847  0.67302453634694626  0.68262463485911518
  0.69236578455381792  0.70225090714865068  0.71208527362162100  0.72193497390835060
  0.73154040100967599  0.74100150262534692  0.75068497423609259  0.76052876885946152
  0.77050379775247801  0.78058382432424089  0.79073621700045438  0.80052528291135150
  0.80981268611902479  0.81896657307700715  0.82801994329907724  0.83719435431928668
  0.84698949723675032  0.85683408168731878  0.86621839716063975  0.87487198452907611
  0.88329348225430715  0.89178954539013677  0.90079770220422628  0.91046660375901978
  0.92041090195801045  0.92949098979036282  0.93853429268583710  0.94773144493910377
  0.95739911411446821  0.96801558502040641  0.98127512497247615  1.00000000000000000
 -0.02081797661657472  0.13048993952786045  0.17676823087826726  0.20658383402649766
  0.23103066605539771  0.25146624183699329  0.27005536478392217  0.28600680434222708
  0.30051339233462576  0.31360199498333197  0.32633630954622561  0.33818059218595869
  0.34892003819560097  0.35909566154971034  0.36897451533887482  0.37871193901995748
  0.38817834228457793  0.39719604731094610  0.40580072066357975  0.41442734848626389
  0.42319706895100151  0.43167410659836969  0.43956460816220205  0.44712212583051891
  0.45468083080213245  0.46245869351822888  0.47031114068666291  0.47796271127197976
  0.48533551686716081  0.49247134382917901  0.49949364396424900  0.50584487802746281
  0.51213179941739095  0.51825467880210196  0.52462096949889891  0.53127884448004581
  0.53806600977934116  0.54489402058565395  0.55152121109005980  0.55802668411835665
  0.56444339781962183  0.57064994447230377  0.57668098604750107  0.58261412637022858
  0.58819269220159132  0.59364270974116895  0.59896271509445964  0.60420590963669718
  0.60953371244290211  0.61502336830243631  0.62063751823077951  0.62622590862285277
  0.63180072081955485  0.63725310366245447  0.64260166865284285  0.64807767507670511
  0.65368623140689608  0.65937980329295143  0.66504957893840422  0.67047370355844949
  0.67585074286894042  0.68108737553731513  0.68623938529762663  0.69122560011159673
  0.69622729799605709  0.70133571274118522  0.70642234571027962  0.71151623927898422
  0.71668879430730148  0.72213845154190215  0.72772108799567548  0.73320749939827645
  0.73854948720627656  0.74377969591514326  0.74905675964357843  0.75460296614017697
  0.76043437207967868  0.76632887258158766  0.77264400521150811  0.77877598616163723
  0.78503694869925389  0.79128498498130662  0.79762330874705145  0.80399857468863767
  0.81042716579892526  0.81720018312790677  0.82440620047347668  0.83232972687898710
  0.84100214309173982  0.85034400227254447  0.86074012244567522  0.87223932901226819
  0.88601792216367081  0.90334232862494224  0.93243795580594968  1.00000000000000000
   2.5170033455888506E-015  -1.0000000000000000     
 F F F F F F F F F T F F F T F F F T T F F F T F F F T T T T T T T T T T F F F F F F F F F T F F F T F F F T T F F F T F F F T T T T T T T T T T
  <DiscreteSampler_grid>
  grouped_processes
  1 # 1 for a reference and 2 for a running grid.
  10 # Attribute 'min_bin_probing_points' of the grid.
  1 # Attribute 'grid_mode' of the grid. 1=='default',2=='initialization'
  0.0000000000000000 # Attribute 'small_contrib_threshold' of the grid.
  0.5000000000000000 # Attribute 'damping_power' of the grid.
 # binID   n_entries weight   weight_sqr   abs_weight
    10   10   9.968730706839664E-004   1.234122714350962E-006   9.968730706839664E-004
    11   10   9.968730706839664E-004   1.234122714350962E-006   9.968730706839664E-004
  </DiscreteSampler_grid>
