 -0.00003644008128430  0.00044841130287413  0.00084191165545693  0.00121849738563418
  0.00157817253413861  0.00192751435649999  0.00232870779679377  0.00272300204674556
  0.00303275523642423  0.00328520561355833  0.00351235962957338  0.00373561431769364
  0.00396462910066852  0.00417746327511212  0.00438265310489859  0.00460556384598271
  0.00483043346511916  0.00505173950124015  0.00529823344437267  0.00555922593103546
  0.00581161623318214  0.00606744936457171  0.00629382939353820  0.00658008772230522
  0.00686264995190317  0.00718047291383466  0.00751365850544249  0.00785102645194114
  0.00819483424752618  0.00851149696779727  0.00875490494728857  0.00897466180392800
  0.00920834347839698  0.00945071200970522  0.00973382391282967  0.01003664043586382
  0.01032927710353554  0.01060557897689958  0.01084065889835417  0.01104179004007496
  0.01123759081836748  0.01144218990050629  0.01164876904224701  0.01186149796680908
  0.01213971702941341  0.01244748887076959  0.01275009356600178  0.01303363516786397
  0.01332877094888656  0.01364591467753718  0.01398686980469331  0.01421518366049203
  0.01445805949802513  0.01502078185168150  0.01561767172390716  0.01616406474384484
  0.01666330389852822  0.01712919666328781  0.01759014772042167  0.01810140920131594
  0.01856795082954359  0.01905234851754135  0.01953743613274549  0.02014730353323532
  0.02083619619425668  0.02155119982230876  0.02227110090272561  0.02280705052450410
  0.02320225276907262  0.02374221133698698  0.02665613619217557  0.02957006104736416
  0.03249038806190868  0.03559999064304141  0.03870959322417414  0.04185800749101859
  0.04604605922513534  0.05023411095925210  0.05391851752534205  0.05748550223503706
  0.06107066001032244  0.06474500577529381  0.06841935154026518  0.07230382104251476
  0.07637798520179311  0.08059473283643770  0.08452350934293684  0.08528103236827000
  0.08642499849499138  0.08782150454925501  0.08972219271496147  0.09338549897675039
  0.09709964626072477  0.10301443043651110  0.59811972641256950  1.00000000000000000
 -0.00129959346841520  0.00701697998542548  0.01484713901964106  0.02293253699442571
  0.03147308518238893  0.04087897887038239  0.05390238470806728  0.06917112811870911
  0.08289787626356958  0.09462954403950874  0.10614309376793588  0.11796328591576519
  0.13203388909962646  0.14671308668519217  0.16015767234933509  0.17322339207700041
  0.18685631396129426  0.20090270382218625  0.21714954793021296  0.23585670444710480
  0.25295228594224745  0.26770056039617013  0.28377049851554936  0.29679835919728087
  0.30618230494693133  0.31480026123163152  0.32278596718545088  0.33314707191669451
  0.34640192159305389  0.35932409320257708  0.36897436064067851  0.37780991970088906
  0.38752360843611777  0.39728469450898624  0.40732601817844361  0.41646388178755611
  0.42545811733102640  0.43642289244556653  0.44697460780579218  0.45503642404254563
  0.46203854728049698  0.46807455646122226  0.47510174170835323  0.48227245820694647
  0.48994683975193826  0.49663359127682966  0.50257161016837526  0.50871745577412308
  0.51435296670713715  0.51815545013350484  0.52225444584670633  0.53334739725211666
  0.54603375393772080  0.55635557959943494  0.56624248726223636  0.57583511501855689
  0.58585751670443664  0.59726190693180448  0.60991622258746769  0.62269302402295512
  0.63458455011427539  0.64527074362704617  0.65548951627784346  0.66504538942118963
  0.67442017798214515  0.68488486931010273  0.69665851965651815  0.71664680567136041
  0.73446802880244433  0.74715283840163615  0.75935579793851393  0.77112102795727600
  0.78254239387664870  0.79369097761473772  0.80425534984994640  0.81411104889766239
  0.82344969127888712  0.83347318590974662  0.84392080849531381  0.85484787299378118
  0.86691685404391050  0.87940249249623137  0.88858670174313548  0.89705594797301280
  0.90542776173571449  0.91439709963486615  0.92201806516062157  0.92875130747172185
  0.93497294232387862  0.94156117193033650  0.94860425150168914  0.95740509737774115
  0.96758379186327304  0.97847099497545542  0.98955189534160648  1.00000000000000000
 -0.02046025015874071  0.21479836924295062  0.34854701881120381  0.44184143778346324
  0.51500058026560558  0.57625297673624976  0.62653030656546160  0.66417436468836555
  0.69834029736456593  0.72729201812662936  0.75045857206079014  0.77244046598048399
  0.79507796501377259  0.81488139933987924  0.83165855397179755  0.84616161575531335
  0.85817691659902329  0.86805455961898614  0.87618712388888897  0.88189900518003683
  0.88744753527476494  0.89264969911075864  0.89720368705227005  0.90132234399747313
  0.90497333198959640  0.90834982317881574  0.91146989651899479  0.91447580667142281
  0.91736484868812818  0.92034052389156107  0.92332940413304432  0.92613944601713105
  0.92878930772318680  0.93154924848750020  0.93438446387919094  0.93683729889045231
  0.93901330686882889  0.94105464041354103  0.94302301679249267  0.94523557161389371
  0.94755311772223094  0.94984327370464094  0.95205044583923237  0.95409761396107051
  0.95587955629112631  0.95745025617938162  0.95879896900894934  0.95992872977545141
  0.96106554766449703  0.96217093553753974  0.96345517735238095  0.96473405988197758
  0.96596925940682887  0.96712541095479776  0.96816976154380774  0.96915188426777832
  0.97005284108555079  0.97093535653904373  0.97176368079694209  0.97254590175662081
  0.97334968456319015  0.97417181577455148  0.97499803715494471  0.97582322400730581
  0.97666145575988006  0.97752585534208669  0.97845130197223873  0.97938173097593340
  0.98021698295278836  0.98095940880842059  0.98164008528542446  0.98223903797828738
  0.98287837478202644  0.98355052370971208  0.98422325425015600  0.98489296211678434
  0.98557324155172132  0.98625027637562268  0.98691124347174009  0.98740547789663047
  0.98788517900482431  0.98836266986954124  0.98883979488774620  0.98927606677652613
  0.98970185829249424  0.99020267599971823  0.99076815315247713  0.99136504881920740
  0.99197444691016468  0.99268652308107819  0.99344913161520887  0.99435274139328966
  0.99537604702729210  0.99663327082526754  0.99815150719338686  1.00000000000000000
 -0.02159616672659957  0.13321787375549093  0.18618531606655719  0.22401208475319093
  0.25190221834182408  0.27213463897458323  0.29257926632207643  0.31278390428881409
  0.33042988156727160  0.33871147166470278  0.34596201479605138  0.35328109838320043
  0.36097730068171030  0.36889239849818212  0.37645595969229528  0.38333763994231668
  0.38974600493090911  0.39772379458706442  0.40640572645164313  0.41471785910362757
  0.42089182582714529  0.42637392228284526  0.43221631566795371  0.43743964508344130
  0.44265872792736372  0.44809697308159058  0.45108860426138409  0.45401122735707966
  0.45675678868839342  0.45928254314424022  0.46161860562357671  0.46620279668763365
  0.47110489897143021  0.47563118756594563  0.48085959545147672  0.48942293177779828
  0.49710492313759358  0.50374596449907427  0.50993067919677071  0.51660601171463727
  0.52431515552482377  0.52922811854775065  0.53306998897610669  0.53650152576569665
  0.54009544942795695  0.54334615878728210  0.54692111345683536  0.55119442410022479
  0.55578215089063687  0.56040911003931859  0.56498771891671928  0.56946232734725888
  0.57455602661149408  0.57920477252988234  0.58461634600396628  0.59117872995170473
  0.59873196269119111  0.60613859031900430  0.61444817102777294  0.62359455453411927
  0.63206186857652891  0.63983657076837552  0.64793461492137094  0.65617127593489977
  0.66390757386929566  0.67136325784122164  0.67801662252345329  0.68324246824302370
  0.68761505409986623  0.69220960148341282  0.69712831216514326  0.70182051981783466
  0.70645741324330447  0.71097737491983670  0.71614578341217128  0.72193247061733168
  0.72898539208923741  0.73691365863520875  0.74497694670209358  0.75301881573440632
  0.76148776642659655  0.77016760181208710  0.77678368168522138  0.78341512212638620
  0.78991729484083195  0.79687097722381683  0.80565692400712940  0.81379801175736421
  0.82193811777155079  0.83095979784171559  0.84231743519470037  0.85484062910125302
  0.86740521878868926  0.88634363298091801  0.91922554604933493  1.00000000000000000
   1.9283477861328497E-043  -1.0000000000000000     
 F F F F F F F F F F F F T F F F F F T T T T T T T T T T T T T T T T T T F F F F F F F F F F F F T F F F F F T T T T T T T T T T T T T T T T T T
  <DiscreteSampler_grid>
  grouped_processes
  1 # 1 for a reference and 2 for a running grid.
  10 # Attribute 'min_bin_probing_points' of the grid.
  1 # Attribute 'grid_mode' of the grid. 1=='default',2=='initialization'
  0.0000000000000000 # Attribute 'small_contrib_threshold' of the grid.
  0.5000000000000000 # Attribute 'damping_power' of the grid.
 # binID   n_entries weight   weight_sqr   abs_weight
    10   10   3.202720411810192E-034   3.085284283934143E-067   3.202720411810192E-034
    11   10   3.202720411810192E-034   3.085284283934143E-067   3.202720411810192E-034
    16   10   3.161824327501222E-034   3.062980600194617E-067   3.161824327501222E-034
    17   10   3.161824327501222E-034   3.062980600194617E-067   3.161824327501222E-034
  </DiscreteSampler_grid>
