 -0.00002488197845992  0.00026831026798904  0.00048802538554997  0.00070913147815442
  0.00092994138526833  0.00113297919530252  0.00133881815625824  0.00153394378776793
  0.00173386915164399  0.00193791513534573  0.00213760311249710  0.00232355211878413
  0.00249663121202642  0.00269174422947065  0.00289056277751568  0.00308941905005164
  0.00330977206186446  0.00353360623174847  0.00375600847251702  0.00396492249234571
  0.00416884830285559  0.00435194773189868  0.00451868064343717  0.00468370122201373
  0.00484870011504422  0.00500411469907976  0.00516525836337632  0.00533903551679655
  0.00551009289174122  0.00567759097595369  0.00585945512442705  0.00605272156377256
  0.00623703021843292  0.00640989360187479  0.00658481957808392  0.00676620619330469
  0.00696426798241525  0.00717842935848489  0.00740134208736637  0.00759754973927088
  0.00778731832667834  0.00797001570804807  0.00815863826978489  0.00834509567337875
  0.00853900013515777  0.00876310694098840  0.00900698686741222  0.00923228118271681
  0.00944240054188542  0.00966766605876090  0.00993375683584222  0.01018128231147915
  0.01036201229854050  0.01053675880044890  0.01071877137682635  0.01094774182919930
  0.01128662801969760  0.01165786023370684  0.01200686622273396  0.01236772276125367
  0.01282331914628759  0.01333931316568207  0.01387068022765650  0.01437656924961314
  0.01484841592008077  0.01503010297632539  0.01523114558508033  0.01546369633641203
  0.01572623325401900  0.01596080495979171  0.01619227638533560  0.01641443070429315
  0.01663918651117436  0.01685916938088827  0.01708678531420877  0.01734653176430867
  0.01765427180323561  0.01797183407792673  0.01829453821186951  0.01865996465281938
  0.01897571800454938  0.01922326707090524  0.01955952396257989  0.02016875382751563
  0.02077798369245137  0.02164724915223157  0.02260795644968448  0.02360320870160831
  0.02469794566774420  0.02561772095919943  0.02611519802929260  0.02653784403205718
  0.02696950186719285  0.02740626916165744  0.42699589789378806  1.00000000000000000
 -0.00195225864640785  0.00874226352851603  0.01792608512582981  0.02821254529701784
  0.03908985766502614  0.05040192102375721  0.05924808401183079  0.06757703343176108
  0.07735612192099102  0.08867503543758531  0.10012240658442993  0.11520382534492536
  0.12968260672967774  0.14169638195420456  0.15322685440704417  0.16393640304417290
  0.17340577505927404  0.18267533235689731  0.19224189182783202  0.20234086441228111
  0.21280696935219273  0.22291750661593493  0.23330864640588675  0.24356141313785362
  0.25323423957633556  0.26214198049259468  0.27023266901205717  0.27828936184103564
  0.28742087250614562  0.29807401466996630  0.30912155665929669  0.31970652976079011
  0.32972059432705703  0.34190135893298229  0.35579949323335597  0.37007153777970198
  0.38192366461873073  0.39328963349185597  0.40434853055010500  0.41556505824913936
  0.42841617902605167  0.44192660544540785  0.45419446126595142  0.46618836880145803
  0.47776543956875350  0.48898918442743061  0.49855048482480779  0.51033980081770414
  0.52040524465656435  0.53004688453366866  0.53989041083010092  0.54967909193342535
  0.55969997789307413  0.57004547187710264  0.58031550300187618  0.59483222665578195
  0.60919668719845443  0.61949793934599917  0.62807586964845907  0.63541521163284764
  0.64284494476240828  0.65097255161774226  0.66010386580778158  0.67050483115077997
  0.68208317112072592  0.69430580467868130  0.70615410720612515  0.71860360991323857
  0.72954417962942109  0.73953384849178949  0.74824942806898564  0.75529002376871845
  0.76206936756011767  0.76976130294709666  0.78031239102211214  0.78959134830248412
  0.80268217664678565  0.81738857530605846  0.83163528681924859  0.84351842339821115
  0.85354503343184551  0.86271488687278231  0.87085993586641408  0.87788202511746305
  0.88610541948306387  0.89548650683107378  0.90817340615574593  0.92266189077555649
  0.93728064037606218  0.94976175948445773  0.95969417324144368  0.96782419075424742
  0.97581412677590662  0.98374099692674721  0.99174862766581617  1.00000000000000000
 -0.01341004214680537  0.11718713821259205  0.19496812622509971  0.25574934067815097
  0.30938892656759792  0.35829585441465123  0.39677145079572973  0.43321157396070009
  0.46627007146996113  0.49519515453530466  0.52243029599215984  0.54974118735122479
  0.57508304393402165  0.59772653075188120  0.61798638075940104  0.63737213596937925
  0.65482632826597653  0.67062650636713561  0.68576757497554497  0.70032252404857886
  0.71387850578279510  0.72652694523961348  0.73861099314320278  0.75083535460614315
  0.76197320216066122  0.77217639298398366  0.78050844456654234  0.78872454952996074
  0.79666760080741539  0.80411287525062802  0.81131924299077851  0.81914838603636986
  0.82719646394939039  0.83475214987846214  0.84165412089016933  0.84861522367032538
  0.85547557928458784  0.86205774321000750  0.86821053126225856  0.87376691476426716
  0.87851830577393020  0.88292555547382279  0.88705714504783928  0.89103129976370943
  0.89488799041754330  0.89839991166549582  0.90162951614140796  0.90487818669071052
  0.90798524687355131  0.91077423422389436  0.91371393616281205  0.91637181388860778
  0.91866684812503041  0.92086585769624840  0.92332635997183143  0.92585413161974361
  0.92821526630487938  0.93039468172988860  0.93246391172397824  0.93449800503704972
  0.93657216553513445  0.93904132587772204  0.94116561223652528  0.94312548143315422
  0.94500907105481291  0.94689025273847416  0.94869162602471901  0.95044301936833953
  0.95213374098504477  0.95373105690545590  0.95521041136241358  0.95657513634691826
  0.95781041359268893  0.95892976205992186  0.96009092677738439  0.96125206296699961
  0.96245366206353522  0.96362303023912388  0.96479618598170980  0.96607170703387268
  0.96730683631139847  0.96884459661434863  0.97043684849853085  0.97199722326422922
  0.97336287150833212  0.97453183282359634  0.97577143285843482  0.97700204692975168
  0.97819304001870622  0.97968522646245726  0.98147380033028087  0.98351602634737667
  0.98601910689970595  0.98890933611611032  0.99313090481332611  1.00000000000000000
 -0.01533824240655429  0.09552809550340693  0.13670467098839875  0.16223509336963010
  0.18235241624888385  0.19870923175561050  0.21351773167676397  0.23066158093555147
  0.24629451507580521  0.25920102420082564  0.26933532621207146  0.27605769138248687
  0.28259649716202573  0.28861210716559887  0.29425800180488926  0.30036769412460396
  0.30644084627838114  0.31226178327996523  0.31793918759350115  0.32333677061487603
  0.32922870845774838  0.33521275198144457  0.34283014267868461  0.35025656473065497
  0.35768535304633392  0.36480072082574805  0.37083480301929167  0.37686683969195811
  0.38289077506607877  0.38917115838052557  0.39573299205378182  0.40334147113738983
  0.41015466737110789  0.41579856838662888  0.42107102252805872  0.42615049771204805
  0.43170936468248838  0.43838983713259372  0.44539854524799777  0.45156728659343454
  0.45717854391134888  0.46291374733071122  0.46813021194551163  0.47377814680669639
  0.48001247106204264  0.48646437888180150  0.49282831191286824  0.49883104229461545
  0.50418302373835977  0.50910355287839559  0.51447585892902048  0.52022608489508559
  0.52640092073736267  0.53269091071291164  0.53806298842608902  0.54312029223628155
  0.54826433848561185  0.55355995726464513  0.55987897202685677  0.56691173711887666
  0.57401048171052615  0.58046715279408967  0.58658138196341925  0.59360109651187420
  0.60058458002746729  0.60763745145562198  0.61513173622130979  0.62238595549442366
  0.63201089862141158  0.64101464100231853  0.64954057859208369  0.65754080546349791
  0.66575291913956214  0.67487395332932065  0.68300378186099275  0.69012749547147045
  0.69718132319835635  0.70414544937084711  0.71072881230767737  0.71718875006813254
  0.72409699218342594  0.73145323534554185  0.73907988278632231  0.74671510780466666
  0.75662255510602716  0.76604129697769840  0.77662315393179904  0.78770230494803828
  0.79905899409280279  0.81091829624873735  0.82409867601011677  0.83862970712961404
  0.85565107314942379  0.87656775195956671  0.90619010670931321  1.00000000000000000
   5.1847125785883118E-012  -1.0000000000000000     
 F F F F F F F F F T T T T T T T T T T T T T T T T T T T T T T T T T T T F F F F F F F F F T T T T T T T T T T T T T T T T T T T T T T T T T T T
  <DiscreteSampler_grid>
  grouped_processes
  1 # 1 for a reference and 2 for a running grid.
  10 # Attribute 'min_bin_probing_points' of the grid.
  1 # Attribute 'grid_mode' of the grid. 1=='default',2=='initialization'
  0.0000000000000000 # Attribute 'small_contrib_threshold' of the grid.
  0.5000000000000000 # Attribute 'damping_power' of the grid.
 # binID   n_entries weight   weight_sqr   abs_weight
    10   10   8.547087941442953E+001   6.690368635665475E+004   8.547087941442953E+001
    11   10   8.547087941442953E+001   6.690368635665475E+004   8.547087941442953E+001
    16   10   8.547087941442956E+001   6.690368635665478E+004   8.547087941442956E+001
    17   10   8.547087941442956E+001   6.690368635665478E+004   8.547087941442956E+001
  </DiscreteSampler_grid>
