 -0.00004755816509735  0.00074593657687309  0.00146551644374349  0.00219754905938215
  0.00290339544521721  0.00354964194372721  0.00420351998597794  0.00484539401129738
  0.00539491265470249  0.00591393113690893  0.00645843345377809  0.00701326193073256
  0.00757433991284459  0.00812239146097198  0.00863752413567461  0.00913736827343872
  0.00961979500882366  0.01015197521430563  0.01065748436507787  0.01123456552089682
  0.01180563216930794  0.01244158836346192  0.01305986953684433  0.01369425275718963
  0.01435806019423622  0.01513125506770594  0.01595136307165601  0.01673081471093151
  0.01746977371830862  0.01820519284118761  0.01924671656313171  0.02000688960911860
  0.02059815605323646  0.02123200287279542  0.02181869786983617  0.02234106501953470
  0.02280262900784060  0.02324698012446734  0.02370424993497306  0.02418911523224624
  0.02470966527789821  0.02521750424649102  0.02571917133456690  0.02620868740662338
  0.02671016665065128  0.02726879029525043  0.02780974873634857  0.02841605663634266
  0.02894544044380068  0.02947121993776707  0.03011224089695899  0.03075984873283478
  0.03140661800434009  0.03208757774998010  0.03283559138818218  0.03368708738983166
  0.03457998053810120  0.03560289674192629  0.03653968041059588  0.03727411823179007
  0.03808869572952809  0.03889178526646277  0.03967370460527216  0.04046295144072835
  0.04130219519192004  0.04206919428022794  0.04283660665965559  0.04366721782284978
  0.04451453158968846  0.04528942446272784  0.04608291164552811  0.04690929259722958
  0.04764215052966349  0.04830419741761940  0.04898000079363467  0.05014678477817420
  0.05160271110926100  0.05325783128362533  0.05488372504430522  0.05637423315592909
  0.05781152808231127  0.05926270183315396  0.06092961394341933  0.06343608531102247
  0.06706759087126700  0.07317213169816686  0.08031127272698260  0.08742661046847583
  0.09301804524657734  0.09791945731790554  0.10123246088841314  0.10613054616661002
  0.11277641950034406  0.14116959111039284  0.21808813245739483  1.00000000000000000
 -0.00420068765515428  0.01370367123135685  0.02594618706769076  0.03630896418984861
  0.04643676067583909  0.05698003602633653  0.06844428733084931  0.08033777386976998
  0.09267551848329446  0.10446998102608016  0.11486180646637155  0.12455771625728673
  0.13314499509815655  0.14146026753112276  0.15024969595745763  0.15816270138526453
  0.16655938608919443  0.17752246871868177  0.18941711265025915  0.20086657865316990
  0.21115364467538705  0.22068291225407932  0.23030221605233084  0.23950197135041401
  0.24888086847635016  0.25873541904252767  0.26805160914955090  0.27897488910033708
  0.29149229076819905  0.30511429359426578  0.31978414334700822  0.33230492309122639
  0.34043145505960276  0.34774583741514720  0.35586830042472845  0.36536589712746154
  0.37505054719711589  0.38433117736158018  0.39328168289233573  0.40221379910702465
  0.41139326004230392  0.42075353470612997  0.43055205348252867  0.44016034569918627
  0.44852421671700526  0.45834039608447424  0.46854083451622724  0.47738902893598156
  0.48423882596396112  0.49090146650465416  0.49765338290059957  0.51160127049842796
  0.52363977852907595  0.53477214817545360  0.54512851739406631  0.55576213623829285
  0.56729577299958245  0.57851655995052376  0.59138648476772293  0.60276313417000871
  0.61436119375121223  0.62541506208658604  0.63633403906935826  0.64602843701107049
  0.65518639762958009  0.66455455178151812  0.67448314332930048  0.68466862008147633
  0.69490273746183939  0.70563870922713712  0.71547747226903613  0.72679994603805709
  0.73801134407212898  0.75054316105340269  0.76304804108559543  0.77500116100646321
  0.78793317629112003  0.80299791697030320  0.81934937125475793  0.83354679082093264
  0.84634627207085089  0.85798974390326355  0.86888663911852726  0.87829927221259507
  0.88761485662582040  0.89836617745462455  0.91106502121632726  0.92313942557109618
  0.93616558640886638  0.94562726164994015  0.95552905214671580  0.96361630879904725
  0.97194283512403101  0.98088938669338532  0.99013460895789440  1.00000000000000000
 -0.00687027878741114  0.07870668725603884  0.13323539605182627  0.17935975743259186
  0.22375003775612151  0.26330176688143725  0.29748654634033495  0.32662825269585177
  0.35145119104221223  0.37540930472608031  0.39829505250120001  0.41863199579435567
  0.43713100733562293  0.45399530085719403  0.47126847076344797  0.48861197883714447
  0.50376223973593659  0.51882519455266485  0.53184642552462347  0.54373984831185074
  0.55560574685119002  0.56767621394183743  0.57945618708439284  0.59133806074384188
  0.60334769647539521  0.61465076341985425  0.62491098584254567  0.63366157037784065
  0.64225719713392915  0.65049559652672162  0.65782454480706432  0.66442243421055680
  0.67074805952277261  0.67702490904002710  0.68329137675415785  0.69023715687292986
  0.69786437102631882  0.70552500050407585  0.71309628914293111  0.72126241603493013
  0.72969025339102989  0.73770591430853816  0.74740934353020994  0.75439483886218750
  0.76091363058671280  0.76691990135947108  0.77269522906619159  0.77861607135106570
  0.78492530526123916  0.79125713484594917  0.79752208559588567  0.80268440532921703
  0.80793816330638846  0.81322227844777650  0.81846721120142318  0.82415576940372870
  0.82984832312725887  0.83499488269344235  0.83884655965681865  0.84328649555918267
  0.84741240000600226  0.85141005161537153  0.85552512149653237  0.85958138252230409
  0.86342381903059817  0.86713215373482111  0.87067076079930517  0.87390633702108367
  0.87692274964818351  0.87978080546405302  0.88261724409089526  0.88565224112136187
  0.88860217477228265  0.89125275814732940  0.89394051106903760  0.89695618400974020
  0.90023463162133788  0.90349442259368762  0.90657939294554402  0.90961637325097866
  0.91274919756693829  0.91606908076043159  0.91952689782782460  0.92314141280313911
  0.92673322638503641  0.93055572417944676  0.93420093653028724  0.93779779533517460
  0.94170102731669680  0.94596184474611622  0.95072671705133704  0.95634315153237126
  0.96358610634552977  0.97220935729907876  0.98281543010516714  1.00000000000000000
 -0.01303981726963707  0.08872872951168254  0.13210267789449121  0.16238289913301399
  0.18644802373659700  0.20519415502851587  0.21832197477365478  0.22973519457216027
  0.23992004528691768  0.24905096598162685  0.25664226111730448  0.26361311616051730
  0.27090559826049476  0.27834532860222688  0.28474919819339961  0.29074793151215994
  0.29657790941277834  0.30301826274644850  0.30991728487863662  0.31958020851433933
  0.32968455294662646  0.33767210896358929  0.34388677871648038  0.34989664279417881
  0.35577285971335543  0.36197501027685419  0.36849927556801443  0.37500019419639052
  0.38135301327548782  0.38696109910974952  0.39271525999195706  0.39850840355499512
  0.40492161168559115  0.41210199273603398  0.41977924351755491  0.43044585812304720
  0.43913594774042369  0.44701412099688081  0.45383498475826972  0.45978345395116738
  0.46537612518450583  0.47074672082813651  0.47663040192928835  0.48291525071342251
  0.48882688889966308  0.49491614430607683  0.50116043602843596  0.50714964308381372
  0.51428482209536253  0.52031097707699747  0.52624625597271713  0.53244858390727456
  0.53890068246879519  0.54498818507408886  0.54997706269085656  0.55429762850911557
  0.55827232701009666  0.56218026516130315  0.56642435392085677  0.57104837128571717
  0.57605680872475451  0.58106505094301542  0.58593159371148873  0.59047687321040476
  0.59485115824267853  0.59976150145666596  0.60491968372136729  0.61151516120839577
  0.61808461144453886  0.62410238125363826  0.62987126338613941  0.63510184953322790
  0.64057157541918830  0.64629061858181136  0.65257763460766482  0.65952010790551219
  0.66639868589192808  0.67417968820007834  0.68224029110858764  0.69025971755256099
  0.69823557346155762  0.70607247401445750  0.71414394219937394  0.72251565480088575
  0.73122585240955218  0.74031799754628369  0.75044291136789354  0.76277219844018251
  0.77737140306112296  0.79324371784364811  0.80857523900364703  0.82440063750852144
  0.84038631937371799  0.86278752340558584  0.90086545433322918  1.00000000000000000
   2.9024160140346049E-014  -1.0000000000000000     
 F F F F F F F F F T T T T T T T T T T T T T T T T T T T T T T T T T T T F F F F F F F F F T T T T T T T T T T T T T T T T T T T T T T T T T T T
  <DiscreteSampler_grid>
  grouped_processes
  1 # 1 for a reference and 2 for a running grid.
  10 # Attribute 'min_bin_probing_points' of the grid.
  1 # Attribute 'grid_mode' of the grid. 1=='default',2=='initialization'
  0.0000000000000000 # Attribute 'small_contrib_threshold' of the grid.
  0.5000000000000000 # Attribute 'damping_power' of the grid.
 # binID   n_entries weight   weight_sqr   abs_weight
    10   10   1.270871451555954E+002   1.507953252610864E+005   1.270871451555954E+002
    11   10   1.270871451555954E+002   1.507953252610864E+005   1.270871451555954E+002
  </DiscreteSampler_grid>
