 -0.00004006939885290  0.00078411810635143  0.00158041182503703  0.00236039074073912
  0.00313157443191228  0.00385354622608470  0.00458097836641651  0.00528041874171326
  0.00595121645926355  0.00658334211196569  0.00720525287389832  0.00789144280346770
  0.00861350042229243  0.00931514293085778  0.00995170899932767  0.01052486469755039
  0.01104032373288809  0.01154814093471397  0.01206233085604113  0.01257361590450412
  0.01309999038755830  0.01367666921220649  0.01422033318218414  0.01485824682788117
  0.01562817028284844  0.01636273882302912  0.01711293026745609  0.01776797301246147
  0.01830100271162675  0.01878321583217778  0.01930163337857328  0.01984187127472170
  0.02034638658455179  0.02084013854748995  0.02132402685647276  0.02185933413166930
  0.02241475628382102  0.02296714274960967  0.02346994708580027  0.02391853390437281
  0.02439493637458185  0.02493309194885118  0.02549262576224106  0.02604598280756855
  0.02656089794183430  0.02708336486038503  0.02766262867435239  0.02826922450806698
  0.02888403475771283  0.02948210108078547  0.03015775828036079  0.03102922414621894
  0.03222937760523973  0.03385997558585928  0.03488028131271975  0.03578672574070375
  0.03668916538709138  0.03780759611823217  0.03897250317653696  0.04012538907959784
  0.04121078225228048  0.04222394018188796  0.04324029046198510  0.04435325841155015
  0.04544475698079284  0.04650699264108200  0.04759930288663769  0.04871928336715393
  0.04988039629426973  0.05091259229875684  0.05198032529936158  0.05313117768841549
  0.05457394261943464  0.05661343291643271  0.05821637738279462  0.06017983792268309
  0.06251419690766227  0.06484691158793371  0.06788460000610921  0.07144372456757445
  0.07431796872773588  0.07653226060354423  0.07826824619619650  0.07975190813145039
  0.08101788125092320  0.08261958127860229  0.08551745700197505  0.08845829143247798
  0.09146530046156004  0.09419438964109816  0.09677108182084958  0.10139989594698973
  0.10712998258828946  0.11480105209788079  0.13065136061788316  1.00000000000000000
 -0.00379627252090493  0.01252417413713322  0.02576566851559093  0.03997865349945003
  0.05472628362537238  0.06785403538525885  0.07916854999834676  0.09056051221915544
  0.10255471868111625  0.11207361782372613  0.11896948941405214  0.12533967666465817
  0.13222232892526420  0.13994333015134938  0.14888915540027892  0.15668980450711495
  0.16372274956705304  0.17370194168433920  0.18575620076153368  0.19934040465467076
  0.21351034085598916  0.22799303866132795  0.24267887557208018  0.25731817049463462
  0.26733540674955697  0.27790109172294059  0.28735900287010463  0.29539379081060901
  0.30444389909438940  0.31284913099884404  0.32073501499986168  0.32849824974457192
  0.33618315316833852  0.34569654461363430  0.35512453165153329  0.36438723272731566
  0.37334961852149245  0.38241395265514699  0.39111205856243331  0.40020262244005034
  0.41053047613219329  0.42415384336664996  0.43788119122863794  0.45108592318364066
  0.46333818626828022  0.47384120563263749  0.48652153464113490  0.49999788197107736
  0.51373417560102286  0.52744950579360550  0.54207741091468686  0.55505048604955898
  0.56639319561918489  0.57696376071764188  0.58648801310886345  0.59464520459226888
  0.60236687179728787  0.61220353649511117  0.62418295509809385  0.63597534824272717
  0.64750419310210350  0.65936071893393100  0.67045352679892223  0.68103105450559176
  0.69610345133566665  0.71443489226022483  0.72574688997729675  0.73480833643212395
  0.74345843275229817  0.75261129576232144  0.76142457329896762  0.76806598680463223
  0.77634888371627331  0.78424811000198769  0.79145432072883581  0.80147174473789207
  0.80889050905661697  0.81637494323057569  0.82397512821442076  0.83265799517691952
  0.84133680923576482  0.85017083622657985  0.85816827454805045  0.86575627223766072
  0.87349239918595878  0.88275011978281559  0.89252810699442897  0.90473786092584985
  0.91907366101902610  0.93281763792040195  0.94404180451927622  0.95318521509484377
  0.96315128039242137  0.97491889279821176  0.98734432506171821  1.00000000000000000
 -0.00838445404842370  0.09639876523260137  0.16521791673990260  0.21903766587216383
  0.26725553011749004  0.30918841153914051  0.34358911953113086  0.37619707389914497
  0.40412666006247466  0.42861294705035663  0.45130026003573809  0.47536713179588824
  0.49971037216216574  0.52121808936578706  0.53792469285201394  0.55483109774630579
  0.57068686533600155  0.58470081157941389  0.59817114594812770  0.61077541737868368
  0.62252302330193643  0.63484910552932505  0.64739808764918505  0.65893126105047317
  0.66882158591273910  0.67826668285063685  0.68708796909447545  0.69560238820573617
  0.70399912215419169  0.71113365685855501  0.71843997424819739  0.72615416010597733
  0.73430841981899064  0.74194430508502540  0.74889875072049272  0.75497842858385567
  0.76081311726162582  0.76655000118449523  0.77193637543819338  0.77730537779008835
  0.78291464835620450  0.78860426775144943  0.79409448074010103  0.79854933046119392
  0.80296066077507511  0.80779471347630571  0.81236193372171284  0.81632259564962983
  0.81983296419494189  0.82321567028693143  0.82667030277474851  0.83027234514644155
  0.83409720294189948  0.83800563688425256  0.84196925529246913  0.84579189596306270
  0.84919930143275080  0.85220298285650242  0.85511658873122975  0.85824251482037950
  0.86150883336154760  0.86491942041620162  0.86831063973459488  0.87124692382703484
  0.87394965954243087  0.87711496583911397  0.88050709224614887  0.88361069831236094
  0.88692769018351036  0.89030786165522979  0.89375771217649558  0.89766165372466289
  0.90173473681024285  0.90556537236576162  0.90892920402095345  0.91187545923976310
  0.91486992110238730  0.91796606961546579  0.92120044314703164  0.92465819274531380
  0.92798654401745384  0.93118801936047335  0.93413320775916653  0.93698008181578052
  0.93964869035506471  0.94223226843499330  0.94491018081955702  0.94767036730498833
  0.95095403681694113  0.95495978774442225  0.96023505271214382  0.96459158749473839
  0.96912254859372249  0.97409345602674824  0.98090601674307187  1.00000000000000000
 -0.01585052438889324  0.11883121198211637  0.17592473152110036  0.21741969868287481
  0.24324669505978055  0.26751032990922380  0.28996482738530094  0.30561073321209065
  0.31932324665963746  0.33033387461531583  0.33980191708062735  0.34834148623953931
  0.35725301908594909  0.36701051150698638  0.37723060037762252  0.38684417767166934
  0.39663551185471357  0.40654284164161997  0.41479790346177464  0.42083845644867618
  0.42588923590864947  0.43159250912024699  0.43690332907871365  0.44132638821106085
  0.44540484724203611  0.44906094035334182  0.45258052268955185  0.45646279130738443
  0.46078247639739495  0.46538843653784129  0.47010401203673979  0.47450249811192952
  0.47856073795648285  0.48301977653594752  0.48790138094969077  0.49306357466544204
  0.49831428564128100  0.50452707106480388  0.51150783994767623  0.51839680720863313
  0.52482643069941803  0.53010601781574884  0.53531336456086587  0.54092221317700273
  0.54676879831454195  0.55285873183852785  0.55948924619474139  0.56582009514388187
  0.57204450017172093  0.57737445678068200  0.58274562317000322  0.58870769383226929
  0.59477310901007419  0.60148392700667008  0.60824572991871551  0.61445558000630973
  0.62017476159755025  0.62567229167678384  0.63126918119292863  0.63745183503183711
  0.64271618773582195  0.64745920258132772  0.65162076204145436  0.65495646761338033
  0.65911741060944695  0.66348578759067312  0.66824176460210472  0.67270748986445095
  0.67685222198223682  0.68078564049321910  0.68464002297188897  0.68884273055408629
  0.69362051535464586  0.69968200206017384  0.70559550982064179  0.71313229304251147
  0.72132300829352514  0.73019168870758910  0.73935098526851839  0.74739259114324297
  0.75339784883969552  0.75862171606866646  0.76390491411859462  0.76944044442469928
  0.77633909077527241  0.78464110887570837  0.79319248150742783  0.80091895625988363
  0.80875680656422200  0.81863416213729567  0.83113057470652285  0.84345940090761384
  0.85851359219381851  0.88140237824519196  0.91705325033249729  1.00000000000000000
   6.9059444103212395E-013  -1.0000000000000000     
 F F F F F F F F F T F F F T F F F T T F F F T F F F T T T T T T T T T T F F F F F F F F F T F F F T F F F T T F F F T F F F T T T T T T T T T T
  <DiscreteSampler_grid>
  grouped_processes
  1 # 1 for a reference and 2 for a running grid.
  10 # Attribute 'min_bin_probing_points' of the grid.
  1 # Attribute 'grid_mode' of the grid. 1=='default',2=='initialization'
  0.0000000000000000 # Attribute 'small_contrib_threshold' of the grid.
  0.5000000000000000 # Attribute 'damping_power' of the grid.
 # binID   n_entries weight   weight_sqr   abs_weight
    10   10   2.600704724011764E+002   6.733763648434191E+005   2.600704724011764E+002
    11   10   2.600704724011764E+002   6.733763648434191E+005   2.600704724011764E+002
  </DiscreteSampler_grid>
