 -0.00005693438581146  0.00108142597748505  0.00198603238125904  0.00280238425007874
  0.00355754756560892  0.00431506732103531  0.00504779895805320  0.00572471634482393
  0.00640243926754653  0.00707604089957929  0.00774316367629055  0.00838095146710734
  0.00897732542038345  0.00954533617175330  0.01011189592275434  0.01069252188255267
  0.01128601567650916  0.01187786656865150  0.01247957855477546  0.01305159374725365
  0.01366375415453306  0.01428641903516344  0.01497742497943688  0.01576330411829410
  0.01651597704301616  0.01723640988472312  0.01800435038140298  0.01884552134356451
  0.01966045411305947  0.02043647120396763  0.02122736804539896  0.02202460498824860
  0.02279507514013042  0.02354927455521446  0.02432325061766369  0.02512418094930424
  0.02590470970353885  0.02666878198706700  0.02748246142672682  0.02842406061953437
  0.02934447996564189  0.03031874990662787  0.03151908585319983  0.03275995968156065
  0.03404497866800666  0.03541201611262512  0.03683577370724524  0.03842039182532622
  0.03983751505579012  0.04098995810281752  0.04188454787297721  0.04269809555701307
  0.04348069004720926  0.04421460832548548  0.04499066508578582  0.04591158603945616
  0.04694505743365780  0.04797723311603774  0.04895031210363475  0.04997084717040955
  0.05098760705442809  0.05209132887338827  0.05312806175531382  0.05409372327838417
  0.05498226518198335  0.05633072703950717  0.05793770426333756  0.05963846932222483
  0.06080376215514943  0.06206660843035519  0.06342704990163962  0.06482252957129930
  0.06630838753023627  0.06747910936105887  0.06945876036132628  0.07142877194000821
  0.07334582342373323  0.07599620707945542  0.08227544013249696  0.08642814118137430
  0.08899252653254644  0.09155639759437301  0.09445218161482612  0.09760067139195761
  0.10141842738457679  0.10530827778906644  0.10796776640796073  0.11596841089856107
  0.12727247762537208  0.14167109197590910  0.17019991862900768  0.19872874528210624
  0.21054276350850024  0.21442873643395111  0.22012436349834980  1.00000000000000000
 -0.00398191621483209  0.01002993990216682  0.01983211155621607  0.02611628343490606
  0.03194604123950442  0.03919669980404245  0.04727811936139969  0.05557921245941373
  0.06332814041047545  0.07083507270301512  0.07783637084620512  0.08621641190535320
  0.09840578666763349  0.11130529780849074  0.12212356105759713  0.13355590987637520
  0.14390769810166218  0.15271466046123072  0.16074685091690186  0.16985316978544640
  0.18077182775890707  0.19265362866812777  0.20525173555763490  0.21714839250472820
  0.22908134357624010  0.23934188594413114  0.24858335997530831  0.25660086461656284
  0.26476929287867429  0.27270750184520126  0.28134339256094437  0.29082307401819629
  0.30129225174163449  0.31230858826351088  0.32459727329611632  0.33741952853804097
  0.34983409474128135  0.36141532935692411  0.37315254495995437  0.38489377545176473
  0.39722799431428374  0.40864525677503488  0.41893163697573288  0.42913251459571300
  0.43917502478700660  0.44888219872480395  0.45959251102959248  0.47125217747414866
  0.48330216544964694  0.49493255918035400  0.50672412613695150  0.51912100223971669
  0.53075093765056180  0.54199978793674131  0.55336425805219980  0.56526511170533589
  0.58024573906608712  0.59527406071534306  0.60770454584740341  0.61790452818309316
  0.62788825732098408  0.63746050500983908  0.64696524535313515  0.65607671394517686
  0.66508827774427559  0.67555370481563415  0.68665980887739542  0.69722954850815788
  0.70704416262627456  0.71560006338874627  0.72483986340753759  0.73415662083112043
  0.74445825015229727  0.75547494241775148  0.76673033704388260  0.77789636415602303
  0.78972454372897327  0.80274406810628030  0.81619162440825888  0.82771437164315464
  0.83913576222084796  0.85174372289584799  0.86389449886378278  0.87562835444664389
  0.88687660141246782  0.89753788704915682  0.90777988419544231  0.91797347714840161
  0.92845269538975794  0.93937522805804918  0.95070405523015467  0.96121145719177181
  0.97108122428806976  0.98042364449366615  0.98962091626334470  1.00000000000000000
 -0.01316913784559974  0.14024733534618641  0.22141396970985838  0.28721967542861482
  0.33556067588158162  0.37258053042825445  0.40480554353995757  0.42953150104508286
  0.45316880820072691  0.47601094069626643  0.49706182339696325  0.51751414095069459
  0.53792067368113861  0.55676037253140276  0.57299337395952488  0.58753164656837598
  0.60178818621990937  0.61544435793997088  0.62902026281453483  0.64208493944069833
  0.65298490262316622  0.66284556914040293  0.67258331407849092  0.68139576666963320
  0.68989614370982044  0.69806464755727027  0.70618088569800674  0.71452814291592825
  0.72316584792625815  0.73123244102479079  0.73893557150351163  0.74649304806633809
  0.75357323048073865  0.75988371119281028  0.76579740266856777  0.77147080861347417
  0.77697685152813112  0.78311860925955867  0.78895517142555804  0.79486718485807262
  0.80083567100528896  0.80658626980129022  0.81181719785083573  0.81698516219343331
  0.82204313004958196  0.82720879551393445  0.83234022390203966  0.83744356157822142
  0.84233119743812190  0.84713001497225615  0.85193523792918358  0.85609729109467514
  0.86058552196751936  0.86475707108007049  0.86885835931748479  0.87298146863111759
  0.87718616381226011  0.88153077349091769  0.88608754143110213  0.89029371645182376
  0.89424164929316974  0.89791391237926854  0.90132547485813941  0.90466957492463940
  0.90795069157677133  0.91115601935475643  0.91426545608236232  0.91721536955964311
  0.91959270426166873  0.92186312200240250  0.92423763552255700  0.92663321171347079
  0.92904430705770658  0.93158136977190220  0.93408020824069105  0.93643239293005887
  0.93856852551473269  0.94059456776554362  0.94259585893634890  0.94471049575954746
  0.94703859775063470  0.94939919152726560  0.95192331254321549  0.95448519527097730
  0.95704755384323315  0.95978439892052414  0.96240799258990450  0.96487169363158154
  0.96737612184327282  0.96987735558189392  0.97243620649780682  0.97494272242089863
  0.97769849290606392  0.98154658957563434  0.98853808448343994  1.00000000000000000
 -0.01303879107848349  0.09031800332024617  0.13771361245987901  0.17301259436535943
  0.19998806587702830  0.21739131538602555  0.23115915836857431  0.24340911378703087
  0.25447030679504956  0.26459903543858881  0.27567723403538569  0.28749694644787799
  0.29812604307466101  0.30735490427872003  0.31615683790701415  0.32479738790338447
  0.33254931460930265  0.33922021163649785  0.34557140423613852  0.35252489238465096
  0.35948761572438659  0.36586998695526718  0.37207937459708484  0.37834884190159318
  0.38457505180830831  0.39074021955867361  0.39713679137505792  0.40353765539774522
  0.41021087625856928  0.41666534631894064  0.42371051844594387  0.43096087172952352
  0.43753683137916993  0.44369347508171897  0.44981942678018955  0.45621795210770705
  0.46292797354238796  0.46995649059000494  0.47656637905246679  0.48255866379566170
  0.48812541470664073  0.49355634915120833  0.49903740372204036  0.50477961466189780
  0.51123806349315470  0.51744938456980216  0.52353265413334849  0.52935376751757002
  0.53492362738497967  0.53998138698380160  0.54461753426052284  0.54907004284677841
  0.55350189981517750  0.55843709279714271  0.56394586348609821  0.56998403673254749
  0.57648937606667816  0.58323047205483236  0.58929320845246247  0.59572914930340626
  0.60220631223694576  0.60860361925326756  0.61482749097886913  0.62057943171284735
  0.62612392355632940  0.63007283838013528  0.63453330673381625  0.63876899642101259
  0.64342507480812283  0.64873674456784125  0.65455033936717866  0.66010673720399238
  0.66536052628662057  0.67063802839047237  0.67594277206011644  0.68115611406499932
  0.68686455380319045  0.69339451124371287  0.70052328705794520  0.70761510788153892
  0.71502648409599334  0.72300005550806512  0.73172016264381834  0.74143933198491119
  0.75110893566251824  0.76067314943588205  0.77068830309716618  0.78102649624934484
  0.79241170178610132  0.80443897475349357  0.81912161175617659  0.83408570926340031
  0.84904471212161092  0.87018567996189822  0.90774324229459280  1.00000000000000000
   1.2305345525297450E-043  -1.0000000000000000     
 F F F F F F F F F T T T T T T T T T F F F F F F F F F T T T T T T T T T F F F F F F F F F T T T T T T T T T F F F F F F F F F T T T T T T T T T
  <DiscreteSampler_grid>
  grouped_processes
  1 # 1 for a reference and 2 for a running grid.
  10 # Attribute 'min_bin_probing_points' of the grid.
  1 # Attribute 'grid_mode' of the grid. 1=='default',2=='initialization'
  0.0000000000000000 # Attribute 'small_contrib_threshold' of the grid.
  0.5000000000000000 # Attribute 'damping_power' of the grid.
 # binID   n_entries weight   weight_sqr   abs_weight
    10   10   3.721869067845534E-028   1.350829007074675E-054   3.721869067845534E-028
    11   10   3.721869067845534E-028   1.350829007074675E-054   3.721869067845534E-028
  </DiscreteSampler_grid>
