 -0.00004133166916527  0.00060473859054626  0.00116033496948317  0.00169162292880732
  0.00220930170131400  0.00270282300118860  0.00320180614544136  0.00373959109858010
  0.00427208355065333  0.00475948041101480  0.00521699796810332  0.00564427752665821
  0.00610140054114911  0.00652509728911218  0.00694062324358851  0.00738827685004252
  0.00782915175458314  0.00824452054520899  0.00864252593461405  0.00903591327699822
  0.00940568859519632  0.00978088416245101  0.01016252836470737  0.01054657908987187
  0.01098228516372024  0.01140564303336858  0.01184947859012436  0.01232421383692640
  0.01281596929686343  0.01337460707097269  0.01392493113979334  0.01433783475656121
  0.01471118937309001  0.01505689308804708  0.01541381934703868  0.01579197098038031
  0.01617110556937370  0.01651614676059842  0.01685649175828809  0.01721579327607444
  0.01757032243995512  0.01793964227385929  0.01830861690912047  0.01867602331448662
  0.01906265065029610  0.01945189432883683  0.01990475402518615  0.02050225292569558
  0.02113231725682573  0.02171325401572095  0.02224755937149725  0.02275615447949551
  0.02324533580250970  0.02367387416017075  0.02408165667464009  0.02448347711239588
  0.02488731543792102  0.02529664875137893  0.02572606216521884  0.02620740108327839
  0.02677460451516972  0.02770628154658028  0.02845822570517106  0.02918973901617557
  0.02997359091455725  0.03089039363679687  0.03202768306925271  0.03318293932344906
  0.03424041757122717  0.03516080321535223  0.03599329533106425  0.03673455030305590
  0.03733284787791073  0.03797346314675696  0.03866497415933168  0.03933618081398269
  0.04028158170116205  0.04136760235812140  0.04244352921999087  0.04441075859866434
  0.04685191644136168  0.04969390278057310  0.05121034916339948  0.05279101575931106
  0.05550731673220868  0.05871361441859439  0.06055741716235359  0.06183180105674717
  0.06284640766331172  0.06392167512554507  0.06513150385047319  0.06663001448271805
  0.07486336604695315  0.09863454975377431  0.23542897598963766  1.00000000000000000
 -0.00276848475347565  0.01107136884326551  0.02239254070394916  0.03465542117207566
  0.04483016212424971  0.05474688483383030  0.06659302077331848  0.07974697395510928
  0.09345153686143864  0.10659649483769601  0.11926555486801081  0.13263248049743548
  0.14639210235717129  0.15957430426359434  0.17040630663934142  0.17909091382025766
  0.18769395054835886  0.19737640370193563  0.20753602827413345  0.21758453924851071
  0.22639838628973538  0.23883695112879455  0.25284934514776070  0.26443993787030834
  0.27473888774826882  0.28518301307045663  0.29592043720663236  0.30738113477839968
  0.31969841573628099  0.33291994965796345  0.34714682011452036  0.36041509993922666
  0.37243830150675378  0.38394201160148345  0.39314558695998436  0.40217799456989095
  0.41165115661420221  0.42154185013952344  0.43030432377891520  0.43882850791677425
  0.44595226618015055  0.45326077165906359  0.46117876733078239  0.46970613817302820
  0.47776620252441332  0.48671624309793143  0.49682361577434386  0.50603004648776839
  0.51406337398633750  0.52182069738931891  0.52905215731920008  0.53618234166596968
  0.54366185589783234  0.55135972209395190  0.55979306209206381  0.56907280213882061
  0.57799594462830473  0.58777905008157116  0.59932779308138906  0.61032585465286071
  0.62120267692291375  0.63358878451701550  0.64853872077837882  0.66324858611291360
  0.67605775037921578  0.68774355865295400  0.69745399554284038  0.70748294649871279
  0.71814228643803257  0.72852300656881974  0.73841903220637561  0.74794112733007112
  0.75702029220107758  0.76593082311912308  0.77459209966193454  0.78340551884791321
  0.79237471301045326  0.80094903968592313  0.80968457305181174  0.81989682604486602
  0.83135713325932969  0.84240824181777429  0.85168620233986303  0.86102087219855383
  0.86997740771104104  0.87864404800563400  0.88689911637920815  0.89559804746444061
  0.90567271210694178  0.91613742105600038  0.92638985607246049  0.93715422943470528
  0.94982258941613618  0.96499001280889785  0.98097351622203344  1.00000000000000000
 -0.00552710114133308  0.07193228060926855  0.12884408784222176  0.17259597796256590
  0.20848768105999035  0.24046092836042876  0.27049780201473372  0.29656249848277344
  0.32043828060192536  0.34383945250922410  0.36504348979543494  0.38614950028213052
  0.40668054270531528  0.42746242468365930  0.45135290131678074  0.47214616389992586
  0.48752516595475398  0.50004690570994803  0.51263569184194646  0.52455723172120861
  0.53511895863781622  0.54512073202686762  0.55566458762339743  0.56642605462798390
  0.57737248372049876  0.59090328193788044  0.60597867748979839  0.61847558537322489
  0.62906265201744282  0.63895864216661413  0.64753068904554500  0.65552930129446130
  0.66279475377343711  0.66958454234995268  0.67614613578085814  0.68252964663979876
  0.68869600544168619  0.69449556827285042  0.69989995869812516  0.70526324303944854
  0.71034975825358249  0.71498801562881020  0.71951216760460968  0.72428812430640344
  0.72913864945690110  0.73492291802435894  0.74086472361039257  0.74658548481765774
  0.75326334177976340  0.75944790072548085  0.76541468826612313  0.77134029998942577
  0.77724585250370948  0.78241419330832751  0.78741817951205517  0.79203975172634167
  0.79597777159728933  0.79996875598922468  0.80397600900194821  0.80797904157801403
  0.81179325542962433  0.81539184897997719  0.81918961582897942  0.82288331522340052
  0.82647009232446811  0.82997610653320464  0.83369860461927436  0.83756833674005693
  0.84155763555451457  0.84558698876599636  0.84932623228494641  0.85325931722660830
  0.85707805461608821  0.86048523298849589  0.86354579837612278  0.86664307857889344
  0.86992031687836835  0.87329837680142164  0.87699130919560153  0.88108012666859803
  0.88519710282877084  0.88904916956102442  0.89352881349244362  0.89804572813399275
  0.90308631448381882  0.90775767215044012  0.91164435209374217  0.91553852921410905
  0.91999691330991451  0.92539491024186493  0.93176894206470284  0.93853367151383271
  0.94503087632708871  0.95195286807668744  0.96377720230810426  1.00000000000000000
 -0.01995511971940413  0.13085496843964053  0.18015378792052728  0.21359619575301117
  0.23616701011474298  0.25606250429552713  0.27629017981416432  0.29693892525344595
  0.31484689025067003  0.32956195084551110  0.34189063217714499  0.35286563575785629
  0.36387108280537239  0.37445404911513613  0.38317002946878703  0.39062260650950820
  0.39796627043587551  0.40542344733791025  0.41266629407630323  0.41924669024525574
  0.42551170537987520  0.43210193818863651  0.43916533968188637  0.44608604024977344
  0.45244530044577308  0.45895234941021174  0.46668040898041691  0.47469213627777701
  0.48195980518276788  0.48829519133910748  0.49421492138822637  0.50024763397908567
  0.50569075876926983  0.51129816873843492  0.51710168011828306  0.52315680220790151
  0.52947126554275004  0.53571305713620232  0.54157398701486115  0.54687142732016480
  0.55177035405708075  0.55672700230997396  0.56179781545794549  0.56711394322360953
  0.57211788948007491  0.57656557483598281  0.58088030031473248  0.58496324217806839
  0.58884868855749650  0.59286556670478796  0.59694993604312963  0.60123241133309357
  0.60594935498559122  0.61116869001116803  0.61663814379440662  0.62218379293954407
  0.62712949756275616  0.63163515776934953  0.63650059057028219  0.64111500051502046
  0.64566603212378892  0.64992030841041493  0.65452560419735362  0.65879065709820517
  0.66289825506326927  0.66711016716444127  0.67152399507288829  0.67629561381861902
  0.68145586966277083  0.68584921236717211  0.69112793435927278  0.69712919303830834
  0.70312986745478878  0.70960931768184710  0.71667363827924979  0.72364918298660275
  0.72974649753213694  0.73528190689725481  0.74067146128292083  0.74697500206436662
  0.75516493753437741  0.76497135786537918  0.77436887755557660  0.78203059045167944
  0.78936774004779142  0.79711482003391665  0.80558499655904636  0.81455507221353129
  0.82427860544453946  0.83565316279498347  0.84871816945352385  0.86192467011951834
  0.87460684022031565  0.88993502348591158  0.92173300728482011  1.00000000000000000
   1.5600687560691319E-027  -1.0000000000000000     
 F F F F F F F F F F F F F T F F F F T T T T T T T T T T T T T T T T T T F F F F F F F F F F F F F T F F F F T T T T T T T T T T T T T T T T T T
  <DiscreteSampler_grid>
  grouped_processes
  1 # 1 for a reference and 2 for a running grid.
  10 # Attribute 'min_bin_probing_points' of the grid.
  1 # Attribute 'grid_mode' of the grid. 1=='default',2=='initialization'
  0.0000000000000000 # Attribute 'small_contrib_threshold' of the grid.
  0.5000000000000000 # Attribute 'damping_power' of the grid.
 # binID   n_entries weight   weight_sqr   abs_weight
    10   10   4.263846489804054E-014   7.533128583396225E-027   4.263846489804054E-014
    11   10   4.263846489804054E-014   7.533128583396225E-027   4.263846489804054E-014
  </DiscreteSampler_grid>
