 -0.00040677461014832  0.00214969835551226  0.00361253997585522  0.00506793228730142
  0.00668309658612911  0.00865926110789731  0.01064494847916859  0.01292617165073260
  0.01539734308912548  0.01800361410801321  0.02091157960848392  0.02400396133403290
  0.02720018792662471  0.03048852370497725  0.03414535483303443  0.03815941074254866
  0.04209425630125148  0.04615177872295693  0.05046366327852894  0.05487341397262109
  0.05928221026210605  0.06403179574749665  0.06901997366792494  0.07416281652948041
  0.07931001731678343  0.08458341425573909  0.09006635772351899  0.09597360288541056
  0.10238831961341220  0.10889213708040608  0.11520432862598357  0.12153502239773778
  0.12835023562962813  0.13543871312482594  0.14290270702612082  0.15043529241310072
  0.15811828760554408  0.16608262405556726  0.17433482691313268  0.18298339702800553
  0.19193713179909755  0.20115754763130719  0.21070939794002883  0.22071561359973801
  0.23126206023996140  0.24192704652578664  0.25272073865325678  0.26382718211051465
  0.27516989182526536  0.28742311916530400  0.30055365114234628  0.31481493593662613
  0.33011067710413122  0.34653708939188649  0.36451331750297250  0.38493146287758107
  0.40706811106969887  0.43008624135909679  0.45361637443963732  0.47802014627826173
  0.50313371746955271  0.52884295924007962  0.55393443144347554  0.57850240695362498
  0.60155151481371993  0.62347324814367455  0.64451292652048564  0.66466500635061998
  0.68355200069694699  0.70081747461731969  0.71715578478611164  0.73307847719182340
  0.74867801724528604  0.76384592576016452  0.77812310704218890  0.79165325471056347
  0.80466368832185720  0.81726638633435489  0.82944066973089392  0.84149673321732454
  0.85349598870802112  0.86533203415157844  0.87681378608033023  0.88769573880613073
  0.89771654913421217  0.90750633753008370  0.91715962017158381  0.92663111702472223
  0.93589993564201712  0.94516718373364528  0.95442292864768030  0.96364337952468759
  0.97269681758471993  0.98179684379116405  0.99090471192495155  1.00000000000000000
 -0.00196270413519127  0.00878130342769542  0.01752097480827843  0.02675854600220461
  0.03620329715679942  0.04596423682565898  0.05588764322232976  0.06570897156065122
  0.07598302375578478  0.08612720257565236  0.09600046527865748  0.10610869443327828
  0.11638892689720046  0.12653034664047441  0.13655992463883945  0.14694027715617852
  0.15819280261043941  0.17008551124275606  0.18207447603881100  0.19428469098951670
  0.20637593676593119  0.21759892949715301  0.22821368789303120  0.23820460902011500
  0.24782919423677310  0.25755047951817672  0.26728668976213704  0.27745784650035910
  0.28819775597948921  0.29913674465595452  0.30990341578678315  0.32013043401092911
  0.33031886045636466  0.34010591094888259  0.34942697965323671  0.35922588501554825
  0.36939177673395795  0.37939104200469587  0.38897712754104269  0.39899042394626649
  0.41003387028687738  0.42132067906694420  0.43191541186933580  0.44216011567655722
  0.45234511275404399  0.46303941297449608  0.47386926971475335  0.48420002475038609
  0.49444827594991780  0.50470762997280061  0.51490629632990748  0.52519345425588804
  0.53559429281717774  0.54642577635440226  0.55738022708073831  0.56880048221199675
  0.58002398463109861  0.59050857435921689  0.60046212932228127  0.61087368268433295
  0.62145183013033356  0.63194075828355067  0.64236980316222503  0.65373300041299465
  0.66574625089591533  0.67639888757920497  0.68686614769793952  0.69672895643200727
  0.70823318034684057  0.71994769783334212  0.73104345226575673  0.74150554450574768
  0.75252493239764318  0.76414414684998788  0.77522388265593989  0.78549939403926605
  0.79585860705234712  0.80647528816021685  0.81717944509870044  0.82790545117924152
  0.83859596753044752  0.84891505699769465  0.85888865749697119  0.86884573680250177
  0.87904304259980404  0.88937128301503232  0.90005935544414140  0.91100734380637649
  0.92194804768162930  0.93276505185911573  0.94367462694372406  0.95481790781113751
  0.96603815359495904  0.97708324265756952  0.98833651473380690  1.00000000000000000
  0.00142348549447823  0.01653963811069408  0.03166971853881899  0.04456171459679307
  0.05628288460485320  0.06714216176444350  0.07761030814795149  0.08803834343504682
  0.09856504858968403  0.10925505699780577  0.11994372446279708  0.13081113672361674
  0.14155146167312621  0.15255183919776788  0.16358830006547145  0.17435328615915618
  0.18490505380474931  0.19527838287271976  0.20567821190837218  0.21606584669271284
  0.22643450412006769  0.23698075150452685  0.24764613419117115  0.25834660695030520
  0.26885284211999905  0.27870307722433696  0.28764264074593182  0.29685031977443133
  0.30603225030531378  0.31562530964070051  0.32566484302582066  0.33555135854943030
  0.34607266082511184  0.35588110061840089  0.36525921992547278  0.37453101684488149
  0.38282502026453585  0.39111138584081867  0.40012206727637650  0.40979073872873417
  0.41930424462904325  0.42815337525978248  0.43702518060881718  0.44643542810777287
  0.45597686073000615  0.46484390093980898  0.47330079842891176  0.48207096120995813
  0.49127238745788859  0.50083086489474882  0.51043582530574516  0.51998210575432546
  0.52945736311450953  0.53902599106473592  0.54838440150540435  0.55746819714405837
  0.56594741224437395  0.57386445610948034  0.58145244846263877  0.58888951922615151
  0.59632040766742533  0.60387833658189149  0.61148493334208986  0.61922762014769184
  0.62737909514432522  0.63580500201872303  0.64394833888957270  0.65204961921249616
  0.66007304654222865  0.66847751266457767  0.67732675617488280  0.68604524014782287
  0.69484299772270486  0.70384328989609490  0.71295375327230415  0.72219313857027945
  0.73116350958815779  0.74026482996536025  0.74994537031522701  0.76010926531514689
  0.77056239677691507  0.78125010288888219  0.79192182613398343  0.80216379845772545
  0.81259134258356425  0.82324702892030166  0.83378171814500279  0.84392934590232271
  0.85424636701889323  0.86506866292077900  0.87640712122354636  0.88824668094074732
  0.90245675215029131  0.91943778200120974  0.94429160885933117  1.00000000000000000
 -0.02315260965236789  0.13321795811088868  0.17258898850993737  0.19359852829653057
  0.20948063373071571  0.22282587028344311  0.23509380706103017  0.24667617697297711
  0.25682817202365410  0.26632766995416518  0.27513487024462430  0.28336388804466628
  0.29127267995254980  0.29883518594419661  0.30635320878201888  0.31373152631186868
  0.32108991734778725  0.32816258877693882  0.33536154608233815  0.34240185261110223
  0.34927452584176694  0.35588957532117499  0.36182552249681943  0.36782770706191875
  0.37362549689247693  0.37920741259483592  0.38464028432850594  0.39011466263937727
  0.39553681962706322  0.40078157191161279  0.40578745671295663  0.41065828749119127
  0.41548243552356640  0.42046242088219021  0.42577525747682721  0.43102677655354116
  0.43632400712829700  0.44162262267125857  0.44698705009227407  0.45239533626653261
  0.45773191842002436  0.46297597948143704  0.46814406148009197  0.47328837845758137
  0.47840572471006892  0.48347891779218827  0.48853863236407169  0.49360483429917756
  0.49873112614152454  0.50372866131453953  0.50855556146440961  0.51336798100491765
  0.51824670802602157  0.52322712527679360  0.52827719983979715  0.53340716288984380
  0.53848453130643215  0.54363074065431993  0.54882782755598547  0.55391844908510890
  0.55898339628718086  0.56412721487511808  0.56929539525601713  0.57467188563906801
  0.58003989103493203  0.58569828429293924  0.59138905341000791  0.59707859424153764
  0.60279286533998977  0.60861920181101470  0.61454136080483623  0.62050910434698037
  0.62623722373345803  0.63186336470914239  0.63765698958915917  0.64373508113910760
  0.65009122063545655  0.65647124465689055  0.66282859607223932  0.66942976253918307
  0.67645265337764127  0.68373956835533889  0.69111199849942806  0.69857521810366552
  0.70629269761971480  0.71519134589958566  0.72536000801678790  0.73629709744307803
  0.74805833994842463  0.76071940732875953  0.77430097857541136  0.78892819766287670
  0.80650404505256323  0.82887550620286421  0.86805446003290720  1.00000000000000000
   3.3043615440354757E-014  -1.0000000000000000     
 F F F F F F F F F T T T T T T T T T T T T T T T T T T T T T T T T T T T F F F F F F F F F T T T T T T T T T T T T T T T T T T T T T T T T T T T
  <DiscreteSampler_grid>
  grouped_processes
  1 # 1 for a reference and 2 for a running grid.
  10 # Attribute 'min_bin_probing_points' of the grid.
  1 # Attribute 'grid_mode' of the grid. 1=='default',2=='initialization'
  0.0000000000000000 # Attribute 'small_contrib_threshold' of the grid.
  0.5000000000000000 # Attribute 'damping_power' of the grid.
 # binID   n_entries weight   weight_sqr   abs_weight
    10   10   7.090031138201786E+001   1.288556988558785E+004   7.090031138201786E+001
    11   10   7.090031138201786E+001   1.288556988558785E+004   7.090031138201786E+001
  </DiscreteSampler_grid>
