 -0.00037791006754343  0.00186438133226785  0.00315096500534300  0.00440447507535074
  0.00576974793599360  0.00728198796737591  0.00892421243447090  0.01080014861852200
  0.01288782654355656  0.01511893538318675  0.01747787599658088  0.01994233590592085
  0.02262409156065899  0.02531830219328494  0.02805102297532618  0.03098625035079113
  0.03418568601936179  0.03752847678267458  0.04104117360733253  0.04469763658353330
  0.04856278427322933  0.05254330574841946  0.05668836471088240  0.06092274507494128
  0.06539595998874231  0.06984952718139509  0.07448089933953493  0.07934947263791743
  0.08449751583068527  0.08982205846069541  0.09529792766347341  0.10111875831723519
  0.10736027180845117  0.11389313738267683  0.12057268420944801  0.12731177907891900
  0.13422198933638499  0.14182164964496638  0.14980389812863074  0.15844663441823909
  0.16704077381116889  0.17598955957891360  0.18563596588187886  0.19565921795085803
  0.20612896388999827  0.21706329445281750  0.22842916840440361  0.24044315105337807
  0.25274421059304153  0.26511768134906405  0.27779078996158596  0.29102975312888751
  0.30530109495149316  0.32133012496621971  0.33936726752068347  0.35900415032794908
  0.38018718345726643  0.40368050057837629  0.42983381162234596  0.45787289318005669
  0.48735240607168839  0.51712662920908437  0.54730205525355080  0.57487095548641087
  0.60162735211978280  0.62723243349877689  0.65187815105810365  0.67503452593387325
  0.69584616273217736  0.71468930244820772  0.73227615071705066  0.74891612801361140
  0.76496524109555575  0.78031753641408452  0.79430390651765070  0.80767611609733569
  0.82054417630508480  0.83288898836840886  0.84470229447243117  0.85623556665200373
  0.86743013350936782  0.87813321118196519  0.88830066684897957  0.89797983838838435
  0.90749370120890005  0.91685612875253963  0.92608791781966893  0.93508930211973951
  0.94366010006391610  0.95211924562927253  0.96039490297595376  0.96849596588188402
  0.97655150229183973  0.98443172199177109  0.99223260243113964  1.00000000000000000
 -0.00287543596103999  0.01004682836874504  0.02165159772932155  0.03342664201055324
  0.04518438162718910  0.05663097011140151  0.06747457271500308  0.07810169573347688
  0.08891648076376502  0.09975686758728228  0.11055861686691841  0.12144066624952599
  0.13211302737609806  0.14284724839312563  0.15393635388147719  0.16491670779925099
  0.17562809887053821  0.18620363988174615  0.19730463388622063  0.20883520975322717
  0.22015528669088741  0.23128803060172728  0.24169426250491885  0.25182848691708826
  0.26174769492443367  0.27146606329551271  0.28078269489070590  0.29015428784343966
  0.30028562711286644  0.31067923476511433  0.32109122092987136  0.33144205548295147
  0.34335041098238261  0.35511871636928988  0.36577264379769198  0.37623549898299696
  0.38629103265280246  0.39604780834744358  0.40525487448172520  0.41473284162044266
  0.42414766911474067  0.43345129283798656  0.44320632554271411  0.45350335641377787
  0.46402947988658444  0.47495348383463654  0.48489933411137248  0.49470025850589250
  0.50465718026333506  0.51480562313057787  0.52485065039745238  0.53443235207045003
  0.54429033471753852  0.55498366192040105  0.56603385324561684  0.57702100570241299
  0.58772398174961515  0.59850191703771149  0.60932934650486670  0.61953431282020943
  0.62916747356737412  0.63891437693150988  0.64955085564050352  0.66101280910353133
  0.67181151997619504  0.68182821259254223  0.69184890978389180  0.70283993067339623
  0.71434892925156490  0.72613605906460144  0.73774019413422010  0.74932235755607079
  0.76057129264231182  0.77101639825555213  0.78126211423796799  0.79107623479701528
  0.80159472800098930  0.81244041378338805  0.82334612216133052  0.83400166821386912
  0.84403251980109339  0.85488682565169050  0.86594848291241810  0.87682666904140116
  0.88787151799042763  0.89825505234493996  0.90785546312911725  0.91791301876861453
  0.92783293115492105  0.93771666359683825  0.94727617999716984  0.95700376118458108
  0.96797688724633779  0.97914881239592855  0.98981676233270188  1.00000000000000000
  0.00176083644687162  0.01796166196538124  0.03412316503529933  0.04861506903945767
  0.06194886795495332  0.07420968143197888  0.08614654339395848  0.09813769988098671
  0.11038752741433903  0.12298689745913936  0.13599271336927285  0.14901495910033566
  0.16171613619634631  0.17462754171254410  0.18737433836745349  0.20019039316512191
  0.21238779650047149  0.22445266809390510  0.23596456461871315  0.24700136938762865
  0.25722674043467503  0.26716977115032814  0.27734569858043623  0.28770392020800212
  0.29887161627104336  0.30953701816905016  0.32080832872376652  0.33132364468811049
  0.34234119022056669  0.35341076856691594  0.36274625316399173  0.37263303071672932
  0.38137514074227574  0.39037399843919746  0.39906805408123830  0.40770145180861034
  0.41639012846355433  0.42596703523256269  0.43598904143338091  0.44619296933509267
  0.45678404350919666  0.46723549342117415  0.47767458980158023  0.48787475376177331
  0.49788303131135492  0.50687080822608155  0.51536391843883167  0.52377268871404992
  0.53238168596222768  0.54098149209327995  0.54951492380448042  0.55769079221538376
  0.56653633173657836  0.57598408627698661  0.58533188552920590  0.59357169489799455
  0.60125612612629309  0.60908847441785419  0.61735299791674703  0.62570740213957932
  0.63385759576347467  0.64187926911587445  0.65001257781920074  0.65826157939078256
  0.66633963388310602  0.67411146745360240  0.68182975918669253  0.68972315432460185
  0.69821483801508089  0.70706062591370566  0.71563450886618285  0.72391498027550105
  0.73160823477754067  0.73889458290097876  0.74635268403470989  0.75410244367854684
  0.76161223527954269  0.76893010912029491  0.77621900872686866  0.78364558636848625
  0.79138472118968328  0.79958627642780911  0.80792238230514557  0.81637150831673300
  0.82524878081322195  0.83455821374713635  0.84431308914267167  0.85459709143410956
  0.86508093265912955  0.87655499958665151  0.88960819142257253  0.90381939299974356
  0.91875326531074919  0.93634811278967989  0.95969647243513434  1.00000000000000000
 -0.01977585911374223  0.15819473266440415  0.21466788060281150  0.25015530296148275
  0.27667959212126730  0.29801714776984656  0.31698925375426362  0.33437394298030643
  0.34986737932213680  0.36386633942815899  0.37696397313225238  0.38839847849810843
  0.39934644246991069  0.40968270849037597  0.41964002580096615  0.42927588497609759
  0.43865347982187319  0.44783283095743565  0.45668334440581321  0.46500227182638193
  0.47282960797053175  0.48025079284367422  0.48733976374016741  0.49420354867330091
  0.50095939733130057  0.50755038200889091  0.51409105838285707  0.52072925974613671
  0.52751740045233297  0.53438224676121637  0.54108264997281419  0.54719608993018298
  0.55322414740806369  0.55908741388148364  0.56466866977040642  0.57010473808824358
  0.57548884321250171  0.58085035282771025  0.58617181861912881  0.59141391112731057
  0.59657950739683308  0.60177505733400583  0.60714530969135050  0.61269876761942843
  0.61828315424690894  0.62383633819908302  0.62898073222762407  0.63387088215946596
  0.63866714672790870  0.64341587600086014  0.64817100803393335  0.65298200548230056
  0.65784107891138366  0.66269772053665321  0.66756819691254998  0.67227606896834080
  0.67703772666673889  0.68180146775627148  0.68640709236636355  0.69095385455864078
  0.69555179170646686  0.70028796386802039  0.70516289564051582  0.70996172727317330
  0.71441262256222782  0.71883989849114338  0.72310000550440423  0.72738130077543184
  0.73171731456434952  0.73614910865361516  0.74075962570728049  0.74544790986634157
  0.75023552945373584  0.75514498721155709  0.76011644907563869  0.76511550439458453
  0.77024065358667282  0.77563060210240198  0.78108675371003466  0.78639932605803453
  0.79172636766342930  0.79744302172959747  0.80343935156122714  0.80955421964505847
  0.81567013903765062  0.82185452257659553  0.82834252262929253  0.83513749194572384
  0.84339247588451371  0.85223338794287107  0.86277208255254778  0.87448660424157887
  0.88907522690175611  0.90776867860924759  0.93658505441847717  1.00000000000000000
   4.9433242253337884E-018  -1.0000000000000000     
 F F F F F F F F F T F F F T F F F T T F F F T F F F T T T T T T T T T T F F F F F F F F F T F F F T F F F T T F F F T F F F T T T T T T T T T T
  <DiscreteSampler_grid>
  grouped_processes
  1 # 1 for a reference and 2 for a running grid.
  10 # Attribute 'min_bin_probing_points' of the grid.
  1 # Attribute 'grid_mode' of the grid. 1=='default',2=='initialization'
  0.0000000000000000 # Attribute 'small_contrib_threshold' of the grid.
  0.5000000000000000 # Attribute 'damping_power' of the grid.
 # binID   n_entries weight   weight_sqr   abs_weight
    10   10   4.308868499704564E-004   6.985950344733027E-007   4.308868499704564E-004
    11   10   4.308868499704564E-004   6.985950344733027E-007   4.308868499704564E-004
  </DiscreteSampler_grid>
