 -0.00003067886217789  0.00035715815773441  0.00066395978687206  0.00096979275672603
  0.00126845153106175  0.00158822205989953  0.00190187676309429  0.00219564234970232
  0.00250699334582756  0.00284238545685589  0.00315670693747955  0.00349996776382157
  0.00385758932309304  0.00417148419203174  0.00444057761301608  0.00468941193743499
  0.00493757647199435  0.00519619841342048  0.00546152730081410  0.00571480274076538
  0.00598854201652109  0.00626821637974894  0.00654045302625230  0.00682657489082757
  0.00709540381423438  0.00734957052433170  0.00761143720924502  0.00788702306021158
  0.00816811622800126  0.00845556969544131  0.00876612513035173  0.00908385307361013
  0.00939935082573819  0.00964813558028916  0.00987729955865165  0.01010938831440525
  0.01035728768092813  0.01066462405953383  0.01113901082051751  0.01171333651130258
  0.01235094487969398  0.01327153949837285  0.01412619704695076  0.01479422746975480
  0.01505538675029513  0.01536472033900103  0.01569943085361330  0.01601591276164257
  0.01632038810200920  0.01665319564408641  0.01700238242061785  0.01736051450450645
  0.01771213504431457  0.01803307461891093  0.01831741327737541  0.01858786308428575
  0.01886835065621310  0.01902303935251095  0.01916747631414877  0.01931198555559182
  0.01946456733237073  0.02011502455447629  0.02076195079644257  0.02140520376938665
  0.02202103904491514  0.02262252541430865  0.02331072841974763  0.02401426569430817
  0.02442230869436614  0.02465310682720694  0.02482256055862943  0.02497577217605402
  0.02519164226742271  0.02548331344986947  0.02579701660998587  0.02611932299200839
  0.02645549056236783  0.02675824195394422  0.02712773076107471  0.02762540020177083
  0.02795137020003065  0.02821081615508355  0.02849033587483027  0.02877140133761715
  0.02903778403751651  0.02929335154387065  0.02954203645163199  0.02977611297202632
  0.03007508174343056  0.03035794564889559  0.03065872122065429  0.03100121714063846
  0.03140129431706713  0.03179805880367871  0.42629157712147725  1.00000000000000000
 -0.00131864239241906  0.00654953779451895  0.01376397114025680  0.02178639890238234
  0.02898411692568380  0.03413633910050804  0.04004695414311710  0.04923142116197111
  0.05909969033035287  0.06635778519359407  0.07410152548137709  0.08302545547587899
  0.09191082787938354  0.10053091586020989  0.10862837927851611  0.11715743026635909
  0.12653953243026053  0.13604293993451860  0.14469781366913329  0.15282753171229027
  0.16487049724421660  0.17949599980877273  0.19398841713743226  0.20846846449439069
  0.21951569971788401  0.22958076672542907  0.23995754504714639  0.25189239199351271
  0.26675900653960011  0.28008519999646431  0.29065527177791101  0.30000337089333040
  0.31018062227654986  0.32168096526282480  0.33370385497448246  0.34592366851766126
  0.35826173783318993  0.37018317466790152  0.38235728033556421  0.39340271859636788
  0.40374489206440506  0.41363118490938711  0.42282119013026997  0.43217331471622716
  0.44109790954654049  0.44869853992812142  0.45890982786074452  0.47113314728078337
  0.48346853435740028  0.49622331187410362  0.50953258632079623  0.52141138522484121
  0.53046537142429329  0.53914392967435243  0.54968121031507666  0.56180009983690404
  0.57363392540671510  0.58524517037023349  0.59996136517726772  0.61200356744852846
  0.62204884666732529  0.63124607590940518  0.63996318271114949  0.64970646886444650
  0.66012547829661905  0.67226114078452981  0.68548730475848152  0.69862524990269226
  0.71128745862947373  0.72415171803055844  0.73544947299937236  0.74561987045288758
  0.75530869873505890  0.76406748276862890  0.77331929448480474  0.78354707464414819
  0.79336151114651254  0.80462308049855524  0.81752854604702241  0.83118497507584999
  0.84680537169190784  0.85902624167270214  0.87128569731588956  0.88102254581453876
  0.89291181809896247  0.90370792596305194  0.91685931732335257  0.93288392387256347
  0.94907610586241264  0.96046566062594130  0.96816936754853911  0.97460180566287136
  0.98065830058951886  0.98648306621489135  0.99308426785457093  1.00000000000000000
 -0.01639990388413253  0.15992163183486469  0.25813704554588229  0.33469263249216924
  0.39728265902433169  0.44742415984491274  0.48958402011920582  0.52863370483162964
  0.56197733034797837  0.59524023994235287  0.62416314944956930  0.64715526452402672
  0.66710526708592766  0.68786316343440823  0.70909889987496988  0.72936130499128726
  0.74787181625173660  0.76315465037448227  0.77539292541371152  0.78581127273521256
  0.79717055734056530  0.80905113673125373  0.82051947716280260  0.83096618180166293
  0.84085338788654673  0.84968722416653375  0.85813779667860146  0.86627090454697409
  0.87457962017284263  0.88120208744904094  0.88728201381408678  0.89334575985143305
  0.89909332760197169  0.90404961657661609  0.90847454178367826  0.91258495872173873
  0.91638115051054880  0.91970384709511288  0.92254434247953110  0.92527055725639962
  0.92798247676807977  0.93075464548959375  0.93352288599090694  0.93612650691461652
  0.93821784138831343  0.94006459901439843  0.94187721330502172  0.94363110666086181
  0.94559296025859574  0.94768756236853868  0.94969341295032916  0.95153425837569683
  0.95317205590937937  0.95487477160570866  0.95658664141377925  0.95815061657668443
  0.95946747436602331  0.96070752967081252  0.96203685062056710  0.96346769801708954
  0.96520449887024773  0.96690195200977003  0.96821167777749684  0.96934154955749485
  0.97044551492778031  0.97151626800979929  0.97239101088777125  0.97315094819343839
  0.97389400697918660  0.97453462580706129  0.97510188138660614  0.97566885786124591
  0.97625294881990399  0.97686869433600143  0.97742105131379342  0.97796842174678089
  0.97849594143135443  0.97899259721260756  0.97959738675904962  0.98018553434243649
  0.98077344124636678  0.98141406871172177  0.98217143724036804  0.98295885795966653
  0.98374157947565644  0.98443820841369245  0.98512292337216201  0.98585577670263869
  0.98666881578390153  0.98758379044228883  0.98876947810420224  0.99024633118116401
  0.99196596152246053  0.99380607670218146  0.99627921480521098  1.00000000000000000
 -0.01487278461677310  0.09353826701060708  0.13486891024077011  0.16264798977348630
  0.18584475373533746  0.20452031854110622  0.22062078369280486  0.23799706398646070
  0.25507746453709307  0.27219391483304561  0.27910560310788896  0.28608209089026815
  0.29257055120583481  0.29812688440090512  0.30384243830524571  0.31013817844654373
  0.31647563266133882  0.32174418804577570  0.32702289847038313  0.33356111955859863
  0.34216675174749839  0.35231771186902910  0.36221578318522141  0.36995952100671381
  0.37700300457189490  0.38368510301716957  0.38974022761128929  0.39522968137555559
  0.40149253290813502  0.40852395554466625  0.41519666135689420  0.42022771734829306
  0.42498253787642809  0.42985476628378561  0.43241790836335070  0.43514023530754287
  0.43808169893461441  0.44123327012645452  0.44526089814074232  0.45114161080129694
  0.45640109956855079  0.46179307305807610  0.46623552416271097  0.47066692596622717
  0.47513284344461737  0.48000405328354745  0.48562642393701011  0.49131327348498782
  0.49675069656482607  0.50189249538634173  0.50731216561064052  0.51337240141424878
  0.52010859514425123  0.52689984796942180  0.53298047957607220  0.53881010909812277
  0.54479929969857610  0.55104866046877221  0.55776013010551539  0.56556862481622305
  0.57260929699893059  0.57892085106740088  0.58575976739808633  0.59352968094101655
  0.60131467102916680  0.60905327903795925  0.61700637701375616  0.62507430433073363
  0.63317635055553856  0.64363712476293589  0.65179823140076276  0.65921246379026921
  0.66632557124021019  0.67289491493489495  0.68081291123822485  0.68968527413513392
  0.69890083554141802  0.70782602322738852  0.71658742591892299  0.72648195556794937
  0.73276790219404853  0.73896310428517864  0.74564481625441892  0.75181551916401623
  0.75571074341737321  0.76213019589126985  0.77120467977267970  0.78213084002940114
  0.79287867212544216  0.80303742532819544  0.81306094269001650  0.82932916906460985
  0.84845967456749716  0.87250929538666933  0.90422134301888957  1.00000000000000000
   1.0010298587657502E-012  -1.0000000000000000     
 F F F F F F F F F T T T T T T T T T T T T T T T T T T T T T T T T T T T F F F F F F F F F T T T T T T T T T T T T T T T T T T T T T T T T T T T
  <DiscreteSampler_grid>
  grouped_processes
  1 # 1 for a reference and 2 for a running grid.
  10 # Attribute 'min_bin_probing_points' of the grid.
  1 # Attribute 'grid_mode' of the grid. 1=='default',2=='initialization'
  0.0000000000000000 # Attribute 'small_contrib_threshold' of the grid.
  0.5000000000000000 # Attribute 'damping_power' of the grid.
 # binID   n_entries weight   weight_sqr   abs_weight
    10   10   1.013483144998914E+002   1.020877682122978E+005   1.013483144998914E+002
    11   10   1.013483144998914E+002   1.020877682122978E+005   1.013483144998914E+002
    16   10   1.013483144998914E+002   1.020877682122978E+005   1.013483144998914E+002
    17   10   1.013483144998914E+002   1.020877682122978E+005   1.013483144998914E+002
  </DiscreteSampler_grid>
