 -0.00003216329728774  0.00059847381099471  0.00113249987636476  0.00164010634493003
  0.00214140266807518  0.00264853385309000  0.00314676308895987  0.00364587879393175
  0.00418028836499828  0.00471104148306057  0.00510711795961054  0.00549964085728188
  0.00592106390556150  0.00635783958625682  0.00687742458899006  0.00735417312732781
  0.00779779544759777  0.00824369695693848  0.00870481900321502  0.00912315987721365
  0.00952764921278595  0.00995036819467032  0.01037731699124332  0.01080418564047738
  0.01123901039499776  0.01165859007041077  0.01207955971699233  0.01250231568203723
  0.01294000306678436  0.01342403909666204  0.01392140943884709  0.01441369580492199
  0.01491319352227330  0.01539352649623067  0.01584441594676583  0.01642838511719042
  0.01703507123512719  0.01763302116365527  0.01823578425406988  0.01883882534281363
  0.01949288946373559  0.02090489204371076  0.02188985549870282  0.02265512766551882
  0.02333603370241010  0.02391378967972237  0.02446882789050034  0.02494254000243570
  0.02548285257538881  0.02606242626842376  0.02676767163723423  0.02754852108727601
  0.02841024109925326  0.02923459819139301  0.03043399021088511  0.03210385800761646
  0.03292486776175779  0.03371597864321829  0.03450458674779677  0.03519139312880563
  0.03593449074025239  0.03659656378012758  0.03733634276240359  0.03818994885250961
  0.03882864642239811  0.03931809421782910  0.03982744184100551  0.04033738076808005
  0.04088535572135540  0.04142779565980222  0.04197278844807265  0.04256668815914797
  0.04319481367415360  0.04389537131073391  0.04451849700255031  0.04521667557994238
  0.04586369215804745  0.04646398458361624  0.04705541239522035  0.04768565184993125
  0.04837214058394500  0.04883925588653407  0.05015333556034059  0.05198800151282028
  0.05426567117451641  0.05758867603158208  0.06091168088864776  0.06367658607637965
  0.06643769925297255  0.06913886734498546  0.07180240797680233  0.07548584404532216
  0.08439526910412658  0.09330469416293100  0.16834303179601937  1.00000000000000000
 -0.00381711140441716  0.01429650212307714  0.02756795883694965  0.03939804547019243
  0.05162958201004638  0.06304490977659423  0.07354024988037924  0.08474228361585999
  0.09789860878330517  0.11208700359181489  0.12602792936024174  0.13919050885242554
  0.15164146779151746  0.16432744338049682  0.17690891369937603  0.18834352927021933
  0.19896547208882623  0.20886762933431519  0.21747374033093819  0.22593290065861973
  0.23389189130692667  0.24169353897078649  0.24835615022207744  0.25655395826620353
  0.26446611116905583  0.27239307505345167  0.28199996864590526  0.29273498866882369
  0.30454417474401418  0.31654900424915589  0.32671171006977096  0.33755749636142218
  0.34642062970306747  0.35388062212982407  0.36102507501620912  0.36819742105929820
  0.37723867771789449  0.38698131843245298  0.39697540532127062  0.40785947369247605
  0.41787284039855582  0.42656680303572669  0.43523679100190854  0.44508803239077399
  0.45530879028570487  0.46507536219735046  0.47451967100094317  0.48507901119473246
  0.49682785723748546  0.50962014865934291  0.52244388733224834  0.53305504870340137
  0.54343411819134613  0.55538322120966999  0.56838801805942407  0.58320316131211736
  0.59793366940859638  0.61290647290904410  0.62645927177384109  0.63697156035226021
  0.64742154969497245  0.65697998249732070  0.66613325545861357  0.67491271028863109
  0.68319544999301751  0.69185338936283791  0.70076726336403372  0.70968961836493294
  0.71812896656962877  0.72640735699910108  0.73529423244858616  0.74493168148771061
  0.75648361800510455  0.76959329949266786  0.78333656808019325  0.79704314752395722
  0.80970921912743798  0.82203946241577808  0.83543373403805554  0.84890497050968672
  0.86083496494106637  0.87224330058157984  0.88187601725584808  0.89161343241354640
  0.90107448860567085  0.91064781608331180  0.92013330283381933  0.92822874046902115
  0.93644629710320171  0.94516474453133370  0.95316201631037811  0.96171525833950533
  0.97077131244345805  0.98006283405135619  0.98985956724633639  1.00000000000000000
 -0.00519001258122858  0.07177343957906097  0.12066632138973510  0.16209406892356079
  0.19935712969938371  0.23382710013069902  0.26441194388402900  0.29163426553044136
  0.31625909867943047  0.33985507406872995  0.36366042059563608  0.38442190253689257
  0.40411079615000833  0.42495687783173230  0.44466161136373228  0.46314467655327612
  0.48022011284538746  0.49758176908689611  0.51208825250865575  0.52660671279304827
  0.54089478557110737  0.55358980824800752  0.56579760444115013  0.57778055299500164
  0.58947596965598492  0.60078605093004533  0.61284202304440483  0.62342500908789655
  0.63324598456264447  0.64229132114673326  0.65031923753288434  0.65809401745703289
  0.66695743783653594  0.67554818859117360  0.68320455350294629  0.69002670271356170
  0.69696557381113455  0.70403677527544872  0.71013437396154089  0.71549336747557646
  0.72049269351018130  0.72536131795748704  0.73065948991486973  0.73651712316087115
  0.74230268021246415  0.74838291155795611  0.75396891824767875  0.75963822323073127
  0.76542951433251671  0.77132548527973155  0.77736470135130853  0.78363350108645347
  0.79006486276607668  0.79523767573101201  0.79977751660308039  0.80393859881357843
  0.80825267808857493  0.81270833876898141  0.81733641355610820  0.82212407854045044
  0.82678275759407061  0.83026949288100360  0.83374671008753820  0.83725975669077390
  0.84101230732861743  0.84548487051350929  0.85091175605831015  0.85658534259883723
  0.86178327985079506  0.86657703824126264  0.87097124351964339  0.87516352739827397
  0.87893828488996995  0.88264651160016649  0.88675832748539474  0.89172841317096407
  0.89678731459183592  0.90105657966894315  0.90486999641728127  0.90864313789773898
  0.91215707440614013  0.91585506985176923  0.91921357701039319  0.92250595827960713
  0.92561952442574991  0.92860639475707263  0.93166455155409478  0.93514236697789210
  0.93877858632879796  0.94257166119064206  0.94661329038873143  0.95144854169687221
  0.95708971959561240  0.96622789270396880  0.98070645013291080  1.00000000000000000
 -0.02322710450576716  0.13792911986212048  0.18363051598965002  0.20589007067520870
  0.22454287192184011  0.23664885083652909  0.24604267719562134  0.25419753522598937
  0.26251609745905075  0.27069832642841535  0.27872901181258464  0.28591322201897990
  0.29266550288708182  0.30108325449126477  0.31042229699199431  0.31683722078006915
  0.32226846397612458  0.32727125420590236  0.33266305995819484  0.33862580649735019
  0.34457102157953939  0.35005091371189473  0.35506678233693956  0.36004537716390450
  0.36532090761207947  0.37029106833366976  0.37514043835599525  0.38188946892851661
  0.38935136598807385  0.39637828396619884  0.40263952249340496  0.40830005838207339
  0.41417894181691062  0.42053650400562714  0.42799611141222071  0.43577892434179688
  0.44232487147934951  0.44795554212909550  0.45343473609386609  0.45860326321159900
  0.46401738678757626  0.46960048587972925  0.47579762986169677  0.48177169614362148
  0.48721578301955504  0.49242542880343776  0.49765544026971620  0.50275766234803931
  0.50746940260006146  0.51210579834995340  0.51644445752025847  0.52075822263914928
  0.52506756470963700  0.52943001726272299  0.53470903257993152  0.54005894283165379
  0.54554293979508262  0.55090723904733896  0.55586112824677592  0.56030870822380341
  0.56499821159345476  0.57073688294756464  0.57608744976289183  0.58159336193775624
  0.58725463444031600  0.59319699624300104  0.59927787778618102  0.60527476451764362
  0.61156409266470002  0.61823360454150245  0.62501410144471858  0.63096656186934741
  0.63605495817282054  0.64117209598233915  0.64669574287465470  0.65288504389152002
  0.66199242630079302  0.66843293793410985  0.67389578805663197  0.67870362111098015
  0.68403282983036939  0.68956333983345564  0.69574717708985856  0.70145048878415273
  0.70791547842274960  0.71520609024430648  0.72330452758001784  0.73193515291132427
  0.74145884329286205  0.75233313902333643  0.76552835095354566  0.77852273248056869
  0.79340561806406507  0.81713655926965478  0.86140323640348349  1.00000000000000000
   9.4304481655583547E-012  -1.0000000000000000     
 F F F F F F F F F T T T T T T T T T T T T T T T T T T T T T T T T T T T F F F F F F F F F T T T T T T T T T T T T T T T T T T T T T T T T T T T
  <DiscreteSampler_grid>
  grouped_processes
  1 # 1 for a reference and 2 for a running grid.
  10 # Attribute 'min_bin_probing_points' of the grid.
  1 # Attribute 'grid_mode' of the grid. 1=='default',2=='initialization'
  0.0000000000000000 # Attribute 'small_contrib_threshold' of the grid.
  0.5000000000000000 # Attribute 'damping_power' of the grid.
 # binID   n_entries weight   weight_sqr   abs_weight
    10   10   1.257169360347082E+003   7.453426294845527E+006   1.257169360347082E+003
    11   10   1.257169360347082E+003   7.453426294845527E+006   1.257169360347082E+003
  </DiscreteSampler_grid>
