 -0.00003108761023387  0.00045836993730572  0.00083488434083087  0.00120035527283871
  0.00154536251350482  0.00190812058280865  0.00227975634138007  0.00263272833716184
  0.00296921586364483  0.00330473604179722  0.00364586898322627  0.00398283243205656
  0.00432206576528462  0.00466337173072816  0.00499837692630368  0.00529062848925070
  0.00557008318789622  0.00584767159457263  0.00610064629581107  0.00635030976415897
  0.00660111458759942  0.00684062042319915  0.00708158608268578  0.00735466066839977
  0.00764060005041003  0.00792271072016435  0.00821978562503058  0.00849633219563903
  0.00878867121801968  0.00907653189651629  0.00936035685196610  0.00964356851748947
  0.00993156125778633  0.01022188185326955  0.01053561288767201  0.01089951492432244
  0.01127862050423877  0.01164033860325169  0.01199589210469166  0.01237658023503014
  0.01273574210083373  0.01308783041526487  0.01343765712404015  0.01378562521998591
  0.01410220391901158  0.01445533007145598  0.01484242054156305  0.01524359988559184
  0.01564934096048549  0.01606897135797463  0.01657576915284013  0.01714583971853619
  0.01778912557262733  0.01850101214710631  0.01915328763311699  0.01978106576703141
  0.02034092134180261  0.02077511647993458  0.02124371412601989  0.02171191114338017
  0.02216316049379957  0.02259219331323534  0.02299561894893844  0.02338925583391348
  0.02381210974503767  0.02432443140477841  0.02476757781755043  0.02520465386703484
  0.02563450997626125  0.02605831496620994  0.02650786249062662  0.02702609572413792
  0.02757961799866274  0.02816227692140616  0.02877244588331777  0.02937557598228661
  0.02996258075693742  0.03057527509859257  0.03122369718066124  0.03186268063548740
  0.03257132920097528  0.03348365935399507  0.03490145264068790  0.03684750802004835
  0.03865751170182101  0.04083679289861684  0.04277160155657483  0.04443708187341954
  0.04623733297799833  0.04805843681370171  0.04941508146795192  0.05112459102744663
  0.05347320899524518  0.05869334343373439  0.24347266652678640  1.00000000000000000
 -0.00351038885803574  0.01057825614115624  0.02357607230340047  0.03580091625606742
  0.04800884383517395  0.06126773602036857  0.07469410904737812  0.08640962283150297
  0.09703035558873757  0.10691374772289002  0.11601739004910828  0.12690957785848409
  0.13670764644013761  0.14565524568763416  0.15395363408281532  0.16252561038260729
  0.17115785887990950  0.18123631170751781  0.19177987015738929  0.20258920610779332
  0.21342425072588073  0.22463367501652876  0.23525899217054275  0.24544795678764533
  0.25516260596235019  0.26522507228799752  0.27579739392129726  0.28684051690250378
  0.29886120256186893  0.31147100748380185  0.32449620774959897  0.33696050829157065
  0.34645532645045735  0.35514915485705617  0.36400526640391895  0.37355965387799100
  0.38325175426555130  0.39297277563323557  0.40436565065975799  0.41658496161712089
  0.42858937252303458  0.43865101509007387  0.44744010027373110  0.45593564639557027
  0.46491069406496238  0.47424926364816150  0.48464759248354194  0.49434840559515486
  0.50428608050433321  0.51595760750022224  0.52526398427663168  0.53391094068985911
  0.54282638290945529  0.55369237471325961  0.56562794560438345  0.57643417680154385
  0.58697452712560316  0.59738906128306490  0.60744084124778253  0.61704503749569484
  0.62670688077861769  0.63722601284895253  0.64838609401255609  0.65940934611250246
  0.66887227839377339  0.67850800064903805  0.68829763737048733  0.69918446457204553
  0.70921940865085586  0.72050695225035355  0.73232691106997561  0.74425346413792393
  0.75549403444500030  0.76523912905995140  0.77596236083239500  0.78766185372026376
  0.79937003918409144  0.81161964141100329  0.82511314274700331  0.83847144494049286
  0.84993599358798499  0.86018900578363822  0.86984801578246895  0.87997705156012918
  0.89122178594563695  0.90293750590088462  0.91535708877733279  0.92760184053291794
  0.93885744569678908  0.94822882961685528  0.95808135073578926  0.96682640961611954
  0.97503462023503895  0.98313619728939317  0.99120385118023180  1.00000000000000000
 -0.00383392154547509  0.05197971641838760  0.09014401271995216  0.12115991685319276
  0.14943845243915041  0.17821473801563745  0.20629359714870940  0.23221178614257440
  0.25448360068174736  0.27414312832521126  0.29267205347119213  0.31058010925155261
  0.32849052797383316  0.34577258787808623  0.36182646140349251  0.37694049095655530
  0.38939567359465427  0.40249884114293716  0.41480803319082366  0.42686558660614565
  0.43765916849953063  0.44838097192136916  0.45890339331196467  0.47016408864187653
  0.48202728251569704  0.49434016690971821  0.50640536925384727  0.51714753570615424
  0.52678236970086334  0.53595186893163216  0.54557577317599382  0.55497218076789345
  0.56364768873246363  0.57127617199865743  0.57845709756412234  0.58546791770243845
  0.59245377126578691  0.59891657122526987  0.60515980139680414  0.61175559307701588
  0.61864273592214514  0.62518103107704659  0.63116477956155526  0.63705116476432633
  0.64313257846990424  0.64886124243150145  0.65419263276133288  0.65948680656131131
  0.66508541077279482  0.67114905564636562  0.67725498220019686  0.68324117318948430
  0.68923789760525689  0.69530554739288508  0.70152966465501609  0.70705558579760297
  0.71368180741380038  0.72074515666501382  0.72789232447793684  0.73493686068234187
  0.74155182763970340  0.74875611252541652  0.75501475217471981  0.76103379223281298
  0.76702973917313277  0.77279143128940997  0.77820308716462938  0.78337385024428563
  0.78809753336993815  0.79299800959646649  0.79821293539427529  0.80394033934351927
  0.81073742124429538  0.81894828508361706  0.82697212294062694  0.83326023603938604
  0.83872019644279283  0.84370353334594728  0.84842010920758382  0.85287877577335491
  0.85701147311671499  0.86103956254451652  0.86553803392385920  0.87046900633109570
  0.87579996893508461  0.88076986874717444  0.88619991444757140  0.89086123853955790
  0.89625979741031869  0.90255040249792451  0.91111158235980516  0.92096318987140258
  0.93098193438035193  0.94214342714950106  0.96010594980731112  1.00000000000000000
 -0.01580654020079788  0.09891175297652556  0.14099049711982944  0.16851756782205010
  0.18854530847729967  0.20334864529868962  0.21523837150406425  0.22607611404023953
  0.23624496875986439  0.24583396664933499  0.25427629236454530  0.26198691333582397
  0.27023998436708324  0.27873868122478251  0.28631136450910105  0.29299037751923168
  0.29932241957002592  0.30578861395327478  0.31307410447145068  0.32168748770680039
  0.33102818765547204  0.33921796722774045  0.34567795452206429  0.35187409013677956
  0.35754085487964976  0.36283214707843708  0.36814121819474788  0.37374579244594602
  0.37915697417831723  0.38510070604320457  0.39076412162816287  0.39696657928161422
  0.40294705446353207  0.40877844266291596  0.41452757291597758  0.42116742098103738
  0.42894124320943827  0.43683488082883631  0.44441931587545597  0.45143267470341047
  0.45805994062969857  0.46441244524246872  0.47065857206457296  0.47726478120962901
  0.48378884175755710  0.49039233789082209  0.49703378207367638  0.50346520048413357
  0.50976463497880875  0.51576751627359252  0.52135616820680108  0.52736191442338587
  0.53361658684693958  0.53993449910215430  0.54556112176852634  0.55045086245935049
  0.55514976943687311  0.55985458532752541  0.56474118777627713  0.56987479376927586
  0.57498725032102660  0.58021384395761466  0.58528272596466513  0.59009041785246374
  0.59480475932315147  0.59962793993320951  0.60528221645172187  0.61186377324760743
  0.61844790932970239  0.62459973040573546  0.63007228536838011  0.63565627285064807
  0.64123016716295533  0.64681378259250000  0.65291292091306263  0.65946324171725457
  0.66677699388016554  0.67509586765076879  0.68431144193680726  0.69291057091806896
  0.70106739596204415  0.70881794702411183  0.71657172246100520  0.72463143088036208
  0.73325265423628316  0.74218257729766735  0.75274643471248170  0.76605490027541379
  0.78033330379926791  0.79555381830512684  0.81064969934553821  0.82619762421656040
  0.84296227476248753  0.86621272960208140  0.90560005352365280  1.00000000000000000
   1.3251972906878594E-013  -1.0000000000000000     
 F F F F F F F F F T T T T T T T T T T T T T T T T T T T T T T T T T T T F F F F F F F F F T T T T T T T T T T T T T T T T T T T T T T T T T T T
  <DiscreteSampler_grid>
  grouped_processes
  1 # 1 for a reference and 2 for a running grid.
  10 # Attribute 'min_bin_probing_points' of the grid.
  1 # Attribute 'grid_mode' of the grid. 1=='default',2=='initialization'
  0.0000000000000000 # Attribute 'small_contrib_threshold' of the grid.
  0.5000000000000000 # Attribute 'damping_power' of the grid.
 # binID   n_entries weight   weight_sqr   abs_weight
    10   10   1.309453936857904E+002   1.075216739950915E+005   1.309453936857904E+002
    11   10   1.309453936857904E+002   1.075216739950915E+005   1.309453936857904E+002
  </DiscreteSampler_grid>
