  0.00000022675298209  0.00000772997231842  0.00001332005359251  0.00001837564141948
  0.00002315994006210  0.00002783270375761  0.00003264879786289  0.00003746893973457
  0.00004232344175059  0.00004721608814969  0.00005214844660435  0.00005713713390225
  0.00006217695244548  0.00006721836336410  0.00007232275201380  0.00007752509844058
  0.00008282320292329  0.00008822496551753  0.00009386162407444  0.00009962073847697
  0.00010556369047178  0.00011160784832105  0.00011797241210076  0.00012455123763900
  0.00013128397404338  0.00013821946807009  0.00014539100225719  0.00015285126733202
  0.00016053661226276  0.00016830201608790  0.00017623247165581  0.00018434826753260
  0.00019258150129628  0.00020126401286204  0.00021037429455116  0.00021972469220994
  0.00022953623709234  0.00023944854730989  0.00025008147822582  0.00026092210170932
  0.00027238525738851  0.00028422506868820  0.00029662326881376  0.00030949529133497
  0.00032282260144305  0.00033666307142573  0.00035092045052589  0.00036581330684205
  0.00038135910964849  0.00039775405227014  0.00041501203933484  0.00043306958424863
  0.00045219938715376  0.00047247396299462  0.00049388875284126  0.00051644433968841
  0.00054005289698365  0.00056510015496478  0.00059121144076835  0.00061888677321094
  0.00064801401197213  0.00067912302398403  0.00071227192135039  0.00074860907761601
  0.00078760629263410  0.00082924270648091  0.00087284771919253  0.00092036323597463
  0.00097183833666454  0.00102745570378270  0.00108705216923786  0.00115083153193451
  0.00122037698832252  0.00129432106213075  0.00137460529770947  0.00146054020278665
  0.00155615824103293  0.00166130837640800  0.00177750830667803  0.00191380394300219
  0.00206430734099355  0.00223410857679792  0.00242547356532431  0.00264735253532094
  0.00290743579948758  0.00321051417679268  0.00359202958378594  0.00408488492602628
  0.00471596382404915  0.00557720211328282  0.00672237029599595  0.00856378262517943
  0.01133414681437359  0.01819774081872847  0.13445899333550065  1.00000000000000000
 -0.00245219941855755  0.01038349142587234  0.02107941365842879  0.03213165068539665
  0.04305578584886259  0.05376202868387023  0.06430875476072803  0.07450478702011430
  0.08464144868698129  0.09471844364558588  0.10481107136750317  0.11509729674797153
  0.12524583102038014  0.13552053732544864  0.14596011195901859  0.15658307008222208
  0.16704708564571272  0.17733159959784167  0.18783168083532914  0.19861836705249974
  0.20923974379876070  0.21977693770695245  0.23050644979832668  0.24160224853740980
  0.25270857489058102  0.26363369341966003  0.27426592724189075  0.28475836148754213
  0.29530717078724533  0.30577088908638467  0.31606423555499602  0.32643378932777534
  0.33701932295111642  0.34771209548705345  0.35836796417915978  0.36861327620966056
  0.37874022314641115  0.38880680106473042  0.39887461897293119  0.40906776305880638
  0.41922240704699748  0.42974259849987279  0.44015202174269435  0.45055174791650116
  0.46093814952450352  0.47154143859812658  0.48220688623552332  0.49288807719004019
  0.50353016661734562  0.51403820236386222  0.52458960411356470  0.53492016460691949
  0.54546640286547787  0.55590196785140211  0.56640088853425730  0.57682018944069824
  0.58724046773898608  0.59754911753510742  0.60784988946906626  0.61818899149632900
  0.62849537108588038  0.63899369818112306  0.64962058667335720  0.66061358193660502
  0.67154369903486022  0.68221285407547916  0.69284900965718788  0.70360811340001583
  0.71477237455550524  0.72590951447276553  0.73675084631340326  0.74732386876860546
  0.75775489756045245  0.76827671376696138  0.77862774125584178  0.78901830121629946
  0.79950634271102305  0.81006936212580716  0.82064777711985559  0.83108054030322542
  0.84166470309416519  0.85230931959546796  0.86327521498914361  0.87421773489501686
  0.88482504843361398  0.89548334136439323  0.90624924334223311  0.91694062746549909
  0.92733055406997700  0.93778395361396527  0.94841195234382858  0.95921118826458829
  0.96970387507108236  0.97996151346994353  0.99000367898772768  1.00000000000000000
 -0.00384107067699973  0.02493225723197314  0.04566669157771411  0.06308347174304653
  0.07904281012177014  0.09392076201902609  0.10810650056986686  0.12173711405275424
  0.13480499122701142  0.14712069278622714  0.15861951574200159  0.16965213550042263
  0.18037068514529159  0.19092449511560297  0.20120509668465089  0.21141668909261763
  0.22148793050116403  0.23125918065782472  0.24075323172960728  0.25014601829544708
  0.25959455523159775  0.26888996984118008  0.27801522670616224  0.28692389063070561
  0.29591006710257289  0.30472030811381473  0.31333531337596027  0.32182474576802805
  0.33032894441308425  0.33877129062599209  0.34722881263874344  0.35551742120852264
  0.36372088150281973  0.37183054276734318  0.37991455646952049  0.38797958883367423
  0.39598543176043854  0.40399013911500703  0.41201489229712085  0.41997990599308999
  0.42787242017130867  0.43570959583921082  0.44338676790907638  0.45090500042221887
  0.45844498303250963  0.46602925098065312  0.47357612985387276  0.48127577872323285
  0.48921957556600237  0.49719153676866951  0.50516735632515530  0.51323444360774462
  0.52132255881835332  0.52942636045832081  0.53760040398716724  0.54567652045659032
  0.55358315207318776  0.56130649617872908  0.56890243507004490  0.57653437544260955
  0.58429486116383123  0.59218712955722808  0.60018983740001197  0.60823723286701004
  0.61626841466369797  0.62431607130060018  0.63242639340920503  0.64061886657125799
  0.64884847042158489  0.65702798818261432  0.66543572996530231  0.67387905896285960
  0.68260074779847635  0.69132768499078967  0.70025109739229296  0.70920461437233795
  0.71838297254393479  0.72756960235743873  0.73718977152982201  0.74683917194456317
  0.75678632322395245  0.76685748626324513  0.77714526531681594  0.78749677662597661
  0.79837414474406621  0.80954025146638231  0.82090232026748411  0.83228688422829955
  0.84446734253905009  0.85727080114877929  0.87112150204753713  0.88613814979271710
  0.90328831409665200  0.92406172078394988  0.95192525414788198  1.00000000000000000
 -0.01880733520732674  0.10870491176106867  0.14510686893067046  0.16739644561646191
  0.18492800663452061  0.19999064042555123  0.21337545219056514  0.22560861520806841
  0.23686406193196455  0.24733851795887163  0.25713241385837154  0.26646048436246461
  0.27537483661408269  0.28393730892542951  0.29220750968476872  0.30015684589354602
  0.30789165893223880  0.31540411628653947  0.32273826051312932  0.33001963247102339
  0.33713800405466376  0.34407299575721007  0.35086634566373676  0.35752108735216309
  0.36404979231518175  0.37047962392182671  0.37675663522045272  0.38283879375098784
  0.38883283851004663  0.39482032871907424  0.40074344850917648  0.40659377115918821
  0.41238268542519069  0.41811035259737545  0.42382367467075110  0.42953390767638577
  0.43525105413548937  0.44102416917969883  0.44678838327570408  0.45248262255710364
  0.45806534512086117  0.46355396426237733  0.46902846668031406  0.47455225991948863
  0.48011841656654292  0.48569978126177243  0.49125281218315631  0.49678930879283267
  0.50233030321203331  0.50784893343554649  0.51335919506868077  0.51888041357514003
  0.52440866759862070  0.52996325133197120  0.53552814108646685  0.54105798438364150
  0.54658843577141991  0.55220485453680423  0.55790102330503988  0.56365695113694192
  0.56943673910911119  0.57524143961079555  0.58104857706340629  0.58689661195578791
  0.59279197721476184  0.59868984535925640  0.60473682219599212  0.61089439234948240
  0.61712432486679225  0.62341097009087609  0.62969636373161986  0.63602296575622486
  0.64245850649393899  0.64903984741478737  0.65595005042024290  0.66295655229328454
  0.67003972658764799  0.67715862279188610  0.68428741650319447  0.69176864287709761
  0.69947687648527801  0.70743462764554343  0.71569085199646931  0.72419859096915185
  0.73306562403135156  0.74240351832617202  0.75225246620722264  0.76275078827723830
  0.77400208303969609  0.78625501187967484  0.79969181038761616  0.81476846724069596
  0.83212022795069918  0.85388189164495065  0.89057355132550720  1.00000000000000000
   2.1727165696648130E-003  -1.0000000000000000     
 T T T T T T T T T T T T T T T T F F F F F F F F F F F F F F F F
  <DiscreteSampler_grid>
  grouped_processes
  1 # 1 for a reference and 2 for a running grid.
  10 # Attribute 'min_bin_probing_points' of the grid.
  1 # Attribute 'grid_mode' of the grid. 1=='default',2=='initialization'
  0.0000000000000000 # Attribute 'small_contrib_threshold' of the grid.
  0.5000000000000000 # Attribute 'damping_power' of the grid.
 # binID   n_entries weight   weight_sqr   abs_weight
    10   10   8.319065135647914E+008   2.842810378004108E+018   8.319065135647914E+008
    16   10   8.319065135647913E+008   2.842810378004108E+018   8.319065135647913E+008
  </DiscreteSampler_grid>
