  0.00000379533900506  0.00000641140772018  0.00001087830474366  0.00001627192808965
  0.00002145474451640  0.00002643782454765  0.00003129489495910  0.00003607490068466
  0.00004074541118277  0.00004545724042799  0.00005019016084132  0.00005499253694499
  0.00005988331492297  0.00006483235017834  0.00006986289188316  0.00007497665106180
  0.00008021180203065  0.00008554396958124  0.00009098441324540  0.00009656148301447
  0.00010228521371518  0.00010816529457298  0.00011421945778603  0.00012050440365714
  0.00012702291573518  0.00013373772307250  0.00014064309273742  0.00014775214538419
  0.00015503412529625  0.00016242159552901  0.00016991991333879  0.00017768613010586
  0.00018578377374370  0.00019409370334858  0.00020275585599742  0.00021166060147381
  0.00022075611502962  0.00023032528528439  0.00024016603032494  0.00025091195264584
  0.00026174994373411  0.00027317572568758  0.00028484682574127  0.00029708238393508
  0.00031018321699328  0.00032346780135639  0.00033792220349146  0.00035244139595663
  0.00036765171635420  0.00038320935199426  0.00039953652232971  0.00041667800120689
  0.00043452411192160  0.00045334491956491  0.00047280324329184  0.00049365008041520
  0.00051547550040800  0.00053872009433299  0.00056320674308456  0.00058903189083246
  0.00061648729663965  0.00064550802638651  0.00067634401171114  0.00070911107147130
  0.00074405872706012  0.00078184103990544  0.00082224584894911  0.00086613452620930
  0.00091327972153513  0.00096320830584897  0.00101652275972776  0.00107215535616614
  0.00113631665180879  0.00120371274944833  0.00127901787342850  0.00135865119736494
  0.00144655520489637  0.00154474574256182  0.00165333973740713  0.00177770161011774
  0.00191319524269193  0.00206429663259818  0.00223072123976867  0.00241913696427615
  0.00264120601280839  0.00290993435481685  0.00324914353799021  0.00366097492275629
  0.00415636725172559  0.00475811572911603  0.00554704994867710  0.00658012717402490
  0.00790806888825510  0.01006461907344971  0.06492777200974348  1.00000000000000000
 -0.00246922844285704  0.00965455111542786  0.02009647719491562  0.03088986321094352
  0.04160120615849822  0.05221248978969298  0.06262733652106328  0.07307124848109049
  0.08350699432014898  0.09414851013845177  0.10479156177675833  0.11542781275564717
  0.12595460220959687  0.13624924825973128  0.14670857355929889  0.15725843954341104
  0.16761771657935060  0.17811718310355751  0.18865348293726783  0.19956464387027997
  0.21047164391628301  0.22124550188192912  0.23173012391579803  0.24196637512689387
  0.25224331211277173  0.26257142385183807  0.27288144732198910  0.28304489774590402
  0.29346169877143408  0.30421908085167781  0.31495138977436909  0.32584026448729658
  0.33679406406789325  0.34787350800011818  0.35858625616460388  0.36914424808831797
  0.37979917621980180  0.39049486726572186  0.40114420988352179  0.41173732714612349
  0.42235793985072229  0.43281526127855252  0.44319777879557343  0.45350336848403000
  0.46397383506480089  0.47443804415483565  0.48483015972925547  0.49513765375566132
  0.50537986664963142  0.51579383387118849  0.52619927895196650  0.53661672095520463
  0.54690377346702101  0.55725228756246659  0.56766417671878500  0.57804110490767691
  0.58853222059161892  0.59900774803801893  0.60963706790818462  0.62035967881353848
  0.63123045976810055  0.64202582588594703  0.65267463188632258  0.66338307263340224
  0.67423984189572839  0.68517958721557315  0.69604733467448421  0.70683920929197086
  0.71725854874523010  0.72791196884091813  0.73798997066959959  0.74804728336752624
  0.75808357473505616  0.76809305163958186  0.77825375458881108  0.78816231599274633
  0.79852614678677158  0.80888209877673023  0.81934996404638982  0.82973042226319094
  0.84006364115904009  0.85046809234030496  0.86102082163388161  0.87168926529314883
  0.88238204336261650  0.89281298901127670  0.90344277793883809  0.91405466549295422
  0.92481441319103252  0.93550544106548938  0.94611694844481509  0.95647723724071454
  0.96706306166875866  0.97782793080522323  0.98891970780393357  1.00000000000000000
 -0.00406947775796232  0.02553280873475313  0.04643060770087035  0.06399388592755924
  0.07989449843978531  0.09445868993438129  0.10806105109218278  0.12113733614669700
  0.13372073760459277  0.14587365724671580  0.15753141375963978  0.16896202691044937
  0.18005764850554065  0.19076221987899544  0.20108688344549464  0.21128615657803401
  0.22133877453145503  0.23126316829170368  0.24096042699721190  0.25053259755099488
  0.25986785801911283  0.26899969783221828  0.27791979321404620  0.28670127236193110
  0.29551810248926419  0.30425963458911298  0.31289943207558407  0.32156772270765027
  0.33022340309612808  0.33881330231601725  0.34733264112777235  0.35585066078679689
  0.36443016587376903  0.37310993401130804  0.38164869380583888  0.38999965212873772
  0.39833530643722920  0.40662351962993570  0.41479008474502305  0.42284763306245826
  0.43082421126456200  0.43879083510343625  0.44680324501913177  0.45482852798007656
  0.46282404564932494  0.47071040770109568  0.47856289467514235  0.48656404750596888
  0.49442278243368143  0.50221733539111757  0.51003755828941022  0.51797896122727338
  0.52601385227316233  0.53405935013007078  0.54206166440838965  0.54999205452317979
  0.55794251676759410  0.56590532538668425  0.57378017556166394  0.58170678927153885
  0.58964558858964966  0.59758920259781667  0.60552071290288612  0.61343807021325569
  0.62129618722730762  0.62919591844274469  0.63725895595477688  0.64537502710190364
  0.65368828629615705  0.66204560524971201  0.67043399906887957  0.67898812905694816
  0.68756311959247740  0.69614155068077321  0.70468802537207864  0.71341580703446805
  0.72235252191245247  0.73138902814308016  0.74052149729826056  0.74973377374990313
  0.75911247369185264  0.76866210731165929  0.77852093621262652  0.78866216776462827
  0.79926016789681953  0.81015212974294493  0.82142602213927407  0.83319504467437433
  0.84546184381509715  0.85847895389203266  0.87238364469959517  0.88727275533975070
  0.90437487657918114  0.92518689924657527  0.95332443409974121  1.00000000000000000
 -0.01903288642310965  0.10872751959656289  0.14546418273491668  0.16800432533212911
  0.18554724872208656  0.20034382556831390  0.21324949224186102  0.22499749734927682
  0.23590911376039922  0.24611557296776057  0.25564831060981064  0.26485062879004106
  0.27390544518362686  0.28252840596827650  0.29077994291195192  0.29864634548706803
  0.30636793617651598  0.31392977193004007  0.32129775986769227  0.32853678156989080
  0.33560984653634457  0.34243912557420514  0.34913352091763361  0.35575420586466000
  0.36234029189799333  0.36891761366380726  0.37538904626747005  0.38170469732288664
  0.38791685554071115  0.39404830213638536  0.40007598856876636  0.40597060278794195
  0.41184678651018652  0.41767289131916924  0.42339204516814405  0.42905199634094909
  0.43470762464435675  0.44034465277399226  0.44597725208437428  0.45158932804570923
  0.45721827240186169  0.46280019475348672  0.46835073459898108  0.47389060740060640
  0.47937009847824497  0.48479127207746486  0.49019373391180621  0.49559242932975900
  0.50099490135438574  0.50639697687483765  0.51179506026682209  0.51722154300712642
  0.52270919271844574  0.52830259551357339  0.53389292139783717  0.53947062891643660
  0.54509286806534751  0.55072027434773640  0.55633157119391385  0.56198372452372092
  0.56771352950977294  0.57351833559054499  0.57938860621721344  0.58528411769827315
  0.59121994777036224  0.59714968040138827  0.60313054615883044  0.60924242013692853
  0.61545413374061331  0.62171263021986223  0.62803919975389377  0.63444546752107345
  0.64094630155934362  0.64756977766000523  0.65433660186477138  0.66122534507955888
  0.66819597424584387  0.67531934406300420  0.68257850590652280  0.69012414328952587
  0.69798630607877898  0.70615860922575457  0.71464529990975212  0.72346937323156524
  0.73254763983978688  0.74217415364539863  0.75226144126026984  0.76293612671019984
  0.77416058417699374  0.78619468699191752  0.79931056553642277  0.81410559130319760
  0.83117138653536393  0.85297816055539788  0.88935426993112010  1.00000000000000000
   2.1807564491545940E-003  -1.0000000000000000     
 T T T T T T T T T T T T T T T T F F F F F F F F F F F F F F F F
  <DiscreteSampler_grid>
  grouped_processes
  1 # 1 for a reference and 2 for a running grid.
  10 # Attribute 'min_bin_probing_points' of the grid.
  1 # Attribute 'grid_mode' of the grid. 1=='default',2=='initialization'
  0.0000000000000000 # Attribute 'small_contrib_threshold' of the grid.
  0.5000000000000000 # Attribute 'damping_power' of the grid.
 # binID   n_entries weight   weight_sqr   abs_weight
    10   10   8.443590767169569E+008   3.165549801862499E+018   8.443590767169569E+008
    16   10   8.443590767169572E+008   3.165549801862501E+018   8.443590767169572E+008
  </DiscreteSampler_grid>
