 -0.00003504927665889  0.00068494403188845  0.00135875969782343  0.00205392820098031
  0.00280350283079615  0.00352796049810668  0.00418327007599521  0.00481650261542829
  0.00540886575983487  0.00596694160384081  0.00653103139544588  0.00707651111655300
  0.00761274063248500  0.00816794507532811  0.00873246139609625  0.00930689770101160
  0.00991204778511854  0.01057375009923705  0.01113281438175625  0.01169508512301570
  0.01230014399817640  0.01292508460468434  0.01356220558176961  0.01420449757761862
  0.01495428991350791  0.01585998854547491  0.01641660450461208  0.01689179031803797
  0.01732294717359854  0.01774766050394548  0.01819196219751968  0.01862226582147221
  0.01905157326024367  0.01949000540809817  0.01995623706849855  0.02042891444122445
  0.02086012034505688  0.02127200011125959  0.02167740861210614  0.02225283440622335
  0.02296396786438078  0.02368328837893755  0.02431088191003917  0.02507474991705098
  0.02586342824776543  0.02669238738372029  0.02758039236833980  0.02848458273046718
  0.02946118195976853  0.03038660499285109  0.03129124901304901  0.03217578084302194
  0.03304019113368505  0.03391601961544531  0.03493684440936578  0.03592241991579812
  0.03706120069841227  0.03825495919207345  0.03948221192140997  0.04080151663779649
  0.04230670779676924  0.04404223694230687  0.04559995163606373  0.04694065214631132
  0.04811535720788590  0.04921786894220920  0.05044181827313816  0.05143724457365256
  0.05223719903584255  0.05299488465712237  0.05380082053047055  0.05472072341468082
  0.05557770025693034  0.05654907630007296  0.05756221787766186  0.05853540693877221
  0.05965510838716716  0.06085479746214312  0.06182318783896217  0.06265663010492289
  0.06359883483855128  0.06460594317582451  0.06549854857010169  0.06630190046970333
  0.06702296530786647  0.07239734849728088  0.07843887393695616  0.08688204010073235
  0.09497009634426988  0.09904230093214737  0.10311450552002488  0.12139148906466973
  0.18146416136573434  0.24153683366679890  0.33637404344566313  1.00000000000000000
 -0.00099577749909740  0.00442857753809160  0.01078034851781403  0.01955445251087987
  0.02985413972076172  0.03984503823690733  0.04772595894628228  0.05568177372961528
  0.06362482655364739  0.07245780840422422  0.08136971295929503  0.08902819078836134
  0.09650711352193284  0.10386289989562542  0.11127167201149571  0.11823004342494327
  0.12548792871186515  0.13626087095343614  0.15006251010649840  0.16384487821584176
  0.17634523854313991  0.18761619681665592  0.19853008260166297  0.20932655114160878
  0.21998982315618237  0.23140944087371088  0.24142643525212357  0.24995090736114570
  0.25708261857625991  0.26504518163883550  0.27307874382704045  0.28184281200784500
  0.29145050006244505  0.30076424558881748  0.31035895055697715  0.32012246751679307
  0.32969000713666652  0.33919088606621223  0.34860233198324564  0.35821440950012212
  0.36784201323780147  0.37770861164315767  0.38802960496488037  0.39935056986419881
  0.41360728140132991  0.42728532030582922  0.44135398609567233  0.45320960705165608
  0.46415880560457112  0.47477344906632551  0.48474284440517790  0.49589218772743104
  0.50865537842038477  0.52139773417774804  0.53327752942470086  0.54427204335717749
  0.55486896398629715  0.56591883373695773  0.57927221958622599  0.59354065860342142
  0.60814735826023225  0.62242495645045814  0.63675576934989175  0.65087173140461196
  0.66385056942508813  0.67597352855709469  0.68720775137866075  0.69743324208078661
  0.70703786690278336  0.71701453460542086  0.72718175743409275  0.73662818788162499
  0.74502615809022787  0.75370768914366937  0.76293354084995224  0.77123971178569117
  0.77917132175364667  0.78732958796549746  0.79896313177000577  0.81291778001734205
  0.82561496156370207  0.83788132140184857  0.85006216452176120  0.86202208857555351
  0.87358526711048412  0.88450840569713240  0.89509231731890460  0.90581573135635174
  0.91679247490328863  0.92773576974353067  0.93701364248057972  0.94648856670506176
  0.95782709169511282  0.96967952054352402  0.98185906448954396  1.00000000000000000
 -0.00626979207097790  0.08247584313431273  0.13772487587257007  0.18415738552547956
  0.22762018725290531  0.26565098000360382  0.30211001630657147  0.33819908278148014
  0.37272079407438286  0.40025928754752044  0.42203390900102511  0.44356071704516692
  0.46452024118713492  0.48307558793222755  0.49975307618796611  0.51478988948453275
  0.52794933426147661  0.53995866573333451  0.55089407152952230  0.56103649762092389
  0.57151362690405982  0.58241866138781451  0.59341213989436581  0.60358770378627324
  0.61349941716745116  0.62287144322943144  0.63207077894851083  0.64103330831701988
  0.65025797906171168  0.65947733361466909  0.66862806995427304  0.67706011383232589
  0.68467552565906409  0.69219330882468943  0.69961701370374463  0.70724684741383503
  0.71540815491467713  0.72317887303513773  0.72964208674736597  0.73524612548908497
  0.74076427531637090  0.74621128059885922  0.75162478159694723  0.75722242624561642
  0.76319330111455586  0.76942979826800795  0.77548281178646583  0.78142638766053252
  0.78701418657226851  0.79230657548779926  0.79738787355542939  0.80324069865177838
  0.80886586352872558  0.81395064001312911  0.81816489790332103  0.82216401430115571
  0.82600880107610519  0.82990367814276766  0.83368750272183945  0.83739692546135391
  0.84082934411982102  0.84409576571830502  0.84735495314774856  0.85055274625396760
  0.85400179664824671  0.85769307066938949  0.86149153474154483  0.86543357664611831
  0.86929181092900354  0.87294077416774518  0.87654211456547193  0.88090990260620639
  0.88558563766962495  0.88988880131053183  0.89346972385280332  0.89715444972243308
  0.90125393459597103  0.90518066625477289  0.90910591567356369  0.91349834821941533
  0.91791001242223680  0.92195879621878440  0.92509780052947099  0.92829772337864436
  0.93129474757499842  0.93437905618507122  0.93739339659866172  0.94105156581419036
  0.94578182201038019  0.95062028190755732  0.95573307420795384  0.96144554222900525
  0.96721053630077969  0.97407785533087798  0.98424216452562474  1.00000000000000000
 -0.01744746875221943  0.10178877755780519  0.13443309097063769  0.15390096308620618
  0.17061149606642229  0.18709894546402167  0.20365641673388427  0.22146907728972234
  0.23689419071456808  0.25160694757908436  0.26375541478475600  0.27599902064053733
  0.28677509372213572  0.29608539792868321  0.30474907917274352  0.31316173503224121
  0.32104375355483383  0.32852204741497187  0.33587531796641495  0.34296244198911835
  0.34924882840686594  0.35519228292578414  0.36143143099172031  0.36803499544198087
  0.37433889579302160  0.37924657322315697  0.38465975270542196  0.39081559887716066
  0.39708864966422647  0.40332668658519122  0.40937511147785066  0.41493677308560906
  0.41985491119465701  0.42450030838198904  0.42933398390915756  0.43443563449499256
  0.44020482743188966  0.44626265871385512  0.45192102399145961  0.45719643110153724
  0.46244633261270557  0.46694330214427265  0.47108136453087712  0.47497388829711673
  0.47899189832355354  0.48428044111940116  0.49032784341024344  0.49608499053824429
  0.50157852661358970  0.50684975537867871  0.51244854720112354  0.51746406281713087
  0.52226238158640004  0.52719399276833201  0.53254595014841577  0.53815686230122073
  0.54512624077439498  0.55195136864915972  0.55687612162691269  0.56191393166244041
  0.56737320847674133  0.57317962702960668  0.57930403175692302  0.58536524966907522
  0.59345738342529664  0.60117747815119893  0.60818003074566418  0.61430615883137785
  0.61977021958063161  0.62518241689791842  0.63081685824597811  0.63668153778284409
  0.64281906767358998  0.64881358554136781  0.65505748387421459  0.66174152388741159
  0.66897932483478162  0.67723029426535730  0.68483852410054502  0.69188857931387360
  0.69925836282956799  0.70755981940266688  0.71639034155823056  0.72395280050688604
  0.73169801423054448  0.73984565520539047  0.75116804258573167  0.76423039214043331
  0.77847842280439072  0.79349543806783240  0.81063957894441308  0.83084995101790748
  0.85259474284765480  0.88130091027989532  0.91766393916890276  1.00000000000000000
   3.3183967251859952E-014  -1.0000000000000000     
 F F F F F F F F F T T T T T T T T T T T T T T T T T T T T T T T T T T T F F F F F F F F F T T T T T T T T T T T T T T T T T T T T T T T T T T T
  <DiscreteSampler_grid>
  grouped_processes
  1 # 1 for a reference and 2 for a running grid.
  10 # Attribute 'min_bin_probing_points' of the grid.
  1 # Attribute 'grid_mode' of the grid. 1=='default',2=='initialization'
  0.0000000000000000 # Attribute 'small_contrib_threshold' of the grid.
  0.5000000000000000 # Attribute 'damping_power' of the grid.
 # binID   n_entries weight   weight_sqr   abs_weight
    10   10   1.755365854717357E+000   1.309576051763290E+001   1.755365854717357E+000
    11   10   1.755365854717357E+000   1.309576051763290E+001   1.755365854717357E+000
  </DiscreteSampler_grid>
