 -0.00003663450265910  0.00045993231272391  0.00087176521425421  0.00129321544381913
  0.00169382213869382  0.00208033919791875  0.00244150800820218  0.00277867690218926
  0.00310491412571873  0.00345815557128480  0.00381266488861394  0.00412828443817328
  0.00444878909640952  0.00479751267701058  0.00517697835280609  0.00567544687481299
  0.00605317840978169  0.00642637783711319  0.00679531743993555  0.00716654415430759
  0.00753498367486949  0.00789076870644344  0.00822115385630134  0.00853903250582663
  0.00914798645057730  0.00978903523478826  0.01042036157811429  0.01103781869237266
  0.01160076885209734  0.01214193674537136  0.01269354129064951  0.01311441774142878
  0.01333218780564058  0.01355783092230817  0.01379933152770225  0.01405843050872979
  0.01429530893488496  0.01452575928194376  0.01477189480772343  0.01504134145033863
  0.01530543167420162  0.01557304590516412  0.01582528484520610  0.01606641429811300
  0.01630547152539491  0.01656951742247009  0.01684899151188358  0.01710833139902388
  0.01733056140498168  0.01752201100084358  0.01771742916607342  0.01800508296134919
  0.01841746543731651  0.01884632521316533  0.01928990812602035  0.01971231863929706
  0.02025245022322911  0.02069667925726973  0.02099891451437085  0.02131063109058887
  0.02193723796282718  0.02282973216247900  0.02393981444468474  0.02503700765761358
  0.02612705495422802  0.02721552849614179  0.02830333289891047  0.02932712927700157
  0.03033026626843836  0.03212903640262228  0.03436360330221896  0.03686707883915388
  0.03973198101617083  0.04267301515990796  0.04600158280004370  0.04932119873599217
  0.05260850127080187  0.05600699658832629  0.05974773361390226  0.06190234177150059
  0.06254829304424146  0.06334042575264751  0.06418413557020225  0.06696361196730023
  0.06953310877252097  0.07191157448246863  0.07400386375941921  0.07601534108796040
  0.07813142698703801  0.08190135780292963  0.08934998815883141  0.10459032337474558
  0.11575339136716004  0.12569968428534911  0.13711347799680651  1.00000000000000000
 -0.00258192467338133  0.01196181653273710  0.02635978381868310  0.04044358004395183
  0.05156419584731929  0.06304656785877494  0.07349962040942921  0.08258123350788887
  0.09279148440930350  0.10352528283198703  0.11394562468566172  0.12452259047061742
  0.13546433148031919  0.14716219569366473  0.15828803592113103  0.17009146173965309
  0.18154434888269147  0.19146930684989205  0.20133137826568143  0.21102811632558713
  0.21903062932928991  0.22826577579829507  0.23658470437524465  0.24758023977187368
  0.26052940864820284  0.27340014588886308  0.28854917314863210  0.30257943944822069
  0.31601214319161791  0.32897915333380490  0.34223456587988949  0.35651952307594503
  0.37390188263011787  0.38640270406306276  0.39777777670190728  0.40875871922127555
  0.41842232706411692  0.42729850279148024  0.43713005815277656  0.44811501446215535
  0.45897498078607141  0.46842162696176398  0.47678954454817563  0.48563747103168431
  0.49443153511254401  0.50351915700834882  0.51327179949865986  0.52487251811427660
  0.53907118089137462  0.55438019930860127  0.56800681021365373  0.58147888283989801
  0.59415161065236077  0.60668844851440362  0.62046408720303903  0.63124596951213086
  0.64261818636930845  0.65452620408368656  0.66620787000366510  0.67669370901441805
  0.68766932482679277  0.69911955334438092  0.70812636900734716  0.71333266043420740
  0.71820034813576761  0.72383607510807935  0.72910932765414405  0.73522160421033989
  0.74014573450338883  0.74337212490425175  0.74657736354089488  0.75128399387739320
  0.75570468273315250  0.76021886442490760  0.76641122444869325  0.77352460382748789
  0.78539825113488504  0.79927106808054560  0.81535143204714666  0.83105157582113176
  0.83924155551038482  0.84761428348145429  0.85642465944924284  0.86555046298724791
  0.87582934012350744  0.88785144886646628  0.90075695060849825  0.91379509059810204
  0.92611156959263807  0.93726309598294799  0.94873854344247255  0.95860622207322499
  0.96934961395928154  0.98102065880320277  0.99098217040093284  1.00000000000000000
 -0.01897552471281611  0.20897029569288172  0.33955713345953725  0.43571154307517151
  0.51599057878953158  0.57542335544028200  0.62770039958158541  0.67687930656379314
  0.71398812932057709  0.74832935807478917  0.77575051046359778  0.79734222605693394
  0.81665542728028107  0.83316401586125111  0.84712556197115463  0.85935469496627104
  0.86958130077944396  0.87890389246972833  0.88695236431896995  0.89404339936369326
  0.90048159959499685  0.90621720412293538  0.91147931197981114  0.91629094711224490
  0.92099718179081036  0.92563646681197231  0.93028976406250885  0.93490693377796585
  0.93836841743178989  0.94137402410329640  0.94416865283059992  0.94673303882161519
  0.94913294518022440  0.95148029820204028  0.95405881204965781  0.95659405117925278
  0.95864565296355553  0.95996637324022305  0.96093734557388200  0.96198992796591642
  0.96303919065870058  0.96409029195175211  0.96519381929294423  0.96626143174466417
  0.96727404091882818  0.96823703856062293  0.96910686993562545  0.96984209987751258
  0.97057685514536585  0.97135998009528168  0.97217806040877885  0.97298037495831080
  0.97382095415591130  0.97465463046067913  0.97543929648798955  0.97619593454425080
  0.97692376829406924  0.97764664406201018  0.97831646229448599  0.97892237971074103
  0.97946920587782416  0.97997953461979259  0.98045725973194153  0.98090474710489894
  0.98141731835171564  0.98197326296983933  0.98252384126385650  0.98303073438090294
  0.98351904674251300  0.98403482968797562  0.98454562853201555  0.98505341004290758
  0.98577044886632614  0.98633513543066098  0.98677246360940918  0.98725782174838739
  0.98769243122728134  0.98813750013065638  0.98855826887349962  0.98898103831218187
  0.98947784254095938  0.99010393858449719  0.99075062608118469  0.99130703961540312
  0.99178214317454372  0.99212665920932874  0.99250354957582898  0.99288931448380879
  0.99329071860517426  0.99372953860159852  0.99419129732830691  0.99475842397146530
  0.99559693370570190  0.99666042740364280  0.99785170846219728  1.00000000000000000
 -0.02016628964207586  0.12191563572400033  0.18265107076110321  0.21238769352318471
  0.23540846773571211  0.25452479836083924  0.27347120695773086  0.28956138443874391
  0.30287650476492989  0.31784415792749676  0.33159149236887292  0.34297322945298614
  0.35208852526484574  0.36098872321557623  0.36913556607083403  0.37748086828353589
  0.38625575189700723  0.39511279224277729  0.40277345058551767  0.40984054618182686
  0.41655260515763842  0.42351382036845847  0.43077781330624054  0.43802073237669625
  0.44553201591334707  0.45205165393008151  0.46081161537525073  0.47092548457296601
  0.48044204341906394  0.48352733564493616  0.48596906691278680  0.48822348635806923
  0.49124818100330875  0.49488419452652566  0.49810084778437030  0.50176524872576378
  0.50498181377352558  0.50729037634236385  0.50880002841797267  0.51041419212921779
  0.51197332554235653  0.51428132828252116  0.51769002486255389  0.52070730632438966
  0.52376743202596532  0.52676222217267599  0.52947017212086345  0.53195745499469804
  0.53461505069566528  0.53744402020807625  0.54041812355350760  0.54557748990751054
  0.55453560894969967  0.56314691762452407  0.57111091616779386  0.57746580331969932
  0.58274472077662942  0.58638283860677953  0.59000478886503882  0.59361445537896440
  0.59755161345245444  0.60196061580090765  0.60731773818332402  0.61320503651744906
  0.62033704356856045  0.62747386190985610  0.63359605253493279  0.63759720934745268
  0.64163324603544991  0.64633996826447804  0.65171719356599700  0.65782905096596844
  0.66420892572162560  0.67058423324611616  0.67695597852696199  0.68276603918261780
  0.68792448546576901  0.69281953309513455  0.69779468328679994  0.70356856792036548
  0.71043837418188049  0.71778425494872633  0.72607339338640320  0.73868558013682839
  0.75015179868378001  0.76132257706926709  0.77294326908869815  0.78503269841292256
  0.79711013564794930  0.81083754837008726  0.82661900328362559  0.84161454160743199
  0.85748306407742747  0.87748796955252650  0.90759120649471337  1.00000000000000000
   2.1945985787989644E-043  -1.0000000000000000     
 F F F F F F F F F F F F F F F F F F T T T T T T T T T T T T T T T T T T F F F F F F F F F F F F F F F F F F T T T T T T T T T T T T T T T T T T
  <DiscreteSampler_grid>
  grouped_processes
  1 # 1 for a reference and 2 for a running grid.
  10 # Attribute 'min_bin_probing_points' of the grid.
  1 # Attribute 'grid_mode' of the grid. 1=='default',2=='initialization'
  0.0000000000000000 # Attribute 'small_contrib_threshold' of the grid.
  0.5000000000000000 # Attribute 'damping_power' of the grid.
 # binID   n_entries weight   weight_sqr   abs_weight
    10   10   1.073930053437479E-032   1.059477331358500E-063   1.073930053437479E-032
    11   10   1.073930053437479E-032   1.059477331358500E-063   1.073930053437479E-032
    16   10   7.328972495511250E-033   4.532334833812100E-064   7.328972495511250E-033
    17   10   7.328972495514157E-033   4.532334833812335E-064   7.328972495514157E-033
  </DiscreteSampler_grid>
