 -0.00010066736318848  0.00097827305169014  0.00173181431406551  0.00235018187126409
  0.00287486945278499  0.00338279123504173  0.00388253873100875  0.00433831133444560
  0.00478529203297222  0.00524563611460284  0.00572392229934353  0.00626551790727718
  0.00691050023932300  0.00744378070925281  0.00790051719280096  0.00832477470653379
  0.00876575665305091  0.00925672614088740  0.00970030330632772  0.01013991306328197
  0.01063876456707599  0.01119934857553346  0.01169465104836376  0.01204322935269285
  0.01235499941634811  0.01264695100559565  0.01295682379333096  0.01327874797627440
  0.01361176833428510  0.01393103625259202  0.01424250300889893  0.01456731635063731
  0.01488278305976157  0.01518126009775370  0.01551588386736423  0.01582796892483762
  0.01623794526906974  0.01669130937997202  0.01719608606617084  0.01795590748775618
  0.01910288723354582  0.02095146357493959  0.02266660295688180  0.02430742053158823
  0.02575775090183217  0.02723508149776879  0.02874129898344365  0.03044002974395810
  0.03220456477900949  0.03399367061771605  0.03532891443968076  0.03647971726995218
  0.03741876226462721  0.03812342350409715  0.03871769176621229  0.03928482218630400
  0.03995958247397917  0.04075223375581864  0.04146001519908809  0.04210865212741780
  0.04284226637546105  0.04357372533202601  0.04424887128646090  0.04487173990619631
  0.04557976900620708  0.04642487384033113  0.04727031426374090  0.04848108182882547
  0.04985212009978457  0.05132296719244202  0.05320471514876963  0.05498683894911668
  0.05663642858646237  0.05822363787460561  0.05973319221692981  0.06111255550161420
  0.06355359580262279  0.06640646568187236  0.06989972406456460  0.07371983757949631
  0.07810268706866648  0.08255684339377951  0.08706384722099404  0.09255966184252640
  0.09860216730513072  0.10545706500712959  0.11200916438428457  0.11562153293511220
  0.11716306307153895  0.11929035369972572  0.12334987902826125  0.12848309957394205
  0.13404406753851308  0.14354058909082068  0.15825265532713453  1.00000000000000000
 -0.00171382222290952  0.00592555851679071  0.01476656480479423  0.02490406938583556
  0.03715671120239081  0.05008381548074085  0.06638242896554961  0.08010666545572037
  0.09307705999734739  0.10511169525912187  0.11698573478326610  0.12711675706965400
  0.13775146036102426  0.14875325208497819  0.15976686862582481  0.17107709295859189
  0.18444152767698208  0.19940594589091273  0.21308274437609220  0.22526120513754094
  0.23613593411322123  0.24684220766710122  0.25726947842119458  0.26550403597865502
  0.27268352522556932  0.27792054757048767  0.28407838933317814  0.29213255180820563
  0.29936956347515442  0.30586917702915806  0.31064923387259374  0.31538429307493471
  0.32135042710139450  0.32980254080418248  0.34075093648465071  0.35327797817693718
  0.36516937671212091  0.37612806179973285  0.38510244533112603  0.39215988098912891
  0.39918911830357240  0.40708411039152853  0.41744047567272108  0.43002031560504955
  0.44539575858604757  0.46022992291138820  0.47576039876075554  0.49048915820724087
  0.50570644062182835  0.51978129629237035  0.53241783359856598  0.54413360596781624
  0.55553682312838337  0.56727075956118178  0.58021634638672148  0.59526078053381881
  0.61118272368754034  0.62686775351192237  0.63987577320831301  0.64869129963485961
  0.65576065173105980  0.66247731252831399  0.66964672982673445  0.67831201617997539
  0.68539085757374940  0.69295674537912300  0.70055180505151371  0.71023217496959434
  0.72148794186582133  0.73079959316122656  0.73639632774951136  0.74176528374280715
  0.74823435118434334  0.75714364389264388  0.76645389336468295  0.77528097974505850
  0.78451927592068604  0.79299516166960082  0.80265516094225298  0.81366258378560219
  0.82621572525908338  0.83829927764643020  0.84965722119091958  0.85982023345886860
  0.87070741316708078  0.88196723099276764  0.89399985967417228  0.90472824134534469
  0.91418219137120282  0.92408336387675039  0.93447743413464690  0.94495891300342183
  0.95514788520000149  0.96809755272992148  0.98379340050257968  1.00000000000000000
 -0.04618095467288080  0.35460484214650445  0.51237829301072690  0.60898810631278233
  0.67257912708661383  0.72206969918969277  0.75585878735713274  0.78534755649634547
  0.80937167211752437  0.82781879875611719  0.84316657567453168  0.85593230278365862
  0.86667936690726644  0.87649292490324160  0.88469038055079785  0.89172257086025974
  0.89773197536666127  0.90336922562145860  0.90874641366364939  0.91362877721085012
  0.91835358393663546  0.92299439271792061  0.92735536237782601  0.93150184462601393
  0.93540725612424169  0.93872344391821994  0.94144390157324098  0.94384017521744101
  0.94606716811071667  0.94811652692546677  0.95016937050049233  0.95219430258070126
  0.95425244106451979  0.95624058431064318  0.95799063705593279  0.95952556262286659
  0.96099556874111736  0.96239513763910156  0.96377447595966204  0.96503509684197186
  0.96630045433028322  0.96750369567628858  0.96867897116562118  0.96988129365963149
  0.97092652878807839  0.97182176995093172  0.97266990020058208  0.97349533719213255
  0.97426990889170706  0.97497788128765728  0.97567886094381595  0.97634373766817550
  0.97695312974106296  0.97751516084716672  0.97815140311362170  0.97885963595142456
  0.97955905448411906  0.98031913814755833  0.98104388574083112  0.98176974956626606
  0.98257396780674111  0.98349524136414801  0.98407473738485507  0.98453059878982441
  0.98495731341457371  0.98543112881928696  0.98590620702271181  0.98633562499307337
  0.98677870818417079  0.98722495241976460  0.98766744105339266  0.98822474706620167
  0.98868564762830946  0.98904810561147116  0.98940707233836900  0.98976573544182211
  0.99011779812878864  0.99048464599582697  0.99084975371876438  0.99122131419680426
  0.99161395209630721  0.99200763550634674  0.99239966170394478  0.99278972387365760
  0.99318892342944309  0.99359099182858290  0.99399403702174938  0.99436381884963065
  0.99474530980178266  0.99516425306001255  0.99561431803627265  0.99608657942637646
  0.99661978423694941  0.99718069379935637  0.99787566465452182  1.00000000000000000
 -0.02466731780203394  0.11102803453910240  0.17517061601620193  0.20637491070118819
  0.22407625755669525  0.23782220481373914  0.25016699331131265  0.25824218525097148
  0.26389960840363375  0.26903527165349600  0.27596227136173507  0.28411651182330205
  0.29232234110593253  0.30044467668381258  0.30710666730454028  0.31434000802094830
  0.32467323380501661  0.33670674270608025  0.34641891886016046  0.35547543480475952
  0.36277474496793954  0.36948328338820963  0.37639827412083443  0.38277500399426728
  0.38850691742530724  0.39438917308284183  0.40080850558732095  0.40834145148303125
  0.41546721652004776  0.42244329067663117  0.42940447179399566  0.43664028743848016
  0.44345081485419002  0.44993392586953745  0.45561371418333235  0.46058195449500899
  0.46558369485349133  0.47012713449913324  0.47469033442486475  0.47919796664682129
  0.48416688371555022  0.48977790307715785  0.49612442937182910  0.50284409671576669
  0.50877998869674268  0.51322750554354502  0.51776269749197312  0.52195730809369056
  0.52605371588284811  0.53042364852577806  0.53534221722354758  0.54021962814590485
  0.54478736785481563  0.54893136433195966  0.55317656233422996  0.55733672507362608
  0.56156436290205758  0.56631099833351795  0.57164328519866159  0.57703677456571723
  0.58247302824915625  0.58810591495153808  0.59444093199180237  0.59943804256769195
  0.60265093681153936  0.60555302839755054  0.60823503437570148  0.61139355048155397
  0.61471861682866913  0.61925467570933912  0.62444679742262788  0.62975451904866564
  0.63569885082217670  0.64128989585756391  0.64730692448536142  0.65354497243219134
  0.65936919220548240  0.66571587810038024  0.67317162556482202  0.68149461539722633
  0.68940394502448410  0.69903391035311446  0.70970357344433144  0.71992377321142798
  0.72894823122059738  0.73739561298072953  0.74670717105688900  0.75819610233748824
  0.76969427667760681  0.77862140843442662  0.78897461080359854  0.80290300003444770
  0.82052126199949160  0.84682006756225492  0.88881086961737088  1.00000000000000000
   2.9576133705898669E-045  -1.0000000000000000     
 F F F F F F F F F T T T T T T T T T F F F F F F F F F T T T T T T T T T F F F F F F F F F T T T T T T T T T F F F F F F F F F T T T T T T T T T
  <DiscreteSampler_grid>
  grouped_processes
  1 # 1 for a reference and 2 for a running grid.
  10 # Attribute 'min_bin_probing_points' of the grid.
  1 # Attribute 'grid_mode' of the grid. 1=='default',2=='initialization'
  0.0000000000000000 # Attribute 'small_contrib_threshold' of the grid.
  0.5000000000000000 # Attribute 'damping_power' of the grid.
 # binID   n_entries weight   weight_sqr   abs_weight
    10   10   4.963097272665298E-035   1.518998781982848E-068   4.963097272665298E-035
    11   10   4.963097272665298E-035   1.518998781982848E-068   4.963097272665298E-035
    16   10   4.067448044327614E-035   9.632776882613144E-069   4.067448044327614E-035
    17   10   4.067448044327614E-035   9.632776882613144E-069   4.067448044327614E-035
  </DiscreteSampler_grid>
