 -0.00003149218106304  0.00034074244382084  0.00064010272706851  0.00096020110950495
  0.00129165969316061  0.00165294435297293  0.00203791036594543  0.00240421452644375
  0.00272467504317039  0.00305009974973363  0.00346240051982053  0.00387055934411944
  0.00427477407641252  0.00469834598372983  0.00510918457410872  0.00552439389439204
  0.00586154106120725  0.00613206378443039  0.00641532546529057  0.00670498318149212
  0.00704065051027471  0.00741111737361497  0.00771959534765876  0.00807319656778658
  0.00838665078734264  0.00906302145422141  0.00984010960066476  0.01032721704193649
  0.01075983641349451  0.01112692948791296  0.01151406222044681  0.01189989021818400
  0.01227498638691283  0.01259886459968949  0.01295022697928840  0.01330176767691844
  0.01364428238550945  0.01399219998589237  0.01447852810204705  0.01491170434931369
  0.01542221795065967  0.01594245355213475  0.01619893451207578  0.01637753515015288
  0.01662007690554073  0.01688947637185317  0.01716443824136806  0.01741803383147918
  0.01767676773269902  0.01796808571195715  0.01830461064324878  0.01861725856886174
  0.01890169337853585  0.01912775198094223  0.01935200108606904  0.01955933655956889
  0.01976111407880239  0.01998107925420470  0.02022749458544879  0.02048986185731651
  0.02081869743935016  0.02104313946194195  0.02127116714986253  0.02150546854077806
  0.02178808496469643  0.02221313922163513  0.02274214579850067  0.02322874472673585
  0.02361090252840008  0.02398538353206541  0.02704667375684072  0.03038249628783717
  0.03418128790566515  0.03964319575442975  0.04455683392401150  0.04575641277776123
  0.04695599163151097  0.04815557048526072  0.04935514933901045  0.05055472819276019
  0.05270830342255189  0.06090948168586879  0.06911065994918569  0.07731183821250259
  0.08551301647581949  0.09371419473913641  0.10188661802702731  0.10428806608137196
  0.10668951413571662  0.10909096219006127  0.11149241024440593  0.11389385829875058
  0.11629530635309523  0.11869675440743989  0.15170249620345905  1.00000000000000000
 -0.00244370948880948  0.01151033333226190  0.02419842259457439  0.03640600710612559
  0.04803092616471096  0.05858467043569111  0.06907664502497993  0.07894260151006978
  0.08825180161927690  0.09683995517572534  0.10513917398132092  0.11481202470274743
  0.12615612511310326  0.14156867988959088  0.15741179636464442  0.17240848661228941
  0.18852075114128336  0.20459631654014654  0.21753351605750751  0.22862017965698003
  0.23959225799100395  0.25113527641026967  0.26093091700650473  0.27096132391065986
  0.27880028681339741  0.28716219508325153  0.29602209273749958  0.30522133108426319
  0.31462107499282504  0.32719342787788469  0.34117497795446683  0.35282012826967307
  0.36017867556917083  0.36641973817485118  0.37281035501721005  0.37859369467520176
  0.38359806045714334  0.38962786347246936  0.39651180156895327  0.40262623851670776
  0.40863045421471950  0.41630552330375797  0.42800977131799978  0.44384766976391132
  0.46018345911202158  0.47676282627417438  0.48650855858654246  0.49277634474345722
  0.49904413090037197  0.50476608762917130  0.51045060900367900  0.51576302018894515
  0.52002382816720427  0.52428463614546350  0.53178812921495033  0.54135657374588575
  0.55065220258228098  0.56101139447199555  0.57185636877524859  0.58169851893906555
  0.59190745977218373  0.60390684044059617  0.61514247636989261  0.62490461883458315
  0.63379311506961911  0.64186754544749880  0.64988490478921002  0.65814905830971249
  0.66649919828089932  0.67501608094970511  0.68438127532832627  0.69856776440458124
  0.71411249165986501  0.72687839913549934  0.73498601097667260  0.74178877649140518
  0.74785852739802028  0.75484302745257803  0.76210826962653644  0.76852896845323571
  0.77445838182505566  0.78090974921342549  0.79051086874944176  0.80521048077768209
  0.82340847080844570  0.84001053807326631  0.85576608763456952  0.87176430751708023
  0.88818434562146953  0.90466432448548972  0.91974763810605176  0.93492954098002479
  0.95056230228428695  0.96652113130345219  0.98357398675974783  1.00000000000000000
 -0.01536302079863143  0.16739129858219209  0.27020236271404152  0.35389710509921413
  0.41823216109749606  0.46888851088116945  0.51124200192189340  0.54770192987228294
  0.58496930277467141  0.61854185710383824  0.64808102905932063  0.67454230145352589
  0.69649992507160285  0.71719953475969078  0.73901265289834561  0.75897227091397246
  0.77501379989965535  0.78936946400099151  0.80489177310568349  0.81933789353655240
  0.83082067037019591  0.84095690562418379  0.85118844015319661  0.86073210991546234
  0.87053255699164234  0.87806280082397370  0.88433417773171874  0.89026517807309347
  0.89540098865072637  0.89979273703029172  0.90357067334600238  0.90710719308869336
  0.91058559101457803  0.91403794421017159  0.91733473976781710  0.92044205818073910
  0.92345878490493982  0.92654818512440806  0.92962308006722727  0.93246816493949392
  0.93512605903389201  0.93769613000870322  0.93944847475489091  0.94122562997958104
  0.94308965255905119  0.94480813184995416  0.94659551785787321  0.94844913837310219
  0.95043555804549673  0.95241858374256216  0.95404239138934954  0.95541845257085101
  0.95671280567964057  0.95801494188531722  0.95930827399746887  0.96053431618487373
  0.96170204337929921  0.96284252672092685  0.96398976495180488  0.96515760048930355
  0.96626070474200043  0.96729501765147841  0.96826696714070382  0.96917222789765289
  0.97002127783718417  0.97085770571925878  0.97165479696979062  0.97244804988348243
  0.97324577929223610  0.97403385506551043  0.97477060276424998  0.97557398501297665
  0.97638072050157054  0.97719713648176343  0.97819623279408596  0.97912988832557613
  0.97998244931167866  0.98075321263720061  0.98149593258894452  0.98224406941567188
  0.98296868798884651  0.98375026949821609  0.98473683763633868  0.98602449120331037
  0.98758833432931614  0.98924818467315767  0.99088674232949792  0.99209075550118198
  0.99273610188537043  0.99338144826955876  0.99408608419478128  0.99480676562331860
  0.99555150977911966  0.99640765655759300  0.99726380333606623  1.00000000000000000
 -0.01516984426227643  0.09998737169033284  0.13705594087588202  0.16457061743390258
  0.18514644784823389  0.20310303483615871  0.21793420411498454  0.23003488864254829
  0.24109344662272711  0.25369668014186747  0.26585907186913516  0.27757389873454308
  0.28893503877292664  0.29843018038945085  0.30535249339842907  0.31108961030285276
  0.31698567518290355  0.32304549566177354  0.32970422442262404  0.33621269675197951
  0.34098780143058077  0.34536356173776978  0.34967482352628521  0.35427073436007939
  0.35881372582996290  0.36296548665413514  0.36686422792165385  0.37120569922884683
  0.37566013700042900  0.37964774023776948  0.38329126624421817  0.38714314858721677
  0.39169971255929492  0.39636818868588974  0.40157334204125678  0.40712912806201074
  0.41323793230267836  0.42141655616046558  0.43219300879076539  0.44424020821975979
  0.45600940038645316  0.46754482933411606  0.47750136537487065  0.48439983044731177
  0.48981328283696052  0.49581917606838521  0.50151675746903668  0.50700958146241404
  0.51237584804335057  0.51686609551957186  0.52177426100016111  0.52706250001748001
  0.53228815229928761  0.53850046619764735  0.54359176242048846  0.54968809847671463
  0.55592332883642681  0.56215512708846371  0.56864877462181018  0.57589579153308945
  0.58353328096076906  0.59002870262777707  0.59533758880799637  0.60049496997351881
  0.60556695575295527  0.61137565047293219  0.61700846610593740  0.62267593370276964
  0.62868790264988539  0.63537963143316456  0.64262307508040306  0.65124113164202824
  0.66030536535192474  0.66789048555944652  0.67444203402820502  0.67969783252355431
  0.68218767664888869  0.68467752077422295  0.68748986114421373  0.69042728912988549
  0.69333830142115560  0.69612436529153088  0.69891042916190627  0.70422491279284505
  0.71418733048914151  0.72796976875157648  0.74373145464989554  0.75933628894759631
  0.77645039280315298  0.79350215605645968  0.80983798062060020  0.82846447760520969
  0.84937797159856887  0.87712145007287734  0.92334345142693286  1.00000000000000000
   3.6696893557915975E-015  -1.0000000000000000     
 F F F F F F F F F T T T T T T T T T T T T T T T T T T T T T T T T T T T F F F F F F F F F T T T T T T T T T T T T T T T T T T T T T T T T T T T
  <DiscreteSampler_grid>
  grouped_processes
  1 # 1 for a reference and 2 for a running grid.
  10 # Attribute 'min_bin_probing_points' of the grid.
  1 # Attribute 'grid_mode' of the grid. 1=='default',2=='initialization'
  0.0000000000000000 # Attribute 'small_contrib_threshold' of the grid.
  0.5000000000000000 # Attribute 'damping_power' of the grid.
 # binID   n_entries weight   weight_sqr   abs_weight
    10   10   1.394219879979809E-003   1.632633551037969E-005   1.394219879979809E-003
    11   10   1.394219879979809E-003   1.632633551037969E-005   1.394219879979809E-003
    16   10   1.394219879979809E-003   1.632633551037969E-005   1.394219879979809E-003
    17   10   1.394219879979809E-003   1.632633551037969E-005   1.394219879979809E-003
  </DiscreteSampler_grid>
