 -0.00004977645717183  0.00089212020072565  0.00183494707068599  0.00275682320494810
  0.00368748318730609  0.00462964394585667  0.00549639841644462  0.00629560479201859
  0.00708673088511495  0.00788134436613812  0.00872806371245755  0.00949384574813882
  0.01022394807211059  0.01098908842676907  0.01175938935985201  0.01265991409845861
  0.01348597943238035  0.01423178264680679  0.01498426755831093  0.01573310166893800
  0.01645264682139766  0.01712685690782348  0.01779804912595858  0.01852533731341246
  0.01934851208183170  0.02014754662091900  0.02082892482504389  0.02144389638300349
  0.02208030277460936  0.02272886806967125  0.02334983948724047  0.02398537941663452
  0.02459899175310349  0.02520722575205671  0.02585886945553437  0.02652992102903982
  0.02732153563436875  0.02821962934869818  0.02917734386740714  0.03000647710366222
  0.03096552875421824  0.03180932771235429  0.03248625788787993  0.03328809799831262
  0.03417147491384252  0.03507043761772818  0.03596337377914490  0.03691954169517556
  0.03794683853888809  0.03904659037735371  0.04011967283368251  0.04118010169109091
  0.04228193716800459  0.04407679943564843  0.04670438644033890  0.04974460674907748
  0.05280710461475052  0.05455941123340453  0.05629513708609334  0.05791061859935720
  0.05927674262488093  0.06033408729436547  0.06160679926012615  0.06287068731203373
  0.06406446253038220  0.06516444049971611  0.06631127972053288  0.06762168304302618
  0.06917222881450866  0.07092908817820107  0.07246304033541542  0.07408682169758517
  0.07582950236921433  0.07782490107673228  0.07991212069873999  0.08263826103382241
  0.08519232221245160  0.08711708652641950  0.08918574268929653  0.09244761033689501
  0.09471125796974632  0.09666425109990966  0.09867852590712985  0.10002905012230384
  0.10126378583883940  0.10242098045546252  0.10363264758855434  0.10507401207287112
  0.10670083391019698  0.10839684236089220  0.10979204152449999  0.11161221545881747
  0.11742206459078552  0.18536084604617969  0.30234524101008864  1.00000000000000000
 -0.00123367224230246  0.00377539294462876  0.01036858222799588  0.01731680133455432
  0.02626384958816928  0.03707154310220828  0.04908086083127959  0.06057608320426208
  0.07221581624905933  0.08379693734247277  0.09519026616804954  0.10811113851804013
  0.11954126161072498  0.13108248600739125  0.14166114002244679  0.15236289478088913
  0.16266997195984451  0.17211302739366524  0.18091081572707440  0.19032877885276836
  0.20144036470040150  0.21361168751688447  0.22587676805302911  0.23826298548876756
  0.25033902129189839  0.26201800552551135  0.27414761038458590  0.28702974498897904
  0.29981320902977482  0.31090102873259690  0.32151057524186033  0.33163319844117245
  0.34143890103218455  0.35156641260612898  0.36035863180186434  0.36900742351774346
  0.37679096854153282  0.38435576582968545  0.39193915063692408  0.40024506151786621
  0.40914224896294538  0.41768518517698677  0.42675027213621947  0.43725986165520642
  0.44737797077044439  0.45718660259957289  0.46835818024892562  0.48020398281816046
  0.49252687570804871  0.50601895232747796  0.51912889588921396  0.52796722312366284
  0.53625341199449350  0.54415405504072656  0.55295926917093696  0.56237162345088754
  0.57090453046127509  0.57824718612579540  0.58731823942176697  0.59997110573167278
  0.61173893039663751  0.62264820075439486  0.63324305325579677  0.64391267457507795
  0.65522201590856122  0.66602842996214240  0.67625202095905990  0.68679179756482178
  0.69790605908469194  0.70962872241189667  0.72108187159313331  0.73274858955775235
  0.74476127545837933  0.75775098559739551  0.77130536701936359  0.78456319776271322
  0.79777530228181881  0.81295875743053125  0.82759627931915614  0.83900161157726627
  0.84832032845604810  0.85962920345189353  0.87013121234339086  0.88012737499415195
  0.88889222655589795  0.89801614751994752  0.91080811064900391  0.92395017875584395
  0.93517845047901849  0.94658464539578779  0.95801231680652998  0.96601440756493173
  0.97589522736006895  0.98497016598737530  0.99274550145376139  1.00000000000000000
 -0.00753611768833846  0.10536045612393918  0.17497280409412072  0.23188803627440940
  0.28374459043372852  0.32961719844710358  0.36818735368332406  0.39896305809163884
  0.42615035481283303  0.45375475325641673  0.48168942276434257  0.50723544172154855
  0.52727619956945948  0.54478900573794886  0.56137502280770790  0.57743981581230763
  0.59400956335822586  0.60982418038486019  0.62495990169992444  0.64104838884270565
  0.65324853715736020  0.66426923486440803  0.67508972811733559  0.68662413102977116
  0.69701186858750963  0.70572673907958305  0.71439041071475706  0.72322298390727680
  0.73189339510233598  0.73999209616249728  0.74741509690131636  0.75503101346139745
  0.76285451981233143  0.77014108609928733  0.77629676509599199  0.78183470850624215
  0.78743027158211965  0.79306239026457392  0.79842704956941846  0.80345391874368244
  0.80838643379512543  0.81284351216968898  0.81722260763622845  0.82155403587871456
  0.82599204200835152  0.83053728738594113  0.83495792830762505  0.83890973314074535
  0.84263316154485901  0.84622750428465088  0.84966766661628468  0.85313251201723983
  0.85615593857351202  0.85904497811691949  0.86226455752040931  0.86532299853479122
  0.86811315549117030  0.87064198408128257  0.87295867179045794  0.87537764683651931
  0.87827013236150209  0.88132362495045002  0.88431087906105732  0.88738468625139655
  0.89028259323065817  0.89278658037164949  0.89530728274241655  0.89789359020569881
  0.90047679890109555  0.90322783793828132  0.90635098429940297  0.90955883698876483
  0.91285674763093194  0.91578704861336580  0.91946850244503164  0.92302234585428455
  0.92665515100697415  0.93028135049958904  0.93398089342408941  0.93758919293849186
  0.94010468131139535  0.94224738426793775  0.94436099696468145  0.94659160526551167
  0.94881168004681027  0.95103870211552366  0.95327504328854062  0.95653304816479146
  0.95979416947309337  0.96306002800256840  0.96633390329677926  0.96961085193979690
  0.97309449896968747  0.97742637980937275  0.98411001075921178  1.00000000000000000
 -0.01845322675329655  0.13072522188115226  0.19862378370338002  0.23825372621274077
  0.26438071094842330  0.28756816540753360  0.31010920969280192  0.33078204842851289
  0.34656375167769621  0.35836145541126263  0.36797399022842592  0.37683019209872309
  0.38512613149184616  0.39378274046390521  0.40210513579360158  0.40979541791728985
  0.41661889900343568  0.42355496224783673  0.43049183700480159  0.43812923883293137
  0.44736920587367673  0.45690182936376200  0.46532444738077311  0.47334839240156928
  0.48147326629683812  0.49009630148694106  0.49764920182199240  0.50372669551827476
  0.50856185942232057  0.51311515059893953  0.51811576243142543  0.52333058062930016
  0.52839889972240872  0.53316600511251844  0.53774948200380024  0.54291424962227597
  0.54806622468067134  0.55303925283144317  0.55809072801238568  0.56271524118509120
  0.56803545044763626  0.57442148370933499  0.58058158135986582  0.58671222306342796
  0.59297276070955363  0.59858844647889409  0.60326737608689573  0.60743515636873868
  0.61118049569761268  0.61519593970075748  0.61949950729708325  0.62420246869112239
  0.62902478883665025  0.63324136677567766  0.63723531930681765  0.64116071654630791
  0.64503081767999060  0.64926600539672852  0.65408740216776518  0.65845028504854797
  0.66181504345879494  0.66518474074244882  0.66994748817991667  0.67585353273115800
  0.68183051904403003  0.68798162269263063  0.69452753394113476  0.70149037436377326
  0.70882802843925075  0.71460456021777108  0.72034123628196844  0.72651988895536801
  0.73246865108187975  0.73845722825564619  0.74431743152714347  0.74976792494996225
  0.75444059583790157  0.75956116426309794  0.76485777262913579  0.77074006114166749
  0.77764307883286121  0.78504867277758117  0.79215248307051056  0.79877373602511315
  0.80564829983210329  0.81315509892506588  0.82255382498363672  0.83080045368286837
  0.83881569787639465  0.84802289546922327  0.85896249642085765  0.87204337842970281
  0.88573035206900319  0.90262247304518650  0.92682275274318981  1.00000000000000000
   6.1336372716964024E-010  -1.0000000000000000     
 F F F F F F F F F T F F F T F F F T T F F F T F F F T T T T T T T T T T F F F F F F F F F T F F F T F F F T T F F F T F F F T T T T T T T T T T
  <DiscreteSampler_grid>
  grouped_processes
  1 # 1 for a reference and 2 for a running grid.
  10 # Attribute 'min_bin_probing_points' of the grid.
  1 # Attribute 'grid_mode' of the grid. 1=='default',2=='initialization'
  0.0000000000000000 # Attribute 'small_contrib_threshold' of the grid.
  0.5000000000000000 # Attribute 'damping_power' of the grid.
 # binID   n_entries weight   weight_sqr   abs_weight
    10   10   1.095855736928576E+002   2.590706829535396E+004   1.095855736928576E+002
    11   10   1.095855736928576E+002   2.590706829535396E+004   1.095855736928576E+002
  </DiscreteSampler_grid>
