 -0.00009081332385855  0.00077499571425668  0.00177366357966026  0.00322598477551157
  0.00518476985464666  0.00758643491742588  0.01032206045737249  0.01339255576335418
  0.01683729260255767  0.02054718116174546  0.02467088788060322  0.02918165876556205
  0.03400441612629965  0.03910280914042717  0.04454766776936162  0.05011493586350703
  0.05578113274046187  0.06171118885998480  0.06797050571249305  0.07444606200035034
  0.08121459313647503  0.08826175156765283  0.09538864001971854  0.10268117229615614
  0.11020338729224671  0.11806951013268403  0.12618106011592703  0.13441764491438588
  0.14292799496517694  0.15150941740689972  0.16025763518182123  0.16912532578378559
  0.17807187132474270  0.18717538155430352  0.19643721399335998  0.20584486222768453
  0.21570210204236875  0.22596447698445535  0.23634325946627763  0.24695787901649513
  0.25800404565410412  0.26929571829927562  0.28073007406357342  0.29236329363103386
  0.30427251922293047  0.31614433467307551  0.32813339889874438  0.34012285930343561
  0.35210188326050057  0.36406577703362175  0.37630562409643881  0.38901796058982285
  0.40212593066941449  0.41575810979037869  0.42995538254815346  0.44440122182925240
  0.45877627738529975  0.47312589175785891  0.48721457656087980  0.50092768008065747
  0.51429053067627439  0.52743839250458091  0.54062214047911517  0.55443461283009854
  0.56807377946024173  0.58179851146476036  0.59570163617879779  0.60994057924848866
  0.62452185835625551  0.63882042204174683  0.65317532803449796  0.66795463526889975
  0.68280439729353037  0.69748880571779859  0.71199058443316177  0.72560187629559858
  0.73948053544657733  0.75340614128136296  0.76726096178728054  0.78108296372699804
  0.79511636854440126  0.80966671898037978  0.82415090306830174  0.83855182026317709
  0.85279217449584577  0.86685021581498922  0.88087189356852569  0.89431918146495071
  0.90739086915261091  0.92061644918089047  0.93424619261836728  0.94767303772725886
  0.96083376924061847  0.97395081085990687  0.98702587308283052  1.00000000000000000
 -0.00218635069801822  0.00975627379770517  0.01956547381528203  0.03011289170302969
  0.04036147157497755  0.05112844303493674  0.06165324860115214  0.07228830700640694
  0.08329106369457323  0.09442893661923725  0.10545231936321968  0.11564499717938555
  0.12599354266534110  0.13637120643461259  0.14684850369276284  0.15696086082999244
  0.16708968674463814  0.17795681652671386  0.18838814048918090  0.19859545485195224
  0.20847893022941771  0.21819155059378287  0.22811142933109274  0.23827387676011555
  0.24867063291223448  0.25937517018081724  0.27077258464927884  0.28377445140699387
  0.29698447896151436  0.30792869201517820  0.31873538970243825  0.32985738721853070
  0.34087720426139667  0.35133270046321585  0.36146626951596589  0.37143125726887971
  0.38132919674081034  0.39145631745803350  0.40221142607814730  0.41299125741903797
  0.42386184562472928  0.43529290633607853  0.44557592672683033  0.45633904371953127
  0.46712936746560846  0.47773684200337974  0.48836249219881300  0.49909394131087997
  0.50990792953452735  0.52073764801818268  0.53162369554127664  0.54254251865810832
  0.55343781964500460  0.56454226599115942  0.57596342031740200  0.58756343744806327
  0.59920460468471015  0.61057850248017043  0.62152177307509204  0.63205631464866097
  0.64214424024279138  0.65185222301528400  0.66094440632495077  0.67039560984056124
  0.68035440053886620  0.69095257351638750  0.70223991486024828  0.71376965577685980
  0.72523463646401565  0.73602428111201734  0.74620044503726768  0.75600390732666345
  0.76553502016461250  0.77554048207627146  0.78585757480625817  0.79590776606323477
  0.80541791099090809  0.81479488457402971  0.82443514326376166  0.83421137702232606
  0.84377223492874365  0.85325750467168515  0.86356563723641788  0.87415811844553026
  0.88526121280263326  0.89666654543167634  0.90814685147506669  0.91916938535991177
  0.92997581658979644  0.94071207370548315  0.95134971517377842  0.96140144278435380
  0.97137484478872138  0.98084580679336864  0.99044326599499199  1.00000000000000000
 -0.00369869660762056  0.02283452340606205  0.04123124870329355  0.05689401772062132
  0.07174726633181133  0.08595115927912300  0.09958177441378890  0.11269899952768678
  0.12555381433304028  0.13746359388877122  0.14899958926272816  0.16058195273138329
  0.17250956192131045  0.18431187006106731  0.19568567335552922  0.20737180098054012
  0.21965842464763563  0.23190981594841295  0.24302740112507204  0.25319611072185255
  0.26275347377629737  0.27239793182461575  0.28213415586963259  0.29174936393583384
  0.30131345793040587  0.31079361659819688  0.32058546134335186  0.33032032911978693
  0.34012576593060084  0.35029823222394707  0.36043918862734642  0.37021976972564374
  0.37921955634227172  0.38775198840899244  0.39630625111192741  0.40537359733278133
  0.41465538623846504  0.42393258689427021  0.43283639112636790  0.44151211029261306
  0.45082572606790955  0.46035189274347282  0.46946183641318834  0.47782635258328165
  0.48647310891910434  0.49518502695005734  0.50418312978618085  0.51290139238390375
  0.52144024148865897  0.53024151125660612  0.53928623397886299  0.54847828720673186
  0.55789253477258194  0.56746183258566540  0.57707557725450898  0.58633809333385056
  0.59501459290099468  0.60361984039219463  0.61213724648477186  0.62022165244080940
  0.62863519574280957  0.63654852300724785  0.64450125728458130  0.65322608727709075
  0.66160913167297208  0.67038881079820878  0.67927293116780163  0.68816695397938088
  0.69718332390934112  0.70625423959288747  0.71554977070868786  0.72516170060065743
  0.73406790271423072  0.74221679111247418  0.75075660452885240  0.75935964732683836
  0.76815816576785168  0.77652748278541073  0.78445311899470227  0.79250498300326566
  0.80112966519879436  0.80996848387331932  0.81915169363368279  0.82854986968586841
  0.83785645671860731  0.84733379059424219  0.85663469104775436  0.86668924032101269
  0.87721672320790611  0.88816857504354918  0.89934823039997069  0.91148469424529410
  0.92485069941913967  0.94105582551587252  0.96338653298288690  1.00000000000000000
 -0.01936610902688338  0.11602869484609382  0.15055114182837315  0.17211573343464515
  0.18868022301560897  0.20258084843394139  0.21513845066454959  0.22681471393438160
  0.23725956692138980  0.24705825760753722  0.25683417327786406  0.26607204913035215
  0.27477006186857839  0.28299143194764698  0.29118024107649038  0.29906610927704275
  0.30683708347369437  0.31451469218992545  0.32233063686115898  0.32990836428712450
  0.33704668312061414  0.34388817310456865  0.35070978703265615  0.35747490859681846
  0.36387758781661722  0.37010441023018953  0.37609039152233120  0.38208617876143441
  0.38821226287674104  0.39433093640637268  0.40017257269503631  0.40570655808850303
  0.41116519400161977  0.41657082903979137  0.42200912993397988  0.42745589220509950
  0.43289289194999758  0.43845615929800691  0.44396936114680552  0.44945446723616461
  0.45492700495643107  0.46050820174086099  0.46608845006997185  0.47168127334548327
  0.47718986865440216  0.48262392676138594  0.48805356849951281  0.49344675575342489
  0.49875637936099215  0.50408136052924002  0.50941822766422673  0.51463513305923891
  0.51982662478728781  0.52544367223614874  0.53117780238830337  0.53697210939885942
  0.54301352231229205  0.54926457512705140  0.55559402865304974  0.56185606597711979
  0.56788669473475695  0.57400474709081550  0.58049623794499683  0.58708167410559353
  0.59343803215271984  0.59975147830736031  0.60572781869620695  0.61151978536122298
  0.61732580700673023  0.62329287689559398  0.62949126139205458  0.63585540390821726
  0.64222775601369297  0.64860843250172917  0.65511990005814957  0.66177283399633591
  0.66861439615684881  0.67566608201958711  0.68292306406335701  0.69047774089444947
  0.69854454117022891  0.70676322496800925  0.71500047008915713  0.72321132248356357
  0.73155823469358872  0.74022976138082175  0.74913680201262001  0.75857566580155322
  0.76891463160571683  0.78054401544048102  0.79365455539159235  0.80901251048572986
  0.82760555460001917  0.85077068678927270  0.88542445992103747  1.00000000000000000
   1.5886196241246496E-011  -1.0000000000000000     
 F F F F F F F F F T T T T T T T T T T T T T T T T T T T T T T T T T T T F F F F F F F F F T T T T T T T T T T T T T T T T T T T T T T T T T T T
  <DiscreteSampler_grid>
  grouped_processes
  1 # 1 for a reference and 2 for a running grid.
  10 # Attribute 'min_bin_probing_points' of the grid.
  1 # Attribute 'grid_mode' of the grid. 1=='default',2=='initialization'
  0.0000000000000000 # Attribute 'small_contrib_threshold' of the grid.
  0.5000000000000000 # Attribute 'damping_power' of the grid.
 # binID   n_entries weight   weight_sqr   abs_weight
    10   10   7.402683672027108E+001   7.453368376589822E+003   7.402683672027108E+001
    11   10   7.402683672027108E+001   7.453368376589822E+003   7.402683672027108E+001
  </DiscreteSampler_grid>
