 -0.00037323086782359  0.00214625271432630  0.00357223908878986  0.00494513350130636
  0.00650677351817847  0.00834183980419738  0.01031639457179843  0.01242000016813404
  0.01463761615574052  0.01693673925782932  0.01936267611034441  0.02197910900786037
  0.02483436180459346  0.02798963728109275  0.03124567793432606  0.03458433581943739
  0.03817331583444988  0.04209565904151367  0.04614347098637250  0.05018766687482117
  0.05437452625595348  0.05885846533170332  0.06354265565787345  0.06826241503318443
  0.07303401575894018  0.07795672571165807  0.08310759446873843  0.08854179975881257
  0.09415922274338012  0.10008636215416700  0.10623192451906989  0.11268811695415482
  0.11908089888607537  0.12547814304140201  0.13196135872532702  0.13885575081627180
  0.14629193435383531  0.15420313887475734  0.16223739348866886  0.17053829387019195
  0.17917158871349564  0.18812968212721343  0.19757794683562874  0.20741279894169892
  0.21790746618620457  0.22917307003083223  0.24054295300704240  0.25248702667321637
  0.26470362167812400  0.27747826619422961  0.29114382235134928  0.30527177081060808
  0.32016015345321663  0.33586128096564433  0.35240140394658764  0.36979274236620119
  0.38841933273566737  0.40892644734032180  0.43290456044039016  0.45662857203656682
  0.48096525051801858  0.50535305882416748  0.53027982639428972  0.55558261953904020
  0.58029760180930157  0.60466316925217523  0.62827698525577647  0.65050771205287372
  0.67096518488124535  0.68965093923469956  0.70712006694317742  0.72418624817300892
  0.74075326349424930  0.75723921511002923  0.77237225717197955  0.78668545187204886
  0.80046058226213490  0.81368298096057112  0.82623251778710183  0.83838633113504113
  0.85003684003068203  0.86160791583133578  0.87308732078352713  0.88434493612514886
  0.89549871564392014  0.90647030255665717  0.91704389006863662  0.92709363364684938
  0.93687272606312699  0.94655448120090901  0.95593143306468564  0.96492807550503190
  0.97371522870075677  0.98242619764932548  0.99115994518324368  1.00000000000000000
 -0.00249656113056573  0.00875333613090862  0.01881228867568582  0.02940454883742401
  0.04021133993116787  0.05113046010000384  0.06177772643617477  0.07257572639403016
  0.08354637846181212  0.09500927795149304  0.10646408034942864  0.11758703952789933
  0.12877237444689169  0.13978345249165808  0.15056094698320852  0.16102804942176174
  0.17128814097738757  0.18091369689689260  0.19048017255550267  0.20012786408332209
  0.21001231134190521  0.21977265018354597  0.22970801491040949  0.23970506564447713
  0.24920734911880965  0.25840418577213042  0.26759370043076319  0.27727783122150923
  0.28740368972647617  0.29825125968933330  0.30937502243723064  0.32023978664055458
  0.33120528437839342  0.34244262900163797  0.35363945508982364  0.36405001082621513
  0.37397868265542622  0.38408549310866319  0.39409207198345114  0.40385938149547990
  0.41378061792043686  0.42462646329903608  0.43564831532756132  0.44608319460114143
  0.45627605362867918  0.46645097706522931  0.47632632394736035  0.48609526283937976
  0.49550100135943059  0.50549003134367854  0.51563969283098199  0.52627562654049742
  0.53751694574584874  0.54969455588998006  0.56194945894401682  0.57282710407082360
  0.58276168959404029  0.59230289796662550  0.60173445275336079  0.61124776979628181
  0.62071885648084024  0.63081116333325571  0.64131980409773415  0.65233410143712722
  0.66326364133951821  0.67374550911599806  0.68376480223048086  0.69457679427649688
  0.70603965648395506  0.71785058159407888  0.72993164453005033  0.74206861700173377
  0.75390973114481308  0.76517538525890427  0.77585763702507604  0.78658073054746902
  0.79719599507089112  0.80774748597120560  0.81839992878681911  0.82881065477562488
  0.83926868367513208  0.84989352940883456  0.86066873915359476  0.87145893702698862
  0.88246469912502501  0.89307596388006583  0.90307893479564361  0.91276097273037671
  0.92362244735794508  0.93528194085176641  0.94633538752500534  0.95714855572463475
  0.96801654515449043  0.97900356229467700  0.98938797384810195  1.00000000000000000
  0.00148651480620210  0.01581851248791875  0.02902142061909084  0.04052972920885978
  0.05138045585201019  0.06193094797742787  0.07214296024681457  0.08214688979667518
  0.09225043797931141  0.10237320347668855  0.11197370395013509  0.12111944076922761
  0.13034908361412426  0.13956620454123189  0.14854181053246246  0.15718840458218547
  0.16596173297787187  0.17517426478208534  0.18474415777515452  0.19451695857957207
  0.20412571276662483  0.21354153234613368  0.22309949642110732  0.23264126347011080
  0.24215749202184716  0.25155318508540098  0.26054857043251578  0.26971252644806992
  0.27890900415311959  0.28799165782033753  0.29721866051923768  0.30654634603990116
  0.31579132862430831  0.32472457960299922  0.33362322162051378  0.34243460003098236
  0.35102025620109900  0.35947077876368555  0.36789609659590305  0.37694019702992548
  0.38662390068534969  0.39612712341576162  0.40507376528722433  0.41373159606816634
  0.42249611523070496  0.43150404405256698  0.44048366526230814  0.44900656005862583
  0.45748187458913236  0.46581865536942779  0.47415398064825204  0.48231906803155855
  0.49020447683794549  0.49813832723716772  0.50604329922471092  0.51408914325760624
  0.52222782133258683  0.53068605081972764  0.53929071843388610  0.54830371898946650
  0.55732873978007869  0.56623526574399341  0.57493304627855779  0.58388271915432854
  0.59294662340930815  0.60207749666111121  0.61110992863638325  0.61984269958102267
  0.62901800418875931  0.63808442436714941  0.64756874818118004  0.65749900229623637
  0.66728999694026858  0.67676680089331587  0.68596668900803648  0.69515840479469893
  0.70451382295380427  0.71385502845016313  0.72366673437071827  0.73374831301721910
  0.74399146691727525  0.75409990525486525  0.76415641094873787  0.77437829569255623
  0.78471874402681707  0.79526921995101052  0.80592898018920345  0.81687018730070859
  0.82843553419331240  0.84019966915007149  0.85240069740536506  0.86698932030668263
  0.88425550681419329  0.90528571851916961  0.93543015604532664  1.00000000000000000
 -0.02243148549203624  0.12873169490351358  0.16671815897969708  0.18738542557580118
  0.20380943423097866  0.21843436130612909  0.23105581052102026  0.24152921339973440
  0.25185123883007987  0.26198208199974848  0.27133020692766346  0.27995548854124691
  0.28809103936183700  0.29612066194240622  0.30409982715547612  0.31192600502220436
  0.31958062232454626  0.32692405889181997  0.33402058684576041  0.34084565274714246
  0.34747558619786018  0.35407760224788254  0.36026044883720704  0.36632923685307583
  0.37220584827870334  0.37780140727836736  0.38328667518739801  0.38913066331928547
  0.39478141938353883  0.40015213903135788  0.40540039664427613  0.41063425873174664
  0.41586103920668677  0.42104075723342410  0.42610697465790248  0.43104194854253297
  0.43591780866315943  0.44081083678383148  0.44582590808961781  0.45099861956611115
  0.45635807999792299  0.46186482341688534  0.46760430054711039  0.47288462036394341
  0.47796954983287315  0.48292022546193475  0.48793133155626739  0.49295842169192994
  0.49796712056507453  0.50307163891506157  0.50841044708165450  0.51380184896086878
  0.51949583261290089  0.52526985246875879  0.53116131102292841  0.53694432972011596
  0.54256319320667923  0.54810747541649563  0.55368805672227617  0.55926152503078186
  0.56471699247086460  0.57010719389579745  0.57549149717918902  0.58088412983827231
  0.58633485313385880  0.59162444003296577  0.59703912699966155  0.60248232665677459
  0.60808663440071642  0.61396539421394314  0.61991820015064658  0.62591428720686548
  0.63186157136901977  0.63782508311983410  0.64399212793610250  0.65018917945944432
  0.65638746773024448  0.66279532785459305  0.66931897597822954  0.67643694712994240
  0.68369071778755475  0.69126543500275939  0.69885116446764028  0.70609220309141552
  0.71381346681021363  0.72244927080216259  0.73154611013323478  0.74166995590499918
  0.75178946914936118  0.76374678629680548  0.77652058733665086  0.79128660420539443
  0.80864312825328710  0.83163262233641366  0.87029297924345039  1.00000000000000000
   3.0479262877604589E-014  -1.0000000000000000     
 F F F F F F F F F T T T T T T T T T T T T T T T T T T T T T T T T T T T F F F F F F F F F T T T T T T T T T T T T T T T T T T T T T T T T T T T
  <DiscreteSampler_grid>
  grouped_processes
  1 # 1 for a reference and 2 for a running grid.
  10 # Attribute 'min_bin_probing_points' of the grid.
  1 # Attribute 'grid_mode' of the grid. 1=='default',2=='initialization'
  0.0000000000000000 # Attribute 'small_contrib_threshold' of the grid.
  0.5000000000000000 # Attribute 'damping_power' of the grid.
 # binID   n_entries weight   weight_sqr   abs_weight
    10   10   2.678741861903661E+001   1.603167379677553E+003   2.678741861903661E+001
    11   10   2.678741861903661E+001   1.603167379677553E+003   2.678741861903661E+001
  </DiscreteSampler_grid>
