 -0.00007692390838837  0.00063757411692844  0.00136058213205282  0.00236836868849114
  0.00364904340515163  0.00519727953901413  0.00694418259172137  0.00884362179232347
  0.01105072127434048  0.01358227001572136  0.01638382214437233  0.01933825529519204
  0.02243839287600538  0.02567545184725679  0.02900936624357030  0.03253380999390027
  0.03634117420361339  0.04053334373926665  0.04499463473241885  0.04954890765620572
  0.05420110062947407  0.05891951151005190  0.06380456380381565  0.06881778348633563
  0.07395553430662631  0.07932749532983201  0.08471808565249021  0.09057327062374577
  0.09677721246846085  0.10307603519485500  0.10943160421191991  0.11604797999797142
  0.12302247101693446  0.13024134404713286  0.13764156252863097  0.14522963041591536
  0.15281024600048354  0.16065521410822425  0.16892552316901494  0.17755486903852830
  0.18653258919367460  0.19556208501383626  0.20446870245026486  0.21392666025368845
  0.22398544448757163  0.23420667090691830  0.24457520147971112  0.25552314939235982
  0.26717303625305883  0.27895251323011100  0.29121637471818407  0.30456605919042828
  0.31872579743433582  0.33403536611020951  0.35059085789897576  0.36823698721086495
  0.38725056779310263  0.40768514095573544  0.42940713713992956  0.45161631515192346
  0.47426867570889431  0.49752792473640634  0.52115714921365730  0.54474777862474488
  0.56790246787578658  0.59012489460009032  0.61084312985316425  0.63019062944304127
  0.64858090273214541  0.66647088658790232  0.68379916905368998  0.70071001855959247
  0.71667752423618003  0.73214914007794540  0.74737430211399269  0.76215505694297769
  0.77664498952878513  0.79047536100198124  0.80405822089748069  0.81728293021604981
  0.83014722533016894  0.84283889112792076  0.85530909878947237  0.86752502388180597
  0.87948275192035530  0.89116569368393983  0.90254713091485050  0.91388645367384458
  0.92523079629594340  0.93653354034439273  0.94743879472474257  0.95818720379276501
  0.96905648077446038  0.97941894137914953  0.98969639818952526  1.00000000000000000
 -0.00324959606527451  0.01127653094652070  0.02336386754305112  0.03524987383946145
  0.04644852301323951  0.05725460247160601  0.06769093969009243  0.07815842794864049
  0.08878199791359818  0.09930457493914002  0.10901603904730696  0.11821562061328821
  0.12817530602748445  0.13908462300471397  0.14966945362795928  0.15999586473953825
  0.17025162484211193  0.18119732540092331  0.19222541333370743  0.20264466638373241
  0.21234281260993768  0.22163727620171528  0.23135744192999994  0.24187987267894862
  0.25281404259766654  0.26347442762290690  0.27381290433826860  0.28408118319921183
  0.29448157210861758  0.30484833773526687  0.31498724253540028  0.32503663860839455
  0.33537209129948570  0.34606143559969438  0.35695406650801320  0.36719484676981157
  0.37652760474969538  0.38530673272844052  0.39410559366996178  0.40364429786350237
  0.41332146245927098  0.42346418608488445  0.43394271519932526  0.44507708642004584
  0.45650435317187588  0.46874945219346992  0.48103636357412582  0.49208758855820500
  0.50280776078775724  0.51328729171228893  0.52442448642905648  0.53611667996560741
  0.54766427847137311  0.55917866472121192  0.57055861379569783  0.58210633502843478
  0.59393299677809341  0.60611274335150034  0.61829420076179564  0.62977495997778854
  0.64067078521074594  0.65145961852400136  0.66188420534910719  0.67200483029395996
  0.68199839832307119  0.69193990757223500  0.70194889961187279  0.71243966469728370
  0.72323714281700746  0.73385554118893914  0.74407211167274123  0.75418186426811973
  0.76450295360966503  0.77499342213486677  0.78552551071564081  0.79635276279652645
  0.80696232941222845  0.81707596348402056  0.82702080051372751  0.83718705161184104
  0.84768587288851827  0.85820605708544939  0.86897328315361733  0.87963545616112493
  0.88980877959760185  0.89955125387333401  0.90927929001205587  0.91882865685698778
  0.92810193786798345  0.93757732189290577  0.94778778408570385  0.95753172681038257
  0.96821716364444621  0.97875537245935040  0.98953568664427227  1.00000000000000000
 -0.00366562824242214  0.01907459016539668  0.03488666452533572  0.04825602271654328
  0.05924565800599228  0.07036240016955680  0.08079539919039527  0.09094811866810805
  0.10114412778145999  0.11204525482729730  0.12311336623094474  0.13340564504909055
  0.14350948666611041  0.15381760039398309  0.16403901194850190  0.17433967831498309
  0.18483016227201862  0.19572322177044413  0.20687090420715254  0.21823912239005036
  0.22954498656603298  0.24045489553422422  0.25163434542166668  0.26322902866898723
  0.27536442372563108  0.28719257633558720  0.29838239809377209  0.30952604403710543
  0.32111113578112721  0.33260614375164077  0.34326255707951192  0.35372082209585903
  0.36459639692923529  0.37531033804658953  0.38548140705595096  0.39608588371654785
  0.40704112985524354  0.41800145693761109  0.42821514329641103  0.43853038973271263
  0.44983446530907406  0.46113133852150362  0.47238277384572647  0.48355000763623962
  0.49628207504553368  0.50792962253610419  0.51866612413328295  0.52835951906319401
  0.53805198825769318  0.54762539010844069  0.55737001636265071  0.56733876679307427
  0.57768871981198444  0.58838139355468033  0.59910996707760245  0.61009076389061290
  0.62138294801121619  0.63267594850924180  0.64373113005282279  0.65305267363051733
  0.66278252089075596  0.67269833079502828  0.68331832993479968  0.69348042183655734
  0.70384380353573517  0.71396373242692290  0.72442378236294624  0.73435749681795870
  0.74451702420733745  0.75538398210746749  0.76664044617645410  0.77747768210321710
  0.78764082672536251  0.79713584283921113  0.80597491886479622  0.81446184316042580
  0.82283971272630763  0.83156963812407059  0.84085478591920348  0.85018497504617474
  0.85930229124533641  0.86804893779511239  0.87671224867011865  0.88515623493563977
  0.89383883216043025  0.90196324861835508  0.90957940133133575  0.91729124851529764
  0.92587972534853769  0.93465977966323799  0.94342974230847654  0.95205606745843874
  0.96140535056615273  0.97187651580793055  0.98462225425038463  1.00000000000000000
 -0.02009897753887798  0.14414527116194889  0.19521131962531169  0.23140530610387111
  0.25963733860688326  0.28224646667732484  0.30273727977681991  0.32134726835940242
  0.33839159043444256  0.35336284565571940  0.36690861740394853  0.37979204653091692
  0.39248662515993821  0.40530174611692327  0.41776221985124146  0.42913793315502602
  0.43961803725677540  0.44964047770586563  0.45917566305615443  0.46789632750519483
  0.47589249365328590  0.48382816486079350  0.49179281475524406  0.49999298162494193
  0.50816086761743884  0.51621567868876428  0.52429914741960471  0.53267111709199555
  0.54099477607947810  0.54856700588172103  0.55566827095138949  0.56264588416944827
  0.56930228591305854  0.57590037379962378  0.58257113784235404  0.58909600065050205
  0.59541837177544865  0.60173240325046562  0.60807317240500081  0.61432739675048520
  0.62066433454396419  0.62662163503270230  0.63186788522653203  0.63719351093641263
  0.64253854782097808  0.64772256607741763  0.65279088276670394  0.65777252309100942
  0.66267970937058174  0.66755735800631155  0.67236777963533167  0.67710199190152232
  0.68184549353036261  0.68653310125159261  0.69106717092427505  0.69552812651937090
  0.69985499363591785  0.70423918750985759  0.70876763444190483  0.71362545384764065
  0.71864884456065192  0.72356626494859144  0.72865061525436736  0.73351689568819556
  0.73832528270501641  0.74309722219316487  0.74780740207352092  0.75249535351920338
  0.75717220007011643  0.76192091880935064  0.76649893746095610  0.77107779834417345
  0.77557023126866675  0.77997359200013305  0.78444877286392833  0.78886725720308060
  0.79342605359062790  0.79834361768595585  0.80347526056029395  0.80873566080551074
  0.81422011246820603  0.81989084692615721  0.82563148719102131  0.83153893838771120
  0.83793304564727145  0.84450658170106885  0.85140826139854964  0.85885665300314395
  0.86680581563681935  0.87516361650019625  0.88409946370708170  0.89398232223294005
  0.90653567950117830  0.92259146655185265  0.94701196136918964  1.00000000000000000
   9.6301182838471314E-016  -1.0000000000000000     
 F F F F F F F F F T F F F T F F F T T F F F T F F F T T T T T T T T T T F F F F F F F F F T F F F T F F F T T F F F T F F F T T T T T T T T T T
  <DiscreteSampler_grid>
  grouped_processes
  1 # 1 for a reference and 2 for a running grid.
  10 # Attribute 'min_bin_probing_points' of the grid.
  1 # Attribute 'grid_mode' of the grid. 1=='default',2=='initialization'
  0.0000000000000000 # Attribute 'small_contrib_threshold' of the grid.
  0.5000000000000000 # Attribute 'damping_power' of the grid.
 # binID   n_entries weight   weight_sqr   abs_weight
    10   10   1.105537863885962E-003   4.355438688142875E-006   1.105537863885962E-003
    11   10   1.105537863885962E-003   4.355438688142875E-006   1.105537863885962E-003
  </DiscreteSampler_grid>
