 -0.00005568143047453  0.00102677748776941  0.00189599951932744  0.00268565963949381
  0.00343547933343856  0.00409841910200643  0.00472579821112411  0.00539678622137910
  0.00606088165157103  0.00667991509621093  0.00729978077948738  0.00791999058551497
  0.00856763801627016  0.00922355988941467  0.00984713273865459  0.01047195076550113
  0.01108456310204885  0.01167192016852636  0.01224901459291304  0.01281161051969454
  0.01343649277949005  0.01409941027902042  0.01485243214841570  0.01568514692332051
  0.01643013595269100  0.01714657977367424  0.01786891053885945  0.01858964952866063
  0.01930743204716662  0.02002248726435434  0.02070217547050347  0.02147877263113651
  0.02237364919449322  0.02324870231303249  0.02408983199018784  0.02486821867752819
  0.02563229745421517  0.02644410021633225  0.02736892475675132  0.02842470477958192
  0.02945269805942966  0.03044514420019055  0.03137620113065875  0.03233949003816711
  0.03327692537731062  0.03421518396086086  0.03517654350546814  0.03611827024300830
  0.03703508978735431  0.03795869862924191  0.03894737578724147  0.04008630802350078
  0.04113403958978103  0.04200357548808147  0.04284501223462524  0.04360385190150318
  0.04434375834108233  0.04505752974342658  0.04582529979852690  0.04667554337891362
  0.04761701516263544  0.04869762782206841  0.04992817773663254  0.05145335683634916
  0.05277926389552483  0.05390650125065067  0.05490549497563398  0.05642811898935803
  0.05836481087555005  0.06017527339418509  0.06167028036653547  0.06279292557134952
  0.06393100575915434  0.06508704901155134  0.06621085627669253  0.06735184428102908
  0.06854302372681438  0.06990369793375890  0.07148212768780314  0.07316489402820509
  0.07467837212801993  0.07625864143321659  0.07756134139890401  0.07890926540603771
  0.08029095965120248  0.08179052018923938  0.08493016530245059  0.09098116676086611
  0.09576321347368115  0.09971099772836338  0.10373667546683034  0.10820109222491048
  0.11612772606038180  0.14445790949487294  0.40272357939600806  1.00000000000000000
 -0.00211407062768430  0.01109832078564075  0.02356380911340682  0.03541130719259885
  0.04822108190118297  0.06076548170037442  0.07295386463934783  0.08622851725869307
  0.09996203578311316  0.11342562267162158  0.12592871957526616  0.13748021228087931
  0.14954126322608019  0.16204873971179617  0.17539999093473477  0.18889633060008637
  0.20059311369435712  0.21172250777340693  0.22328594126247692  0.23341502899412780
  0.24251294330650180  0.25089113784957817  0.26027200984076537  0.27034322283895484
  0.28046105047918840  0.29144312367007796  0.30343313899602592  0.31513210321280472
  0.32478568981436651  0.33307831032871116  0.34142571552745971  0.35078899820242115
  0.36116369121038328  0.37203697141532566  0.38277465133312283  0.39413218352068408
  0.40660128402692841  0.41890297633664925  0.42994401962843115  0.44008661571293017
  0.45003049219899660  0.46014391635396068  0.47160684216947230  0.48328576371722148
  0.49531563022331770  0.50909797319481354  0.52395378243332580  0.53924037958925142
  0.55442261373727020  0.56546995780048326  0.57391054305915612  0.58216269733260650
  0.59005644261409262  0.59782838657536030  0.60524915072584384  0.61193412544189663
  0.61819453618545472  0.62532137119527453  0.63620692727831185  0.64836968584142673
  0.65945271633471481  0.67156668941958442  0.68346989034716510  0.69541852599294984
  0.70614457359212124  0.71698717289161262  0.72711474443669122  0.73633536412338529
  0.74571282572549236  0.75653233723497826  0.76781667707031787  0.77895328379402073
  0.78962546707222858  0.79954236973947423  0.80966090581806849  0.81981589215221184
  0.83035266610918312  0.84243098203357003  0.85495719957834482  0.86684595281480092
  0.87787816903327065  0.88863655952234200  0.89915768374890459  0.90939747648705216
  0.91977520665824664  0.93007756213149828  0.93882292544472612  0.94564236995285222
  0.95205994209690892  0.95836719891439015  0.96467594351608765  0.97163716096113384
  0.97898929965055470  0.98598886698614374  0.99266246150100479  1.00000000000000000
 -0.01456095291155508  0.15157916066284768  0.22837617528710058  0.27843345117374757
  0.32198720638144263  0.36456897887224216  0.40252817902244231  0.43669938386746632
  0.46525516290614871  0.49068246394860021  0.51133781081560004  0.53014503715326045
  0.55034326809450307  0.56881602054872482  0.58467498005698770  0.60107437505610539
  0.61573660846613487  0.62843080719761735  0.64094728485416386  0.65266545094429240
  0.66426405342339512  0.67437048124832943  0.68381516949710486  0.69340055562760583
  0.70324292704735591  0.71299320222744000  0.72276020207443903  0.73163906222522646
  0.73936249583018587  0.74619007502121126  0.75260806014519810  0.75904993893842854
  0.76555714565509392  0.77170552228777367  0.77747490904277217  0.78320242833705356
  0.78889833668609655  0.79439310894682502  0.79969907837969467  0.80435234895049823
  0.80875192446003874  0.81318735418996213  0.81772061720351652  0.82239480496054762
  0.82695415424091800  0.83118328088095261  0.83614523502617155  0.84119058251630674
  0.84607633437694518  0.85072884051959752  0.85549436842303817  0.85909988451301522
  0.86252764630611323  0.86616164043511723  0.86987903992698579  0.87384298220733481
  0.87752202622020115  0.88117040244432743  0.88485348944646414  0.88850626666345578
  0.89207633728901403  0.89551047852418797  0.89874878933291658  0.90151746605720973
  0.90388313599694758  0.90627823878284597  0.90870392510515297  0.91112219351914148
  0.91369834400794137  0.91665865357159981  0.91938383715197225  0.92208604556315199
  0.92469229556477539  0.92720353303670422  0.92958016410014666  0.93179923207571835
  0.93399927548550721  0.93620749949781290  0.93832343084653635  0.94044239656708295
  0.94269409981031149  0.94512594595981236  0.94757781380340511  0.95013987337309869
  0.95247553797026185  0.95478759188442797  0.95722441181225959  0.95998236806705706
  0.96300666777946109  0.96617119272728436  0.96938204851512477  0.97270814932446448
  0.97633470534363564  0.98040942765866634  0.98682707002169257  1.00000000000000000
 -0.01286914107692417  0.08934154516185527  0.13544142159041656  0.16637938947377037
  0.19468122068959179  0.21569170172345140  0.23286933442314992  0.24659557240894148
  0.25895492705955753  0.27168969863027281  0.28406546264698224  0.29626224285558489
  0.31017547391910988  0.32358911392991352  0.33406508660333439  0.34072192409995167
  0.34651202312604229  0.35238204150565128  0.35831529435194032  0.36448734944623096
  0.37061721800176989  0.37594473964360725  0.38061341326079601  0.38510712308305101
  0.38976488317926983  0.39489851203842530  0.40057681820265190  0.40673718612368642
  0.41309020131151658  0.41912759409638140  0.42502501023159878  0.43133365003915658
  0.43710352641651590  0.44288753867777952  0.44875484433431090  0.45418349918403239
  0.45911470962509271  0.46372582907983767  0.46830705188416039  0.47315837156107010
  0.47841237907408118  0.48430989630568810  0.49000037921353184  0.49548180278039256
  0.50095562359936363  0.50645604356567264  0.51146973631963499  0.51651285194599506
  0.52182225740439581  0.52770087098284457  0.53372773127059403  0.53977926971712020
  0.54516462360793927  0.55047239511977863  0.55583854662666399  0.56134209940736612
  0.56711352033145734  0.57311488983676462  0.57929729686217457  0.58479359020710908
  0.58903569808474832  0.59320745991981694  0.59721930101632248  0.60102650941555025
  0.60519147539989604  0.60959651480982879  0.61447177300760025  0.61922017675861085
  0.62401307915360937  0.62919169876623982  0.63482707105998892  0.64004366514283018
  0.64494844861242095  0.65234401081373061  0.65967049024969215  0.66597615953746803
  0.67192016851193259  0.67816263502325236  0.68475804890386072  0.69230755273654343
  0.69986013981035666  0.70774963720321493  0.71592735409758823  0.72467285742012766
  0.73440448911704215  0.74572155922315042  0.75656208405571734  0.76674910704995425
  0.77904210493969850  0.79501590809514178  0.81233349281513512  0.82820639426164433
  0.84585556383189897  0.86985814884962120  0.90878025416915087  1.00000000000000000
   1.1340974417308092E-043  -1.0000000000000000     
 F F F F F F F F F T T F T T T T T T F F F F F F F F F T T T T T T T T T F F F F F F F F F T T T T T T T T T F F F F F F F F F T T T T T T T T T
  <DiscreteSampler_grid>
  grouped_processes
  1 # 1 for a reference and 2 for a running grid.
  10 # Attribute 'min_bin_probing_points' of the grid.
  1 # Attribute 'grid_mode' of the grid. 1=='default',2=='initialization'
  0.0000000000000000 # Attribute 'small_contrib_threshold' of the grid.
  0.5000000000000000 # Attribute 'damping_power' of the grid.
 # binID   n_entries weight   weight_sqr   abs_weight
    10   10   1.970957962595129E-025   3.871581238163965E-049   1.970957962595129E-025
    11   10   1.970957962595129E-025   3.871581238163965E-049   1.970957962595129E-025
  </DiscreteSampler_grid>
