 -0.00015348996682487  0.00154401925838779  0.00277306420433017  0.00382423868741129
  0.00477393580006696  0.00577974718799218  0.00670265787060703  0.00744023856537831
  0.00885886423329926  0.01069234316224474  0.01165862403615505  0.01239931156233966
  0.01319733151716518  0.01397626401700888  0.01465916672876024  0.01518140358648722
  0.01568568911589841  0.01625259865608840  0.01683826580630609  0.01734817014014221
  0.01784996038837533  0.01838692981663096  0.01890395649424916  0.01938976761283424
  0.01993612027225447  0.02058799304570393  0.02125209846219072  0.02203236986779082
  0.02286171904110924  0.02369129279602502  0.02448176901489551  0.02525084644088123
  0.02588363032662044  0.02646120890569321  0.02704211091085645  0.02763841700276032
  0.02822273748002173  0.02904027558095109  0.02972352649787480  0.03023263291922195
  0.03067661624071578  0.03116254795366397  0.03163205839940806  0.03210120008352847
  0.03263541756552512  0.03332532690710061  0.03411135173770519  0.03484414554383518
  0.03549117723319544  0.03609472590737216  0.03672021367455255  0.03733668076598249
  0.03793131341725479  0.03847131341041923  0.03899470057940696  0.03952287801448608
  0.04012000562052104  0.04075199241086409  0.04149543820349443  0.04259278658129016
  0.04492309620555834  0.04726145698498270  0.04957491143375717  0.05175713514024464
  0.05374642798567583  0.05561411222945473  0.05733082710962925  0.05900188197813444
  0.06062270083136787  0.06182060308190131  0.06282821466029999  0.06363958849782923
  0.06437004241209845  0.06514225371969352  0.06595913452336363  0.06680671175637935
  0.06767384866068099  0.06851425347508504  0.06931827612310604  0.07000691500267681
  0.07076041600709876  0.07140266535814756  0.07195604911147885  0.07254202357396795
  0.07322447574864005  0.07375676213829330  0.07446929633351458  0.07565776493524946
  0.07691498160027381  0.07814036525554993  0.07958672455880182  0.08119088250110817
  0.08315017226513217  0.08544890504180476  0.08798037635569851  1.00000000000000000
 -0.00186207502818423  0.00773523576246057  0.01647809460734954  0.02626014346019085
  0.03719682883149441  0.04921221087046976  0.06154873256860323  0.07140765366179729
  0.08171388501543020  0.09254550463279788  0.10139708709107288  0.11015188891734599
  0.11879996086260389  0.12684643647039062  0.14094438208663665  0.15285394836496027
  0.16517807186073144  0.17953815244455018  0.19456280112814051  0.20549216023220671
  0.21331097962819298  0.22007714915125490  0.22706990418530532  0.23437764807751321
  0.24189255991216063  0.24983262849365523  0.25766322244734530  0.26459807787841305
  0.27220298386809466  0.28273148793859187  0.29571534554194112  0.30904579057998238
  0.32205941940345040  0.33546575868420631  0.34798747525820034  0.36034282811682300
  0.37199507105476043  0.38368106750843739  0.39560507995110189  0.40862078791758050
  0.42280151858022225  0.43717637071364868  0.45017369671504137  0.46186991616674328
  0.47300443658570474  0.48336937322933232  0.49249224968330096  0.50214294163780571
  0.51162288422567859  0.52117660783492747  0.53043645368419168  0.53955026464219502
  0.55133050868418709  0.56395608482405934  0.57629630373530449  0.59005424492443925
  0.60536648839708085  0.62047437092308511  0.63661459531380071  0.64870965670225977
  0.65742380887263485  0.66543821375582701  0.67350469438471716  0.68224724799824255
  0.68905275046433256  0.69654480586720025  0.70575392484690114  0.71606358675401904
  0.72466128425126564  0.73367002586586494  0.74287817177769200  0.75167746283926007
  0.76092809073776357  0.76993213030647933  0.77949397829121625  0.79180445957984158
  0.80373321409618548  0.81592282397349314  0.82774177452189790  0.83892600892714631
  0.84914890282685440  0.85842843841096561  0.86643632392694148  0.87405630036848092
  0.88198203714836809  0.89142192997504532  0.90122635218437475  0.91030565350062442
  0.91996804836717272  0.93141016908503649  0.94237623226542411  0.95200452655419110
  0.96185213916487200  0.97340992460186793  0.98659382869758427  1.00000000000000000
 -0.05307034169624126  0.43605332841766853  0.60237310623087692  0.69634782369173176
  0.75861798448552575  0.80041421953059688  0.82950571581739974  0.85448398719002805
  0.87332122408531410  0.88774288370501842  0.89931787506745442  0.90872862076083538
  0.91726877842953036  0.92405517211022647  0.92990513125468666  0.93494637095508648
  0.93919705577876378  0.94260983830461775  0.94545096727754263  0.94777619089970233
  0.94999211446234477  0.95209952761489913  0.95428473847929196  0.95630894573778913
  0.95815686988551940  0.95989381519350281  0.96168403122383683  0.96354435648693704
  0.96512415524096451  0.96655165464479309  0.96780979899000852  0.96897727107112919
  0.97008618821591419  0.97116303417557881  0.97223075374366652  0.97321857530870048
  0.97412173869671448  0.97497963345678462  0.97577719163619026  0.97649572038561427
  0.97721613024853882  0.97793658983370424  0.97864015818932570  0.97931052430494647
  0.97994650117495907  0.98058413637287889  0.98118748406739276  0.98175351888450324
  0.98227099371717908  0.98275279023912032  0.98321727287384464  0.98362469461254021
  0.98400018400340239  0.98436072396433039  0.98472072640487429  0.98509626455023425
  0.98548894770585771  0.98588529060025598  0.98626502770647950  0.98662092202751839
  0.98696241471504687  0.98729310055885067  0.98761914865843214  0.98792685311629547
  0.98823557048015664  0.98855232226845979  0.98886046756632973  0.98916559601117948
  0.98948124305750196  0.98981113920846087  0.99015509333701013  0.99045513519809314
  0.99070668201735068  0.99093888214154968  0.99118009319524003  0.99141281346924359
  0.99164578732687503  0.99187490345427709  0.99216674327553123  0.99248447883028945
  0.99280019790864371  0.99310694087196127  0.99339381602297094  0.99366126734575799
  0.99390852003035457  0.99413312200289883  0.99436850643917096  0.99462426405931192
  0.99489370647274922  0.99516748227151075  0.99545841826050319  0.99584193594447634
  0.99633028991237294  0.99698101350111767  0.99812872459279001  1.00000000000000000
 -0.02874911843476370  0.15196499215397949  0.20119252665806775  0.22101560022418068
  0.23580878368309291  0.25246850407530363  0.27290481840442582  0.29280763045236097
  0.30949852213226797  0.32389230212208159  0.33521167138360963  0.34226548623464353
  0.35115171408749130  0.35932237025911273  0.36591375538192999  0.37165210235433060
  0.37726828400510354  0.38386149809155967  0.39155290655015756  0.40016310446306458
  0.40948014477237960  0.41922985601820867  0.42900328015504485  0.43695696795828998
  0.44314191551001336  0.44977881242958040  0.45703233736634286  0.46319802000683286
  0.46835819514466537  0.47281844444896204  0.47716821093995537  0.48095921443509509
  0.48519700870461235  0.49010518649802853  0.49472909566121742  0.49895386155097643
  0.50321906470008326  0.50741665504944422  0.51207540828528531  0.51686189371065616
  0.52137088641145946  0.52570485460554628  0.52987164239468343  0.53386641745871066
  0.53727856387509798  0.54091660423985122  0.54605026904108189  0.55180275336522477
  0.55819815353946056  0.56412553794119358  0.56995245358858748  0.57570016841022409
  0.58132586901363470  0.58662110255817335  0.59148464933245137  0.59638413867579065
  0.60164762628609703  0.60710488024024489  0.61276004942179141  0.61807504766785615
  0.62293321850574690  0.62774066393825201  0.63258734100760494  0.63800782847090831
  0.64375692123608497  0.64934469893969726  0.65475364089256161  0.66027578859514435
  0.66621438168881519  0.67184036736121788  0.67711668391517776  0.68228539751788941
  0.68746179825443632  0.69217072624265508  0.69640749986385664  0.70115753129040748
  0.70804328151787443  0.71481021126571898  0.72196138639750296  0.72928139787229906
  0.73580057648787556  0.74195461511951621  0.74841069602764676  0.75563231702345701
  0.76452035894727033  0.77298653183657084  0.78081958441088695  0.78892218126355373
  0.79844931941790909  0.81001421489515235  0.82246480655981602  0.83718543281568403
  0.85607349125980003  0.87574954074682665  0.90342396994281859  1.00000000000000000
   2.0238584851816255E-044  -1.0000000000000000     
 F F F F F F F F F F F F F F F F F F T T T T T T T T T T T T T T T T T T F F F F F F F F F F F F F F F F F F T T T T T T T T T T T T T T T T T T
  <DiscreteSampler_grid>
  grouped_processes
  1 # 1 for a reference and 2 for a running grid.
  10 # Attribute 'min_bin_probing_points' of the grid.
  1 # Attribute 'grid_mode' of the grid. 1=='default',2=='initialization'
  0.0000000000000000 # Attribute 'small_contrib_threshold' of the grid.
  0.5000000000000000 # Attribute 'damping_power' of the grid.
 # binID   n_entries weight   weight_sqr   abs_weight
    10   10   2.263350336622820E-034   1.716229156074534E-067   2.263350336622820E-034
    11   10   2.263350336622820E-034   1.716229156074534E-067   2.263350336622820E-034
    16   10   2.601588653815285E-034   2.487611814534945E-067   2.601588653815285E-034
    17   10   2.601588653786646E-034   2.487611814486033E-067   2.601588653786646E-034
  </DiscreteSampler_grid>
