  0.00000607604491661  0.00000823242705080  0.00001318587368909  0.00001819376399462
  0.00002307332157572  0.00002765557905443  0.00003229116455616  0.00003708627194234
  0.00004195338382494  0.00004677269837590  0.00005157227332297  0.00005644352811154
  0.00006136491616478  0.00006634682193935  0.00007141233932249  0.00007651010667078
  0.00008170349041029  0.00008705002506094  0.00009257770601870  0.00009833590374843
  0.00010417152757901  0.00011007492981496  0.00011620551026602  0.00012249255684723
  0.00012892125621868  0.00013559352920042  0.00014250926535234  0.00014969160350053
  0.00015704648659470  0.00016458016309950  0.00017221478638188  0.00018001323483485
  0.00018796356376357  0.00019626833711229  0.00020488738503605  0.00021361017088662
  0.00022266119839563  0.00023188178384959  0.00024157366501856  0.00025166037784307
  0.00026206439368644  0.00027279879616933  0.00028388052147346  0.00029544813377441
  0.00030766801037933  0.00032028437969758  0.00033369495033676  0.00034730601505988
  0.00036152048986454  0.00037651429908611  0.00039202309002843  0.00040852345753712
  0.00042580450576343  0.00044417574536845  0.00046343053162492  0.00048380212287962
  0.00050546485017305  0.00052822374412077  0.00055187220910323  0.00057657052184673
  0.00060287627150590  0.00063133174794741  0.00066160320085763  0.00069337311253212
  0.00072698537516616  0.00076257784965000  0.00080057089918072  0.00084047475010183
  0.00088201377524320  0.00092658927867943  0.00097438802029646  0.00102583219947199
  0.00108237126037376  0.00114305066821311  0.00120898124469480  0.00128094092631047
  0.00135923878058258  0.00144584863690162  0.00154113676295334  0.00164656514349437
  0.00175959363134216  0.00188935617481208  0.00203508807496559  0.00220202701881896
  0.00238803572689223  0.00259175595680733  0.00281843088267884  0.00309407834639693
  0.00344888322294859  0.00385925205626968  0.00437066303266846  0.00509807928476346
  0.00606333525755760  0.00733012247665290  0.09099519801189630  1.00000000000000000
 -0.00216987509148959  0.01005589834639968  0.02054668273423767  0.03072421744605812
  0.04094820939576421  0.05130114885631419  0.06203261146155314  0.07229432262849543
  0.08270468192184306  0.09308270861727320  0.10332379551635282  0.11339233216120352
  0.12347356509443499  0.13376889823234936  0.14391460032783213  0.15403338630255914
  0.16403544496982309  0.17392813475040245  0.18390515958771317  0.19431530042647951
  0.20520303028094278  0.21614260288686143  0.22683226063875100  0.23738162411545022
  0.24766038626844519  0.25798509286350363  0.26819527600407206  0.27871456284194479
  0.28927178949724369  0.29985160187302107  0.31036902098737712  0.32088342076347004
  0.33138345066111191  0.34168669515807043  0.35207272006882229  0.36274946319816115
  0.37369551952402558  0.38466235455934655  0.39538462201323704  0.40583975786930643
  0.41624161167452611  0.42669259112790187  0.43725811340591364  0.44800670296727768
  0.45884153484002116  0.46966700178135906  0.48022801189019015  0.49057122808598724
  0.50067618151729454  0.51056255873084311  0.52045871753382966  0.53068512617614338
  0.54114710614505013  0.55149624614349302  0.56170156259307791  0.57207783363641751
  0.58272066629397279  0.59334386788292892  0.60378321930880763  0.61421780749576793
  0.62482692008740737  0.63552064328931357  0.64630066209069670  0.65693979002784730
  0.66799968576518476  0.67948152567799958  0.69086363976877585  0.70172171373395975
  0.71272126955734949  0.72428357616917494  0.73525894949910808  0.74624222967573606
  0.75728001647380283  0.76926647926213210  0.77976932462874327  0.79085637280901644
  0.80110861472741046  0.81133911012049453  0.82092189981712549  0.83077298400273158
  0.84094901978434355  0.85134679717174155  0.86198876993926710  0.87302445480115309
  0.88351733670736909  0.89433283269347885  0.90529687350783672  0.91619078863945469
  0.92678706433266944  0.93716419341717194  0.94788172348598954  0.95847154801818724
  0.96875690626464261  0.97928636870360908  0.98959405717074100  1.00000000000000000
 -0.00404231248102215  0.02509147942585253  0.04634841186651383  0.06444013811974732
  0.08047024954483167  0.09531352894283765  0.10947705740724334  0.12282049525738147
  0.13555361295863180  0.14757325609924229  0.15898319922612364  0.16992995713015463
  0.18054890943568846  0.19095933958028000  0.20137637723270987  0.21186896033274177
  0.22237691310652305  0.23246921023409475  0.24215487310155528  0.25159480591802130
  0.26094231682931507  0.27019542669422231  0.27917347873252352  0.28821846094451437
  0.29735133920410195  0.30664869983197990  0.31591759085449644  0.32502760363081429
  0.33387813138044709  0.34267391967621447  0.35152872617834263  0.36017839661423962
  0.36877802628717715  0.37710447478125525  0.38504537699709718  0.39308827150137410
  0.40115974854832143  0.40916613906090549  0.41703828801092557  0.42479140314507469
  0.43251500999684117  0.44028637283073652  0.44797588015212775  0.45565700708254725
  0.46335336756594858  0.47095480353632124  0.47877467053172212  0.48678446306163625
  0.49470418512839054  0.50247821216165378  0.51015318962156131  0.51789031145231013
  0.52555079969048879  0.53312474847755520  0.54063336849056687  0.54817095310806974
  0.55578755857290774  0.56345560916990634  0.57121942193424913  0.57902861593958510
  0.58694158799431539  0.59496773071184916  0.60291926796790851  0.61091553538211441
  0.61882779341188354  0.62681926545652955  0.63486314253984777  0.64285824423215143
  0.65095054143078535  0.65937328670005124  0.66793240190000946  0.67654358331007969
  0.68517391016581719  0.69355752286476613  0.70212980079323040  0.71090161784279293
  0.71984545119659626  0.72884013842420337  0.73816061047191217  0.74769761301892723
  0.75757737660430657  0.76784567587421793  0.77834573206647872  0.78904944428751811
  0.79952510130702181  0.80988545507000675  0.82079146377081702  0.83211421606425440
  0.84441621971983716  0.85756842659086430  0.87180179737664287  0.88724514783412201
  0.90431138635406849  0.92425018518377766  0.95170847291439276  1.00000000000000000
 -0.01915036488476370  0.10932837298628234  0.14492146671118689  0.16765738300399405
  0.18562898886371301  0.20083717066116694  0.21428866604112362  0.22656347648800002
  0.23791517501458948  0.24840938260582904  0.25807494803690939  0.26722340460639971
  0.27602121523267081  0.28459229693593274  0.29291777222396198  0.30084059001318963
  0.30858744622801204  0.31616516318479454  0.32358907580195684  0.33085281417684698
  0.33770529145343303  0.34443154984465785  0.35119671135173752  0.35788680801086303
  0.36445181220137191  0.37089509977221596  0.37722170229816970  0.38341036086210362
  0.38945721823661739  0.39545238144189448  0.40144699083753360  0.40749178975191952
  0.41338972000653268  0.41927589322822734  0.42512675351369433  0.43097590305371619
  0.43675777672362454  0.44240668737356398  0.44800005391398567  0.45363278705966620
  0.45927299317482745  0.46485796232481419  0.47038629553127653  0.47583846065112873
  0.48118615105704560  0.48653339987326111  0.49191417730323256  0.49731537857861075
  0.50285301951742589  0.50844491546684023  0.51407576097070495  0.51972540722320515
  0.52535300503721982  0.53096505033290520  0.53659655416746144  0.54227715412701760
  0.54803368210441128  0.55383343614380265  0.55963309765221525  0.56564530665935842
  0.57176893324627620  0.57784932224144903  0.58383962788695165  0.58988483630408639
  0.59591238223670984  0.60198512837080553  0.60811062109403735  0.61429462823407410
  0.62057681800549269  0.62689782744632794  0.63319841234308205  0.63948562936299103
  0.64582212713348119  0.65234962681613762  0.65901845640735035  0.66585709351998568
  0.67304321106426113  0.68047780009642056  0.68797809745412708  0.69564094395481779
  0.70335438760539748  0.71120726052234196  0.71930262043330229  0.72769887225878038
  0.73651223846906777  0.74559813252912477  0.75528232934689332  0.76588917049566652
  0.77696839944011753  0.78887033965140740  0.80200039864270256  0.81681351717053485
  0.83394322287006295  0.85589326629294527  0.89158380900642087  1.00000000000000000
   9.9069782078701346E-003  -1.0000000000000000     
 T T T T T T T T T T T T T T T T F F F F F F F F F F F F F F F F
  <DiscreteSampler_grid>
  grouped_processes
  1 # 1 for a reference and 2 for a running grid.
  10 # Attribute 'min_bin_probing_points' of the grid.
  1 # Attribute 'grid_mode' of the grid. 1=='default',2=='initialization'
  0.0000000000000000 # Attribute 'small_contrib_threshold' of the grid.
  0.5000000000000000 # Attribute 'damping_power' of the grid.
 # binID   n_entries weight   weight_sqr   abs_weight
    10   10   3.508204242294005E+008   3.572357821402283E+017   3.508204242294005E+008
    16   10   3.508204242294005E+008   3.572357821402283E+017   3.508204242294005E+008
  </DiscreteSampler_grid>
