  0.00000219761244617  0.00000620474682549  0.00001183422154328  0.00001695751357613
  0.00002177617989044  0.00002636552010551  0.00003089798391170  0.00003546390593479
  0.00004002925058869  0.00004458967557794  0.00004919583960819  0.00005385894426361
  0.00005857882014161  0.00006346871616190  0.00006859106382010  0.00007378435181964
  0.00007910753645879  0.00008463866305126  0.00009031634216261  0.00009612689573491
  0.00010206056371137  0.00010812287376673  0.00011437528979693  0.00012093567481562
  0.00012771182119831  0.00013457928524542  0.00014162383903294  0.00014883377385146
  0.00015619475812504  0.00016375705145757  0.00017155040124077  0.00017962280621664
  0.00018788984940306  0.00019654103887428  0.00020560890601046  0.00021492077776814
  0.00022449216852914  0.00023431730307796  0.00024457598973463  0.00025525422063219
  0.00026633246901313  0.00027818251227609  0.00029036205001633  0.00030333756264045
  0.00031659427025670  0.00033041166451309  0.00034479390909165  0.00035966916500387
  0.00037560950636863  0.00039212061917181  0.00040992590316667  0.00042802766623131
  0.00044697922668574  0.00046646231806407  0.00048686807033803  0.00050878536298084
  0.00053144991714604  0.00055615095326642  0.00058135356791986  0.00060911101915874
  0.00063825149307934  0.00066959951807741  0.00070237952356447  0.00073717169578382
  0.00077447765743286  0.00081423186844509  0.00085820988139941  0.00090388204954525
  0.00095579188482616  0.00101108816727188  0.00107336868545121  0.00114125423485794
  0.00121485246909090  0.00129468751542300  0.00138033376904516  0.00147473733924214
  0.00158065975932982  0.00169506445383742  0.00182665629622666  0.00198003984798306
  0.00214883147350857  0.00234038667210905  0.00255550248130175  0.00280238666565212
  0.00310795729872176  0.00350367379475688  0.00399305292698931  0.00458284718604965
  0.00528482435817772  0.00616067484549600  0.00727404936646844  0.00885156328193934
  0.01174768336040876  0.01818292436950768  0.15458002115251182  1.00000000000000000
 -0.00259073098090036  0.00998148088488581  0.02055517183932754  0.03108505449764455
  0.04165178890581486  0.05212110194612808  0.06264543934445500  0.07301448358457625
  0.08348496550430595  0.09406525088337901  0.10467031676433884  0.11522395205861746
  0.12578812428896302  0.13646483591948483  0.14721843868557105  0.15794610362605443
  0.16852606807712087  0.17920213687872183  0.18999158126607824  0.20114702325672859
  0.21218415603642002  0.22311987412158743  0.23394390927044659  0.24455468776007833
  0.25486244484588871  0.26499340753709960  0.27535724051805283  0.28570645833717701
  0.29615462370357593  0.30672695149955831  0.31748159875688631  0.32821849314367424
  0.33860259958936800  0.34901457866798224  0.35943394902316772  0.36974521538430982
  0.37994043901810470  0.38996034034382748  0.40029235669560831  0.41077416161571872
  0.42128054600494408  0.43161950975227137  0.44199868766269457  0.45248620144012419
  0.46306262772968249  0.47360365979760632  0.48416120355844494  0.49467322243150602
  0.50512117847206994  0.51547026121509343  0.52597380194557541  0.53680670428604416
  0.54764203698086433  0.55835065535318951  0.56880285179473722  0.57927560926938426
  0.58956099791627437  0.59973940694271199  0.61006768711629744  0.62042384399038297
  0.63081090881890911  0.64131813721367381  0.65198602096805280  0.66263585263557168
  0.67296135553819059  0.68305216502124733  0.69353244271191272  0.70423956710297231
  0.71503036637514927  0.72572418001126437  0.73637185271641215  0.74694176572683380
  0.75744156921254169  0.76790915443436003  0.77846700109667588  0.78891919629460627
  0.79936337521107870  0.80974433557115000  0.82022414866649096  0.83062538051825163
  0.84088655418292313  0.85099195255582150  0.86138549180584101  0.87182225250988643
  0.88234866019241609  0.89288644179836796  0.90349189781925376  0.91444055533332835
  0.92540328100774139  0.93646866488778335  0.94725413023723648  0.95813327197062448
  0.96868714899256225  0.97938852462394133  0.98963067449763853  1.00000000000000000
 -0.00393104275802287  0.02470199288363386  0.04539027170349852  0.06283587491993387
  0.07863018251773249  0.09325144373780311  0.10718682813121466  0.12046078395777504
  0.13304444916963334  0.14488400188410613  0.15627504685564783  0.16739441164211069
  0.17821560102828099  0.18886558348263380  0.19947314352669421  0.20992702882119357
  0.22014943004675375  0.23019581587712845  0.24014577637534099  0.24986285519932139
  0.25942862229808367  0.26887558154057506  0.27825443955709123  0.28739487952106096
  0.29632098212732466  0.30503662115973385  0.31371229411362589  0.32234533431681966
  0.33095255836359888  0.33968374942646939  0.34841090723181839  0.35695017657926525
  0.36529393560032702  0.37353631478799515  0.38169520964336301  0.38982797841396316
  0.39793118517468551  0.40586155674336633  0.41374985970196626  0.42171651933535076
  0.42972840313278476  0.43776759801278925  0.44578344476949799  0.45382268103265971
  0.46187383049560110  0.47001723963657194  0.47823588365478142  0.48603773049964605
  0.49386607530886156  0.50185635045222177  0.50993389751900575  0.51799380291902941
  0.52602822131758109  0.53406560394104674  0.54212699017509758  0.55024209869127894
  0.55838373008179099  0.56647210810081705  0.57454807542455144  0.58259540087532113
  0.59033210324875796  0.59814121496876793  0.60596847967756584  0.61388746316769294
  0.62182722153869774  0.62978976759254135  0.63791744655336113  0.64611433301392085
  0.65432535632868583  0.66248959611502289  0.67069101705869671  0.67891948838547733
  0.68735942762008662  0.69584843329037982  0.70438586376467049  0.71319373250046947
  0.72209786432199152  0.73116797469980244  0.74044359389217684  0.75005351799315867
  0.75994050312325545  0.77010399731606627  0.78052591119532921  0.79106052764166201
  0.80166127912649832  0.81250302427970444  0.82381339501696538  0.83561395995581955
  0.84785899694410638  0.86091266365172625  0.87462509130961019  0.88951779818630006
  0.90594231675127102  0.92538819339933953  0.95215004738690778  1.00000000000000000
 -0.01911267093593514  0.11005020415658998  0.14569600976731906  0.16731228577060123
  0.18462069752488636  0.19978565585147381  0.21312375852924959  0.22511702445099824
  0.23629204677174537  0.24694487290558398  0.25678114258836948  0.26598328524648640
  0.27477442407843766  0.28330270707839056  0.29157029050651301  0.29939067366558647
  0.30700135731610217  0.31446157755325149  0.32178105892918485  0.32896104353329586
  0.33592120654928198  0.34262346041956088  0.34925777052812540  0.35576751968175169
  0.36219564431996254  0.36858621086215898  0.37492004179110744  0.38116814838046265
  0.38735246178337401  0.39350601580197409  0.39965432300424109  0.40580180281314537
  0.41186642474381346  0.41785586781700235  0.42373485902306651  0.42959806923309857
  0.43543136519469466  0.44126317599472387  0.44704024517889296  0.45278295039516875
  0.45843263361056641  0.46400982487170045  0.46960254536480917  0.47525147404762658
  0.48094046557138848  0.48657788316355172  0.49215679488543035  0.49774141326350863
  0.50326643098205170  0.50881797010645857  0.51434632966941807  0.51987715262686129
  0.52543532120665470  0.53102122775778327  0.53662598997439748  0.54224833528188521
  0.54787672123728748  0.55348302094908186  0.55909859049270560  0.56475652288017653
  0.57052459758667362  0.57637412328651694  0.58224967145965878  0.58824301378214794
  0.59432444230562775  0.60044666966542493  0.60653063119462358  0.61258082910128342
  0.61862841827621196  0.62476211170473395  0.63107475774483779  0.63752045971970817
  0.64405201581401061  0.65069865809576877  0.65741936932786227  0.66421417426949569
  0.67123806280842047  0.67839396779660288  0.68564715560583278  0.69316539271294697
  0.70088003253003395  0.70883713151600747  0.71712152285105046  0.72558898892050439
  0.73449020572011692  0.74391523934195103  0.75377992971712149  0.76423344810649707
  0.77540081957859375  0.78754445780960869  0.80083267530891888  0.81565086137220300
  0.83299364823695188  0.85535663331397982  0.89152110041838672  1.00000000000000000
   2.1625371555690385E-003  -1.0000000000000000     
 T T T T T T T T T T T T T T T T F F F F F F F F F F F F F F F F
  <DiscreteSampler_grid>
  grouped_processes
  1 # 1 for a reference and 2 for a running grid.
  10 # Attribute 'min_bin_probing_points' of the grid.
  1 # Attribute 'grid_mode' of the grid. 1=='default',2=='initialization'
  0.0000000000000000 # Attribute 'small_contrib_threshold' of the grid.
  0.5000000000000000 # Attribute 'damping_power' of the grid.
 # binID   n_entries weight   weight_sqr   abs_weight
    10   10   6.840520156804736E+008   1.604165883173186E+018   6.840520156804736E+008
    16   10   6.840520156804737E+008   1.604165883173186E+018   6.840520156804737E+008
  </DiscreteSampler_grid>
