 -0.00002020532502653  0.00047704243512615  0.00087403701866485  0.00125851186425694
  0.00164375066217271  0.00202531439818715  0.00238348862782665  0.00273500497742496
  0.00308131065441280  0.00343449072569995  0.00379320180569628  0.00415270541142287
  0.00452544329146458  0.00489174793362930  0.00529478056432797  0.00571180346941991
  0.00608789503829039  0.00642350979337647  0.00676875947381305  0.00710618814041105
  0.00747992798960264  0.00783457535372875  0.00820259850422364  0.00856748059966100
  0.00891508804381704  0.00925804077963672  0.00964467768353201  0.01006058231924467
  0.01048068289924015  0.01087340162197238  0.01127301706059522  0.01163995389247984
  0.01206550621156993  0.01250401323923552  0.01294031386686191  0.01336811201504995
  0.01375859071841684  0.01409221630516995  0.01444253035918114  0.01479040150568516
  0.01515625163295140  0.01553600698093376  0.01594883201715988  0.01633203904013867
  0.01672944095713308  0.01712520775446036  0.01755729204160906  0.01794975048840578
  0.01838004839680805  0.01885248493886339  0.01927664467876191  0.01968813072181498
  0.02007133057416541  0.02048829737367726  0.02094500085878029  0.02138275886143905
  0.02182501737161272  0.02228515218892772  0.02276021927843166  0.02322880286175097
  0.02367508000631965  0.02414567037116842  0.02484030871583308  0.02586695598837550
  0.02718164582393344  0.02835795571237904  0.02949503805028355  0.03052711918730548
  0.03152290503188268  0.03242363451740991  0.03334977929941613  0.03436650119254087
  0.03565151726674836  0.03711914705780030  0.03845701049805648  0.03949588178193497
  0.04098794495290659  0.04271197287658267  0.04465116849417901  0.04718768393151924
  0.04919616968333357  0.05083505943500585  0.05213432656611074  0.05406642894954979
  0.05570561848535548  0.05706323499317490  0.05833353565911596  0.05970966078876087
  0.06132113561363495  0.06303773638242280  0.06517015211832992  0.06963029306172512
  0.08059442280477737  0.13544436020479572  0.20978543225033200  1.00000000000000000
 -0.00275478002604053  0.01242629869667906  0.02513401302528046  0.03811732200646117
  0.05191315120798379  0.06546390779127287  0.07803153788431597  0.09038459048213525
  0.10258127930151262  0.11518753189099717  0.12832741472540224  0.14159778998196021
  0.15348279767921144  0.16414892088030120  0.17422676282488378  0.18494870341120642
  0.19704040446483814  0.21009063603427819  0.22233436713384849  0.23431456816090254
  0.24546165300047848  0.25547669534335771  0.26467325298067262  0.27453914950506741
  0.28644351739295260  0.29684137081729989  0.30524493679017917  0.31507304917491197
  0.32330182274323765  0.33096579528240805  0.33871932119227932  0.34663238658595474
  0.35471608075282735  0.36320740028711163  0.37180685020474324  0.37967490099746504
  0.38719618519645810  0.39514883968373410  0.40369100379427614  0.41232303662752301
  0.42004790063761727  0.42795244712234382  0.43644222531677851  0.44565535506361237
  0.45492083316843518  0.46261650362221013  0.47111874664647252  0.48010235895535663
  0.49107634895426672  0.50016153215292836  0.50987307061877141  0.51940893631569562
  0.52906837725174150  0.53846667679470916  0.54976638128947652  0.56062567487517811
  0.57139200845574722  0.58196081515900766  0.59230711192151264  0.60149809298107848
  0.61054593222978526  0.61961421086959934  0.63106524776841855  0.64185071212911093
  0.65338628718640246  0.66375390296325842  0.67441197780923756  0.68604313858842336
  0.69856058542753263  0.71205313405622284  0.72562177302671493  0.73830296070177825
  0.75013063056173312  0.76239936463640190  0.77358998202362084  0.78479671225791292
  0.79546825571965452  0.80514744422531592  0.81433969203141987  0.82377896500463887
  0.83431576261998608  0.84554042773944749  0.85721406941147393  0.87013696240560223
  0.88364338062579495  0.89661011290367532  0.90684455616292625  0.91703385999965148
  0.92703361392832029  0.93740654644732169  0.94788445890746342  0.95696026992703964
  0.96689042503399014  0.97730688081446038  0.98818040563969500  1.00000000000000000
 -0.00346340906130853  0.05265017055995235  0.09212242581059074  0.12691596263638444
  0.15902894739442086  0.18812111647301283  0.21338758992665918  0.23676933100152750
  0.25941272636868601  0.27955266058101497  0.29705729105009271  0.31469378935984665
  0.33152840144713042  0.34579958751687140  0.35896686447029297  0.37236556505603546
  0.38639826217368062  0.40037096749039514  0.41358530704369967  0.42656392140688815
  0.43912007812298887  0.45059635904459733  0.46161579015323961  0.47230150884173677
  0.48346368163598896  0.49408037150597661  0.50426181218731070  0.51568657431345577
  0.52698911583724117  0.53930301510417589  0.55022868050636409  0.55933370618221911
  0.56719601356333182  0.57445574378017161  0.58166689077998091  0.58905349066180512
  0.59695880680490132  0.60525899341893141  0.61377749065442644  0.62250532015985049
  0.63055085961940183  0.63772785052951741  0.64466298189020266  0.65154580996576017
  0.65841732446150802  0.66566968606596744  0.67176299956787011  0.67753122369969832
  0.68314357502641521  0.68865737116396097  0.69504354073425922  0.70155886880336060
  0.70793497453238186  0.71392064314838932  0.71996203769582057  0.72601498527846897
  0.73194952603620023  0.73783302848444066  0.74372410969232339  0.74931087308594557
  0.75431510552592473  0.75901745676220711  0.76384651499075229  0.76877578750863573
  0.77385353818487490  0.77910914916467677  0.78429622694118084  0.78955027442848391
  0.79449040402428894  0.79929046727953668  0.80402233880897833  0.80881201164779370
  0.81336741936878365  0.81778514033027949  0.82220237038512933  0.82713941202206243
  0.83222760750744329  0.83761704789855773  0.84303847287130840  0.84852858633177708
  0.85413807467049219  0.85980812585944011  0.86528392656403996  0.87065839739771012
  0.87656857755042450  0.88432398657844813  0.89318936518928715  0.90300663878174392
  0.91296618082273417  0.92097143087699451  0.92803517796802892  0.93523176309593259
  0.94348424970015787  0.95336289905399696  0.96650709166545468  1.00000000000000000
 -0.01434752547926273  0.09138171497653401  0.13275272122359980  0.16031015523707332
  0.18181047140318812  0.20081176737458356  0.21607907117249542  0.23032697858507092
  0.24178427148175011  0.25146352815844636  0.25959380731026727  0.26712315401241976
  0.27497126774855990  0.28265321161547291  0.29099128349207021  0.29936504579827178
  0.30800199935790828  0.31595347795392487  0.32371680605365755  0.33121953225301204
  0.33876843053837030  0.34757631430534675  0.35699876672669267  0.36597617098639812
  0.37417594808151056  0.38181349672604148  0.38918597619824929  0.39628456643148835
  0.40210176364171696  0.40780923408505926  0.41403710456003989  0.42005257956071312
  0.42603515367898043  0.43204607744100337  0.43730138848187228  0.44247992304158035
  0.44752936500860541  0.45272728827579845  0.45822241630222710  0.46351282433413765
  0.46902772933236470  0.47431320797398735  0.47968176473611873  0.48522496548599459
  0.49056247107519324  0.49568111526321246  0.50063728620436476  0.50527383208192400
  0.51027054922899384  0.51497628002410412  0.51958764582380601  0.52396104763425499
  0.52854885108712879  0.53311670673756095  0.53750450719577425  0.54175302848084261
  0.54634239307911914  0.55115690486804592  0.55532618369106890  0.55915051943365313
  0.56293522893850378  0.56719435659408735  0.57180343713383752  0.57621602122600224
  0.58038922921984581  0.58500768671642234  0.59024281559306668  0.59564417582438001
  0.60101024667708114  0.60636993206491652  0.61183627841460131  0.61746354894101441
  0.62357793677009676  0.63063415656826283  0.63916567355808696  0.64737243905332331
  0.65492555738778035  0.66254409068141340  0.67046020607852352  0.67899631337612254
  0.68786198024951872  0.69625506460354103  0.70446472543150140  0.71327526390014273
  0.72303755782833923  0.73425047907997520  0.74595061642275207  0.75904758112567494
  0.77354043930844785  0.78947074650610127  0.80522534482756780  0.82256020277012287
  0.84326320959731849  0.87344357423406849  0.91491170076901129  1.00000000000000000
   5.3594079725082319E-011  -1.0000000000000000     
 F F F F F F F F F T T T T T T T T T T T T T T T T T T T T T T T T T T T F F F F F F F F F T T T T T T T T T T T T T T T T T T T T T T T T T T T
  <DiscreteSampler_grid>
  grouped_processes
  1 # 1 for a reference and 2 for a running grid.
  10 # Attribute 'min_bin_probing_points' of the grid.
  1 # Attribute 'grid_mode' of the grid. 1=='default',2=='initialization'
  0.0000000000000000 # Attribute 'small_contrib_threshold' of the grid.
  0.5000000000000000 # Attribute 'damping_power' of the grid.
 # binID   n_entries weight   weight_sqr   abs_weight
    10   10   2.834868872860469E+003   1.834412891834552E+007   2.834868872860469E+003
    11   10   2.834868872860469E+003   1.834412891834552E+007   2.834868872860469E+003
  </DiscreteSampler_grid>
