 -0.00008177292284562  0.00076780608378646  0.00174537863118894  0.00317343895470036
  0.00499986571953039  0.00727449028243185  0.01009771200878695  0.01328129288123108
  0.01680281556665706  0.02066802767297568  0.02470447467740297  0.02922592141680261
  0.03436800709709321  0.03978763064740248  0.04546075865707596  0.05138335093690317
  0.05731478567279794  0.06347354716224173  0.07021441583092555  0.07741112791200490
  0.08460323980997046  0.09161837146501503  0.09883915661078810  0.10623676282398557
  0.11385630854524817  0.12199116711633863  0.13035741970862086  0.13884844417116018
  0.14753967681454405  0.15637575750360172  0.16528510366512841  0.17427767664038166
  0.18342613405064098  0.19255281803752028  0.20145340896216901  0.21053255961260395
  0.22026726958884907  0.23008902649447785  0.24008282617652904  0.25021982790131808
  0.26053138457477865  0.27114528762369017  0.28214493603949969  0.29340118665918785
  0.30498267202195783  0.31655232551162032  0.32837879128067149  0.34070234950400030
  0.35328074261485592  0.36586905877926473  0.37850875143409063  0.39120806091446542
  0.40382818179121910  0.41645727514691633  0.42967159832012736  0.44242492849126708
  0.45529641599342907  0.46877366198778903  0.48261093749888179  0.49670246968972248
  0.51133720977247443  0.52630137961387335  0.54092250576757994  0.55501830216448178
  0.56881893707173237  0.58242572026404871  0.59584942355374959  0.60907803980150643
  0.62236107365422622  0.63596668680711654  0.64972660897490486  0.66351619192961186
  0.67729597042919776  0.69103154458579696  0.70469056963729371  0.71845377014341016
  0.73206051693693541  0.74563150293033820  0.75931129456150914  0.77317828812606049
  0.78735822165992009  0.80227307001656056  0.81703221755503830  0.83176726934998202
  0.84652981409936057  0.86128418889988967  0.87563870921074782  0.88994296929771977
  0.90408365203260566  0.91822431037576069  0.93247273893336513  0.94644155180935896
  0.96000253193323726  0.97341885494028235  0.98674836205438099  1.00000000000000000
 -0.00207214594141838  0.00850708819571737  0.01817065061056423  0.02766893340465624
  0.03739551291253355  0.04754597980731014  0.05769264867658215  0.06765741868075123
  0.07745075045969918  0.08749659219715840  0.09779325006901760  0.10807752050076165
  0.11838154367950900  0.12891316262890037  0.13950653014857917  0.15030469657142173
  0.16146076683217009  0.17280912830855227  0.18414439132488139  0.19530241583144348
  0.20644287757921001  0.21677986956248388  0.22693883102858692  0.23706078293094104
  0.24679179389177971  0.25638971727489696  0.26559069779511285  0.27494781226917908
  0.28455924060788490  0.29434743653996248  0.30395778292813086  0.31333679314549240
  0.32273222033598870  0.33246095821058769  0.34284331642781557  0.35387778323202823
  0.36542942050295091  0.37705005964356342  0.38862806875430927  0.40053559752957063
  0.41288839878167000  0.42519552467042465  0.43699818506644877  0.44837500628278165
  0.45912174377006104  0.46917058937682588  0.47894322902441711  0.48826732244747079
  0.49783744695179732  0.50772511453911384  0.51784133103650176  0.52788591743823687
  0.53777047621646801  0.54811109817013426  0.55863085012544844  0.56882258124614793
  0.57861165149564575  0.58850778380820290  0.59901338114166613  0.60932323229174401
  0.61946586542977911  0.62967453909934223  0.64004848292729966  0.65058103882480001
  0.66086889500925372  0.67185251156736259  0.68303642959940425  0.69418409744765452
  0.70564537439800634  0.71748189900321857  0.72941964126669756  0.74078990838613967
  0.75120721783711630  0.76120779348083834  0.77116185974324269  0.78090124796257054
  0.79032971394329332  0.79969382926119514  0.80921904917565834  0.81905097481476763
  0.82937859266767933  0.84047820573470000  0.85210645452370926  0.86359921334676326
  0.87519852683091470  0.88740277674810308  0.89983245833662306  0.91213183634005879
  0.92444180237044282  0.93669590825505289  0.94776300596174679  0.95877850983667023
  0.96978217604658512  0.98022772385158119  0.99025605850538823  1.00000000000000000
 -0.00416174598986457  0.02390972021885601  0.04382770857055208  0.06065275712541594
  0.07494588107796006  0.08835893820232807  0.10178013961727904  0.11436543469313326
  0.12610116249889974  0.13825076007849629  0.15046768345634676  0.16183188974831833
  0.17278919549694446  0.18347527105162692  0.19447743833561035  0.20608198728866989
  0.21818228038576207  0.23016997541289663  0.24195978409915658  0.25328161661058779
  0.26438968986201561  0.27475895706058379  0.28537502959676447  0.29516392486033499
  0.30503099100325604  0.31480888489963105  0.32449234222286732  0.33407861966179803
  0.34352159067021310  0.35295584782615791  0.36250705374901959  0.37235385095617446
  0.38208435168746790  0.39169146053897919  0.40062780101085460  0.40935638111338929
  0.41810784840689674  0.42674494058932211  0.43513089745946693  0.44329727288005821
  0.45149006054115026  0.45976461054676154  0.46813587570126014  0.47634371562612837
  0.48444897040252816  0.49237461360852264  0.50068849075939359  0.50927846046087266
  0.51784850744455513  0.52683558954410303  0.53614006313342533  0.54525595734807975
  0.55408227057663639  0.56291413196924633  0.57197082241206876  0.58116729545183554
  0.59014918301730102  0.59876444848006338  0.60727952647875882  0.61569243380019889
  0.62417893734971475  0.63197195339916323  0.63946801422937705  0.64707080170168785
  0.65469877250290476  0.66201150609965653  0.66964612912540589  0.67793362935363310
  0.68612503085661591  0.69489522618712252  0.70364461474456963  0.71221285050625949
  0.72075159789035781  0.72911142822015584  0.73766708990220997  0.74626925040060221
  0.75511604892625872  0.76397624127732777  0.77262136571183337  0.78119585363637023
  0.79020201681747315  0.79949348953029042  0.80880191189101758  0.81814103945990668
  0.82745194025596314  0.83701836308580679  0.84736649100436778  0.85856239456037786
  0.87088192209790061  0.88403116171338725  0.89762739169160755  0.91160025180724791
  0.92598921225578834  0.94233178163996212  0.96463455719719149  1.00000000000000000
 -0.02020217994023565  0.11378272294205886  0.14866773120834653  0.17003853368071131
  0.18711753215038304  0.20205093995806303  0.21641425204878104  0.23024269197898325
  0.24326747630461146  0.25545339952325558  0.26661814997730837  0.27640356777029679
  0.28523643828280781  0.29361165263473699  0.30162605873586790  0.30954447118121736
  0.31723152294482132  0.32453949528721110  0.33154150321544212  0.33853913105603373
  0.34568272323204147  0.35267815080142279  0.35933809230775354  0.36573137543322726
  0.37193750097966627  0.37799409501906173  0.38394299746291766  0.38981856465676473
  0.39564339311195101  0.40142758055062222  0.40738373880289985  0.41330117974975039
  0.41893528938027319  0.42436933984294262  0.42992913800347959  0.43550851635207832
  0.44120121982988997  0.44695275090997094  0.45260175492110966  0.45810742946902328
  0.46365911228988832  0.46919319002911586  0.47478053261292708  0.48065867282337488
  0.48673115089627783  0.49263892454972930  0.49830614517447475  0.50363164706190644
  0.50881912274873586  0.51411617187099645  0.51951388563162637  0.52485644483399418
  0.53007581706508622  0.53535155716174698  0.54055882666919786  0.54570669713246778
  0.55081736263968606  0.55606868268720910  0.56145776387599144  0.56687253912535041
  0.57216565727064894  0.57759682365429288  0.58292991457843080  0.58846477774518058
  0.59412612567623002  0.59985223282837197  0.60575093742609099  0.61171065800947055
  0.61766196496136272  0.62378021957484076  0.63018035040201081  0.63664713198139333
  0.64298592499836660  0.64939424284251934  0.65610607592501646  0.66312957169512965
  0.67037346333274550  0.67768425513974484  0.68510313159391467  0.69286278978057092
  0.70103283282995010  0.70958903723358857  0.71837644463942996  0.72752149985463199
  0.73691845863833350  0.74653082217011890  0.75636363952245811  0.76658739798624731
  0.77725446417337174  0.78815634324424666  0.80024397377641499  0.81425755653481668
  0.83069241316635267  0.85104764253044640  0.88214314524403759  1.00000000000000000
   1.5917810975150543E-011  -1.0000000000000000     
 F F F F F F F F F T T T T T T T T T T T T T T T T T T T T T T T T T T T F F F F F F F F F T T T T T T T T T T T T T T T T T T T T T T T T T T T
  <DiscreteSampler_grid>
  grouped_processes
  1 # 1 for a reference and 2 for a running grid.
  10 # Attribute 'min_bin_probing_points' of the grid.
  1 # Attribute 'grid_mode' of the grid. 1=='default',2=='initialization'
  0.0000000000000000 # Attribute 'small_contrib_threshold' of the grid.
  0.5000000000000000 # Attribute 'damping_power' of the grid.
 # binID   n_entries weight   weight_sqr   abs_weight
    10   10   1.730286149859150E+002   6.095456849767626E+004   1.730286149859150E+002
    11   10   1.730286149859150E+002   6.095456849767626E+004   1.730286149859150E+002
  </DiscreteSampler_grid>
