 -0.00002863691790499  0.00048028955084206  0.00091825806895131  0.00134371105352420
  0.00175385498463984  0.00216057641451788  0.00257305767734097  0.00296926385006710
  0.00334781197347212  0.00374397215316912  0.00416231509335773  0.00458457932074341
  0.00500540223294138  0.00540915498339169  0.00577793800965000  0.00614594057355813
  0.00651346201720517  0.00687759367463995  0.00723581616674399  0.00758446346010255
  0.00793625587588853  0.00829192050854202  0.00864300355046577  0.00900288603424336
  0.00937462176430539  0.00975058731229218  0.01014724671548462  0.01052580972333076
  0.01090611512855551  0.01130265598617139  0.01169641224046730  0.01205444524703140
  0.01238889288814064  0.01269637407344897  0.01300612198500906  0.01330681222054575
  0.01362323204369526  0.01394545065241478  0.01425255284599646  0.01457172095640702
  0.01491407327638677  0.01525543965227947  0.01557412892447680  0.01586883352071033
  0.01621257215595601  0.01659060511703962  0.01696898909231371  0.01732303763082137
  0.01770097214845141  0.01809133219890310  0.01848211111836009  0.01888257610502300
  0.01924710571505235  0.01963270568474065  0.02002769007485207  0.02043824944237628
  0.02086925675913813  0.02130534574256458  0.02182214533688687  0.02237859855313987
  0.02284743681463782  0.02333150743660560  0.02379076704387712  0.02418524126787444
  0.02485993767992723  0.02567372754991053  0.02660961315781658  0.02769728401256679
  0.02879840152304710  0.03135441629780502  0.03382849207225697  0.03603359617817427
  0.03747689367416369  0.03828676702700187  0.03905551925117844  0.03991627045065963
  0.04109528832645666  0.04228070330702081  0.04340101886979585  0.04422934874098616
  0.04491085659601421  0.04556242115908231  0.04622730467326013  0.04697140739169993
  0.04802710495327655  0.04902067020311915  0.04994561556416036  0.05140439678240137
  0.05337696487804557  0.05519786277248391  0.05691603645237645  0.05804443730418267
  0.05972053771030326  0.06219767884812728  0.37150416384336249  1.00000000000000000
 -0.00147305560873906  0.01025265475182185  0.02146043196715032  0.03332846733632720
  0.04481898665798746  0.05662332730368417  0.06872141602885354  0.08118030742780649
  0.09277972740978013  0.10308752430224949  0.11350060953251598  0.12322116837880409
  0.13391001835857680  0.14565013511737357  0.15822798752523576  0.16963614530636001
  0.17993989664847565  0.18815471797051578  0.19520978163938679  0.20173188058246214
  0.20877735558579522  0.21803076362977963  0.22830469777481646  0.23853820223236583
  0.24764683270705917  0.25849559827169089  0.26977837049123871  0.27995454236684070
  0.28899153780108011  0.29757806486997390  0.30611412005310656  0.31441248224106477
  0.32293966042320560  0.33103054615976485  0.34148770285821278  0.35201475115244307
  0.36118746825379072  0.37062165485151005  0.38004598101721110  0.39013544359520241
  0.40160255044328286  0.41167035116868961  0.42143583564552894  0.43504863765233415
  0.44996387956148537  0.46161213448861999  0.47239384390150474  0.48293191331650925
  0.49425232635542121  0.50630997128780653  0.51781258481744308  0.52760999818516685
  0.53590186151199637  0.54447616387282305  0.55373951170050462  0.56346454007838898
  0.57325524555699603  0.58311546626407840  0.59279469749441138  0.60132548471328584
  0.60934209831142339  0.61746610976096661  0.62629237813168981  0.63554149102474378
  0.64395420160815009  0.65314969701900050  0.66318733692436538  0.67335659267597092
  0.68323377610607638  0.69322123241542055  0.70229216337848488  0.71168615394589241
  0.72105427023840651  0.73217322173385746  0.74534454281016616  0.75878064609563056
  0.77161272646155310  0.78377833499613592  0.79561924616804081  0.80771686409740495
  0.81970197371537101  0.83109175590280182  0.84292055965365253  0.85489423129416375
  0.86685981287597103  0.87865453179968900  0.89008313236611725  0.90102748761401230
  0.91143578592749430  0.92143507932361435  0.93111091069167862  0.94306382447747927
  0.95620479659624802  0.97007160286166638  0.98459555023257805  1.00000000000000000
 -0.00533900613683144  0.06489702488975706  0.11368150166158766  0.15242350512036421
  0.18613482822505936  0.21616373899028396  0.24366415070547931  0.27125276689092204
  0.29777455045001261  0.32001407277939942  0.33888931840361969  0.35558626085754907
  0.37180699937386180  0.38821273718844851  0.40574143613405528  0.42308383946446754
  0.43871046197515284  0.45348704785983701  0.46763564777208833  0.48194588217915091
  0.49706051861902983  0.51192173838707045  0.52593766459092650  0.53897745234185690
  0.54942354513461700  0.55825079919988052  0.56682337044471609  0.57536056545473091
  0.58410976355129407  0.59284909568166000  0.60167074332588855  0.61068093211439756
  0.61954250564013491  0.62786476814402759  0.63528881579243945  0.64203208878419571
  0.64861541455929117  0.65509770452103167  0.66186362961449541  0.66877915161995338
  0.67540972117723086  0.68191361866145861  0.68841490113710413  0.69508665168402306
  0.70216939893465591  0.70914945913318905  0.71569464521709247  0.72176621485763814
  0.72690700958784149  0.73206852916733567  0.73736455157383229  0.74278335101539794
  0.74871430692969621  0.75476621477092498  0.76057212236172922  0.76690895001535275
  0.77238764167126939  0.77705161348212248  0.78148463333766782  0.78588491101473301
  0.79014718945993556  0.79447994936140143  0.79873029342405844  0.80313673986727119
  0.80735731180895021  0.81140587357061444  0.81536817397639394  0.81939839473420917
  0.82345591075327240  0.82743557705296200  0.83148776645789868  0.83549623904654324
  0.83972743645098202  0.84406562641088878  0.84817188300058743  0.85220222389727007
  0.85624173283226623  0.86063881268073605  0.86542892260284532  0.87038324433121106
  0.87678656461148252  0.88266246043998398  0.88895744977303837  0.89523495759944016
  0.90199222042360194  0.90916028182841713  0.91578343822606278  0.92122700141938585
  0.92587149108701516  0.93012252451699340  0.93418794608917821  0.93851288209364714
  0.94339694983229183  0.95070134588017630  0.96366261886676463  1.00000000000000000
 -0.01571410539323930  0.13116887231295024  0.19494134095036275  0.23902870863519859
  0.26431905212296397  0.28323964764830267  0.29733166823499618  0.30991438536798982
  0.32238475435165692  0.33401980656852559  0.34416809595524561  0.35280246435994345
  0.36009412368920113  0.36760979507484803  0.37574051274146247  0.38415871260446760
  0.39193926547333968  0.39894165442540014  0.40539039198231269  0.41179426164409816
  0.41810655146873782  0.42486677756134317  0.43189669128541913  0.43838197024992781
  0.44526709669379955  0.45223354407101146  0.45937348393456340  0.46585830278270396
  0.47153254285395962  0.47744582189096590  0.48289868584292661  0.48845605179489759
  0.49425558018016336  0.50022731996946423  0.50674895749543369  0.51335301744573880
  0.51934272430186734  0.52522350442607246  0.53138769683993747  0.53768123731237183
  0.54350218527633820  0.54907491499424421  0.55430813760096742  0.55915064512456525
  0.56370888032021593  0.56791207726790349  0.57227387424169507  0.57704237586175533
  0.58164164746685487  0.58620123249696843  0.59049848306833363  0.59471327047609635
  0.59875085355004753  0.60279722219158882  0.60696120846166657  0.61054957399581955
  0.61433779710229741  0.61816963006600789  0.62229776478402299  0.62704889276487841
  0.63226067251526441  0.63702860905592540  0.64198944922557533  0.64725826147918963
  0.65350938724142893  0.66054049518306313  0.66730530748835248  0.67328818087733866
  0.67851013114908776  0.68326020682951571  0.68819157882073756  0.69300097145806139
  0.69757134950635125  0.70218235736086720  0.70720342215530563  0.71285573131459790
  0.71870237835481010  0.72549780428482991  0.73372915380513182  0.74323702386310819
  0.75269847101839904  0.76007520624515801  0.76716421833336468  0.77346499538948021
  0.78045993365445054  0.78791591971801800  0.79640946620048547  0.80553635151523761
  0.81510730888910510  0.82521599003351542  0.83618273833329559  0.84778026424796238
  0.86293665007962506  0.88129657323739774  0.91219116275880718  1.00000000000000000
   2.7167131272221600E-012  -1.0000000000000000     
 F F F F F F F F F T F F F T F F F T T F F F T F F F T T T T T T T T T T F F F F F F F F F T F F F T F F F T T F F F T F F F T T T T T T T T T T
  <DiscreteSampler_grid>
  grouped_processes
  1 # 1 for a reference and 2 for a running grid.
  10 # Attribute 'min_bin_probing_points' of the grid.
  1 # Attribute 'grid_mode' of the grid. 1=='default',2=='initialization'
  0.0000000000000000 # Attribute 'small_contrib_threshold' of the grid.
  0.5000000000000000 # Attribute 'damping_power' of the grid.
 # binID   n_entries weight   weight_sqr   abs_weight
    10   10   6.990034871578347E+001   2.232875701342213E+004   6.990034871578347E+001
    11   10   6.990034871578347E+001   2.232875701342213E+004   6.990034871578347E+001
  </DiscreteSampler_grid>
