 -0.00033792957017364  0.00209611780528811  0.00354876882509186  0.00498643637057168
  0.00651874313454219  0.00822927801651384  0.01016618538209229  0.01234817232245725
  0.01476877541673425  0.01736341642181278  0.02027278656881264  0.02332442062021453
  0.02646088547593798  0.02972956330928723  0.03305581093448667  0.03660216547464136
  0.04037598663338247  0.04441588085433190  0.04862024381685197  0.05298842704250677
  0.05759490587572625  0.06249689088657236  0.06754460566613121  0.07255944013123460
  0.07759276605224005  0.08273904504978273  0.08815950331191345  0.09375955527891182
  0.09961169382805279  0.10562020221123475  0.11201790955270029  0.11865585022864496
  0.12554246956333448  0.13255403665665511  0.13969174568660037  0.14701659531560343
  0.15448177585564343  0.16224326469236022  0.17020862320406044  0.17857431430181200
  0.18718749232413401  0.19604022135214519  0.20553453393964663  0.21547186210684344
  0.22570305569190902  0.23630202749309329  0.24733136865553446  0.25887320506316663
  0.27100038775053670  0.28355969688333243  0.29652332661119951  0.31047192144008401
  0.32604225867601022  0.34325556484876346  0.36119421857803086  0.37968922505439762
  0.39929435471224051  0.42007656606410931  0.44267706185382016  0.46677239224199712
  0.49198574962754765  0.51772164603723292  0.54384468663629126  0.57079233623740211
  0.59676844234352755  0.62120610512858310  0.64377101125267322  0.66451685252731540
  0.68326255606321795  0.70074073448791496  0.71757225206607267  0.73382698604309060
  0.74935184066108773  0.76458360110587509  0.77869599830801595  0.79223818476499663
  0.80537515390236858  0.81800634064605970  0.82989043607549717  0.84151816019775871
  0.85297675521435123  0.86415358856493718  0.87500478008847471  0.88555674236168369
  0.89590357766429063  0.90596989250414783  0.91596821512372617  0.92588493656645299
  0.93562891762651601  0.94499466338796190  0.95425973884271909  0.96347529961035339
  0.97273288441108918  0.98188833467250392  0.99097570590459105  1.00000000000000000
 -0.00210429309014461  0.00882796609943771  0.01817068062148770  0.02746296135055784
  0.03711650965081621  0.04728780119145598  0.05829856658986476  0.06889363654019930
  0.07949217480559190  0.09038473371559294  0.10155553812573918  0.11211563079255267
  0.12263576272370803  0.13305229245273170  0.14357890465495737  0.15476979590118989
  0.16642890939465205  0.17686972606426979  0.18729760499676609  0.19814041119752906
  0.20899178309274419  0.21924047320409407  0.22920727651152442  0.23951652780060256
  0.25007210093159699  0.26044862876486724  0.27093545735947366  0.28128454079826676
  0.29186465781251963  0.30263230067904379  0.31356019793909284  0.32480089186657685
  0.33596291118914184  0.34709703570897482  0.35799189174662044  0.36880762783165355
  0.37898492400648298  0.38873356186821556  0.39858536525500265  0.40898570779050203
  0.41940578627458358  0.42901033691931889  0.43851999038016942  0.44868166968641915
  0.45967146292109490  0.46998422294226055  0.48031785208205746  0.48986934548715733
  0.49922375271084812  0.50849279829170158  0.51803862539851009  0.52777997620324724
  0.53788623667886215  0.54808328065373957  0.55855973187099694  0.56877482794144463
  0.57878345811963294  0.58890678118933759  0.59904790101141903  0.60927393338031777
  0.61957381111364096  0.62994309498458212  0.64008535706709380  0.64980105582599335
  0.65921885855858375  0.66899319934552359  0.67903363099733560  0.68929138822574376
  0.69958591722171037  0.70999397061632885  0.72095168006708998  0.73208194179793329
  0.74306130844720131  0.75418614369778458  0.76574440214183725  0.77725441332348555
  0.78879517889995521  0.80026420890752092  0.81163479702628771  0.82254313484863018
  0.83306042594384366  0.84347607106678157  0.85425753200633514  0.86545919137950100
  0.87649443658518955  0.88711326517369249  0.89773515371265367  0.90863014683494558
  0.91920727080183884  0.92970063872201747  0.94054893309102527  0.95209590088794327
  0.96400041450813700  0.97586044275253248  0.98786673199583075  1.00000000000000000
  0.00107323439480922  0.01872058322156776  0.03337734353097849  0.04663205071419576
  0.05921840776828766  0.07068864714029956  0.08109794943240688  0.09126740993922973
  0.10156292857541686  0.11189666675536122  0.12223932181699868  0.13265220772077752
  0.14331181228933118  0.15385904270638956  0.16437871772919641  0.17501543151461374
  0.18574350902204434  0.19555195436712916  0.20502310768248019  0.21422454201377783
  0.22359174946770710  0.23289899069257475  0.24234121398235944  0.25185399295107502
  0.26260181156046669  0.27300263111876300  0.28296369474474276  0.29251925009208973
  0.30228273813856410  0.31222084099261282  0.32229497274671320  0.33266722545328709
  0.34281819548661824  0.35270584039538605  0.36199462792927772  0.37140838766032219
  0.38082485927881971  0.39011049788458130  0.39903259482184844  0.40804360792757660
  0.41698163315571485  0.42543545606276029  0.43368014776819197  0.44248114643777697
  0.45131594219824184  0.46043849937972997  0.47001017833673209  0.47958239024695787
  0.48878874415625778  0.49753005961662655  0.50597339549519182  0.51425980867906906
  0.52241482839249376  0.53053703338481673  0.53885053713402431  0.54826729997649426
  0.55813427480798672  0.56760637680651060  0.57697975075759278  0.58637898659778598
  0.59581719647074471  0.60513208701920429  0.61415953986305971  0.62304977399681138
  0.63214023204351266  0.64133418310312329  0.65056528707576766  0.65933774964616965
  0.66771254876046404  0.67531379400403757  0.68289361886312860  0.69035229382366825
  0.69780161060314216  0.70538411639478860  0.71334363280518009  0.72179852932180799
  0.73041639713986295  0.73982363109136440  0.74889691616710863  0.75853805257683826
  0.76873865237446448  0.77996875835056589  0.79129425298565392  0.80246042715717769
  0.81326902364286602  0.82370458599350105  0.83396138492198679  0.84412569549374739
  0.85460531082239055  0.86562307854678289  0.87793018090260655  0.89250070956035055
  0.90842217081293475  0.92756347321941846  0.95404293368339155  1.00000000000000000
 -0.01625527293464605  0.09687656787487070  0.13564581938092293  0.16142031455154171
  0.18145569741852585  0.19788448066111897  0.21269693581670418  0.22653793561979674
  0.23933941415086135  0.25105027418792569  0.26194936532293284  0.27222212872714058
  0.28184200890986716  0.29097603147069573  0.29968085803556810  0.30817548111208165
  0.31594269541321796  0.32333607623111948  0.33082605014456168  0.33809236375161994
  0.34513234932824305  0.35196605130161690  0.35841724938043706  0.36468124267003499
  0.37118608758642413  0.37745960079753632  0.38332764216700249  0.38893655289282730
  0.39459897481042067  0.40037594935333332  0.40609847497339036  0.41172383294689791
  0.41717596482770730  0.42263328365302449  0.42828263986525411  0.43399803879845072
  0.43965209106143993  0.44525465732889236  0.45077440976950195  0.45621283912332078
  0.46177159479365038  0.46745429421295670  0.47315500962991980  0.47880446763503570
  0.48401249265876400  0.48920899581715127  0.49459043364497046  0.50001141216878897
  0.50543491075663782  0.51095279267408911  0.51646928156333338  0.52180853077391876
  0.52693933208447585  0.53196051613819106  0.53697996551461946  0.54209573001930667
  0.54734882248253902  0.55265775076672652  0.55803328981726075  0.56349577198492717
  0.56907665964340315  0.57469950459199870  0.58018926070570209  0.58580647512123829
  0.59159663539172946  0.59745857313770268  0.60344184039478732  0.60994818210890422
  0.61661177763106456  0.62315120131509927  0.62952820057380965  0.63577155504204541
  0.64192960034592794  0.64804625831539497  0.65432527728010448  0.66093731189293936
  0.66772709621038107  0.67472688034559758  0.68169862269881465  0.68902811881189585
  0.69703651573271919  0.70555350867490130  0.71444519833658382  0.72388196665884330
  0.73309957510418478  0.74255319393471297  0.75267205122015712  0.76375316015032590
  0.77624769361213497  0.78975771023436814  0.80501469397395298  0.82272861791531604
  0.84444651349115851  0.87105107215070166  0.90858462936910456  1.00000000000000000
   3.6550912947579128E-016  -1.0000000000000000     
 F F F F F F F F F T T T T T T T T T T T T T T F T T T T T T T T T T T T F F F F F F F F F T T T T T T T T T T T T T T T T T T T T T T T T T T T
  <DiscreteSampler_grid>
  grouped_processes
  1 # 1 for a reference and 2 for a running grid.
  10 # Attribute 'min_bin_probing_points' of the grid.
  1 # Attribute 'grid_mode' of the grid. 1=='default',2=='initialization'
  0.0000000000000000 # Attribute 'small_contrib_threshold' of the grid.
  0.5000000000000000 # Attribute 'damping_power' of the grid.
 # binID   n_entries weight   weight_sqr   abs_weight
    10   10   2.651956008940656E-001   1.555741445089966E-001   2.651956008940656E-001
    11   10   2.651956008940656E-001   1.555741445089966E-001   2.651956008940656E-001
  </DiscreteSampler_grid>
