 -0.00003809182990996  0.00077228498972614  0.00154166887262375  0.00232153789702939
  0.00311086772654721  0.00387882400421986  0.00461821786337810  0.00528974984230752
  0.00594498772738125  0.00662701846986399  0.00732222089224747  0.00798111129002621
  0.00861635092760329  0.00930551778261633  0.00997721561539782  0.01056407797558844
  0.01116418136355485  0.01179643326241858  0.01240727991919581  0.01301072104633697
  0.01361689761250509  0.01420349654617254  0.01473861986391604  0.01525714364911885
  0.01577882866053726  0.01628454861906010  0.01678497798832493  0.01733658026664365
  0.01787497549752718  0.01843957225242506  0.01896443985522328  0.01947581316405746
  0.01993050299914796  0.02035951373941713  0.02077368685172584  0.02118876856975330
  0.02160226764095047  0.02206128826682760  0.02256513438893791  0.02309197375522891
  0.02359242676320827  0.02407345849114562  0.02453884308609299  0.02499670349004620
  0.02547226917042991  0.02595706090202095  0.02644394557310636  0.02680338774492345
  0.02762582091972622  0.02864423668934252  0.02966867244559438  0.03073131336263916
  0.03180004485037031  0.03287198175407723  0.03397043684154567  0.03508501590732961
  0.03621616871079054  0.03734106380271904  0.03839689374991467  0.03931819545794814
  0.04009573259590587  0.04095687830754365  0.04193813154890812  0.04306750385063629
  0.04422921126168673  0.04529576505282037  0.04647767583722115  0.04748595106286534
  0.04844551464215464  0.04946389418850106  0.05079040830623527  0.05267473171504063
  0.05479164769341913  0.05724903427643406  0.05976576828760977  0.06233909579185341
  0.06497857150746431  0.06775132762174803  0.07063958668107356  0.07386965872961658
  0.07763437916934646  0.08175590884958049  0.08417141881542295  0.08625231608779389
  0.08798097365183111  0.08961049848678342  0.09123614412386381  0.09296308452520395
  0.09480620729858082  0.09749536730183969  0.10039302889891689  0.10413655643964850
  0.10760239860519033  0.11004084100529071  0.11291930628249953  1.00000000000000000
 -0.00203468980661106  0.00861808985473486  0.01904367382449418  0.02623544140945894
  0.03224545387796153  0.03829341001048134  0.04667597072012608  0.05470569571820254
  0.06269067287868038  0.07074095455402135  0.07920001555868153  0.08917238801716837
  0.09987295264808584  0.10916814622948549  0.11809012569217314  0.12638616254694554
  0.13635088883695093  0.14819179229198584  0.16266697800119187  0.17856202751452821
  0.19257081451077079  0.20240814747563116  0.21115625859884024  0.21906194224260900
  0.22656973469659777  0.23486843635422730  0.24233181251925306  0.25083830312709215
  0.26212857267178924  0.27502935869404310  0.28762130305834738  0.29998416736948297
  0.31268263019208620  0.32580248148527097  0.33817316195531411  0.34934497252422697
  0.35997277802276528  0.36996777792246122  0.38006134291398019  0.38985914956853090
  0.40465061946336661  0.42119205862332565  0.43793850095420050  0.45353797687856739
  0.46541590445895847  0.47470410643923544  0.48271893648610609  0.49129449685818410
  0.50093658418798326  0.51300267767508467  0.52624346140876033  0.53827266200404678
  0.55080259034140044  0.56327442743957057  0.57554700307161410  0.58808435820813276
  0.60108446615588873  0.61454992483546189  0.62776941076370152  0.63974541784245098
  0.65091094628502122  0.66043145892479194  0.66914851139990650  0.67763372311588332
  0.68727942139946374  0.69910496746002648  0.71034696557231236  0.71864133428085541
  0.72597072636030091  0.73342772735701633  0.74239438040130379  0.75259165905420888
  0.76113060819613088  0.76980073527260051  0.78503551327791765  0.79782727766201422
  0.80770781907938460  0.81716444790039666  0.82630847445474898  0.83400989876218334
  0.83948420947762636  0.84456070007965811  0.85025431962709241  0.85720921829755459
  0.86755064573451457  0.87957641496679972  0.89198465543454075  0.90281668726609476
  0.91256777086376595  0.92375466877643242  0.93581122688139728  0.95028485849244637
  0.96437863876553487  0.97668658483097981  0.98846740030559899  1.00000000000000000
 -0.00644103500522581  0.08982530030518432  0.15405746949893726  0.20550780350336581
  0.24952330594523162  0.29054233169549976  0.32600595405145832  0.36098798146977262
  0.39363387667789457  0.42279261039387017  0.44891247998711264  0.47371328387186806
  0.49567445843936647  0.51326998634880983  0.52925940208936240  0.54363770551629853
  0.55838579106070141  0.57299556976396460  0.58777026550077049  0.60351651536899931
  0.61890450390312413  0.63303055276828013  0.64533713100542922  0.65498249662850261
  0.66297530386750070  0.67111500331131357  0.67965322675306694  0.68974669565729274
  0.70108129001933372  0.71158036282806136  0.72057805947776854  0.72871712310792669
  0.73590932352047134  0.74298672024684365  0.75020708522695101  0.75732570115140541
  0.76407321811575091  0.76994925414725079  0.77484091719595094  0.77947392274784555
  0.78406772053502005  0.78908468206323379  0.79371159681240167  0.79805039457472904
  0.80186297880956703  0.80537378195341414  0.80869822503650779  0.81218050991760959
  0.81589159274624434  0.81973840302715939  0.82372883150290643  0.82759879604948217
  0.83157616985152349  0.83522744412298244  0.83867731035539184  0.84214162917690460
  0.84559612823387365  0.84909512448423563  0.85231603407690737  0.85537329714927568
  0.85833347435453922  0.86120920441702298  0.86409824869000273  0.86695458671254677
  0.86963031351383402  0.87227763915783640  0.87500550670414168  0.87768416605507338
  0.88035508415860253  0.88280775895519592  0.88554572926351627  0.88816599631165793
  0.89110311212904891  0.89446411345429822  0.89831874012060620  0.90291422213730599
  0.90647326123198502  0.91002273485079199  0.91376059826303424  0.91739489778213290
  0.92090947418967595  0.92459034100410342  0.92869967501063311  0.93276142065013701
  0.93690233752384300  0.94106515331047302  0.94509889729609464  0.94955611599629441
  0.95403109148224241  0.95806959251969515  0.96174353736407059  0.96535632604025146
  0.96899373282164569  0.97365612577295280  0.98089973378086315  1.00000000000000000
 -0.01467100705981634  0.10773159376510770  0.17675912168525559  0.21894939276025366
  0.24420156672931859  0.26386091801999234  0.28219042730274102  0.29912283046639493
  0.31657266476299090  0.33305109509060454  0.34630766405241942  0.35681437957702822
  0.36572020705559627  0.37419814810929819  0.38241123164691460  0.39033401574195203
  0.39824553927801842  0.40629569432158358  0.41370852060654661  0.42079473511163729
  0.42791762668560407  0.43487250901170027  0.44111637562992656  0.44691855297423588
  0.45303027900086845  0.46107219140736028  0.46956389700390749  0.47753327892211755
  0.48430027613035448  0.48884500081135607  0.49379068083990596  0.49872881288189436
  0.50351317156750619  0.50784562532603239  0.51281408233130166  0.51917648768672764
  0.52584870405446926  0.53237999762858901  0.53824435621283162  0.54356536424842872
  0.54859430444016710  0.55350017150270836  0.55826582486645804  0.56265263717438130
  0.56674636347056917  0.57064567558175960  0.57483058103275353  0.57924048983845733
  0.58338044011081536  0.58739029885659333  0.59136468518171592  0.59524640513853344
  0.59885968231603603  0.60259349714623134  0.60661284876922072  0.61069215657475495
  0.61492650895138457  0.61845694037096677  0.62170206929247762  0.62534774206269073
  0.62943283403919648  0.63459920626347688  0.63919442979289154  0.64358333074551488
  0.64789762705935883  0.65253588940517493  0.65727656058784989  0.66206168556074596
  0.66729756137514096  0.67385305951653984  0.68137261546419847  0.68876537108153868
  0.69496771432431237  0.69978376326910718  0.70465944224080779  0.70935235247402784
  0.71429979254141385  0.71995877172989486  0.72632377518262736  0.73283939372380813
  0.73968830375902395  0.74568363266409088  0.75242866412249554  0.76032525039650400
  0.76856952677270252  0.77678303541155558  0.78560643148730747  0.79623506994375126
  0.80833552561420141  0.81959194649259248  0.83098146936307316  0.84566031900082328
  0.86301420460967704  0.88273809932013192  0.91470052134572366  1.00000000000000000
   2.3578087783035905E-010  -1.0000000000000000     
 F F F F F F F F F T F F F T F F F T T F F F T F F F T T T T T T T T T T F F F F F F F F F T F F F T F F F T T F F F T F F F T T T T T T T T T T
  <DiscreteSampler_grid>
  grouped_processes
  1 # 1 for a reference and 2 for a running grid.
  10 # Attribute 'min_bin_probing_points' of the grid.
  1 # Attribute 'grid_mode' of the grid. 1=='default',2=='initialization'
  0.0000000000000000 # Attribute 'small_contrib_threshold' of the grid.
  0.5000000000000000 # Attribute 'damping_power' of the grid.
 # binID   n_entries weight   weight_sqr   abs_weight
    10   10   8.057676175078383E+003   6.431755701206920E+008   8.057676175078383E+003
    11   10   8.057676175078383E+003   6.431755701206920E+008   8.057676175078383E+003
  </DiscreteSampler_grid>
