 -0.00008468954137623  0.00072178849004144  0.00159205240623687  0.00289681083113713
  0.00454277038843867  0.00657820390081998  0.00899924689973393  0.01189617563042862
  0.01511844737318704  0.01860734174776759  0.02238025238822131  0.02632738550477057
  0.03052689527686865  0.03504140709173559  0.03981571622135650  0.04505412171012092
  0.05055204389118371  0.05618769657795232  0.06222345332072764  0.06879247057892651
  0.07547788088839659  0.08212978187134724  0.08892569103186632  0.09602431121129157
  0.10338940180695731  0.11066591945689444  0.11796188734906787  0.12530595455748877
  0.13318041202861400  0.14128661247126437  0.14949670155169323  0.15806016697000239
  0.16654009688916721  0.17525748960673421  0.18393020073045988  0.19283797067677555
  0.20238349725607069  0.21210310132924118  0.22223726366228036  0.23271504754015651
  0.24313953493449306  0.25370313672355510  0.26463592986075568  0.27597663902088737
  0.28776939257466172  0.29986836143438961  0.31213685840379390  0.32462247066977362
  0.33736026044835832  0.35036455785786591  0.36350447586690793  0.37658091605153760
  0.38983320580788905  0.40328456209350888  0.41754793077012670  0.43256919104567060
  0.44815685603532451  0.46398967522336382  0.47971512682996886  0.49512484274479163
  0.51019495276655802  0.52504710269301014  0.54033786811544382  0.55556989181366345
  0.57066699904211549  0.58560584653438252  0.60055691381607568  0.61569604937195255
  0.63092115918782943  0.64600630863111586  0.66113649950906683  0.67634051767917380
  0.69148552585750755  0.70651906090076022  0.72145850898515229  0.73633849967485809
  0.75093097776117623  0.76541885849778080  0.77948422104642190  0.79329532549779702
  0.80694926292805180  0.82030213580543110  0.83351782556838538  0.84670768883754544
  0.85991946781862993  0.87312827309924190  0.88614034249655838  0.89914603387377634
  0.91222081803275812  0.92526817107580750  0.93810018800556905  0.95075538565823081
  0.96321571820924301  0.97554762895140423  0.98779535178487077  1.00000000000000000
 -0.00256237477736341  0.00944350803383172  0.02058594900419792  0.03240220006699044
  0.04367721984822834  0.05470394582363625  0.06547969601618356  0.07589438220744674
  0.08565878463787685  0.09491382006107656  0.10462484942907975  0.11458960774065223
  0.12412858464772977  0.13374603734356061  0.14322657903002151  0.15275005286172544
  0.16244141822644348  0.17250583198050146  0.18315706851298058  0.19362495573801974
  0.20395594275285941  0.21440896572497062  0.22508437420620592  0.23592486336307164
  0.24703769898430331  0.25880068254494265  0.27042948345858919  0.28136919387421649
  0.29174861082265457  0.30175054707416005  0.31159138860919655  0.32168897696346621
  0.33190502815536582  0.34203976916077189  0.35195023483428073  0.36191737570403282
  0.37189342457448388  0.38157378230713301  0.39095373685617824  0.40039758760411576
  0.41001137937794646  0.41976413298510584  0.42947109888987756  0.43921057053902496
  0.44940374016598894  0.46035462554673989  0.47259133149533539  0.48511764862476564
  0.49755835935645093  0.50967990227170756  0.52112346611081439  0.53199146846504008
  0.54212393294355332  0.55208708154329411  0.56256446694228768  0.57385238647785408
  0.58536214738084025  0.59672395417299329  0.60782631587765379  0.61861253248018766
  0.62911624652042808  0.63922308211714574  0.64926049394587204  0.65958316752825508
  0.67070034692498992  0.68288430825926882  0.69432906372665304  0.70436758493745077
  0.71457041990795345  0.72493714940625775  0.73514073660919399  0.74501009292070397
  0.75508226163857584  0.76618755764916313  0.77721907575495708  0.78840006780106464
  0.79989140579707707  0.81162177291851967  0.82365266246698388  0.83534324700491192
  0.84578737436240647  0.85631177472791986  0.86722085374559987  0.87770531673923691
  0.88773897703982230  0.89781929601666832  0.90935701079833309  0.92061306492000794
  0.93179763871996646  0.94212220992895490  0.95254439420427828  0.96209220394785788
  0.97171550843923771  0.98158351400933197  0.99081025933094824  1.00000000000000000
 -0.00356990905111065  0.02185590647406680  0.04034211810477946  0.05592008104247588
  0.07010165998214045  0.08354435045662165  0.09613159256073095  0.10835190507286985
  0.12036413675808748  0.13191388960365841  0.14292645172932991  0.15361678930635400
  0.16433567978665889  0.17509713906800389  0.18607247373462976  0.19691404387709541
  0.20741911380436742  0.21746486373094759  0.22731121713560115  0.23750527423845930
  0.24759695758763040  0.25738656406519816  0.26722960885218527  0.27709711089078254
  0.28698725061046187  0.29638801084578487  0.30566942462670721  0.31547041192531056
  0.32548092875835871  0.33551961002290537  0.34569378682677965  0.35593588708514656
  0.36586959880271885  0.37570758278652155  0.38522828648588653  0.39488537292250997
  0.40422559891145859  0.41346604663532149  0.42226306648241568  0.43087906880091192
  0.43959924560529950  0.44843076694513906  0.45723193646276722  0.46625919612421479
  0.47566074546212933  0.48544319986907514  0.49529520246265180  0.50462058951930910
  0.51351474928331275  0.52247090317713019  0.53170566001003194  0.54083635366979610
  0.54976173822096663  0.55824882905519346  0.56671388302627157  0.57495570682401353
  0.58336313956207952  0.59169295904619645  0.60006177299980734  0.60869909237510689
  0.61702984511813319  0.62520236758765368  0.63383446160373980  0.64285389478773691
  0.65206353488901114  0.66125150645817443  0.67027263982975060  0.67925828401062960
  0.68851873817053677  0.69804435585509583  0.70782143125484598  0.71799973430910780
  0.72828532772573429  0.73853126768178790  0.74867419794825796  0.75802015872170536
  0.76720826460982605  0.77624105349041161  0.78537965420772193  0.79464741324054988
  0.80348414005596380  0.81242814565894661  0.82167282224956606  0.83139105430269367
  0.84158215876304332  0.85179039953146252  0.86261998307454590  0.87382215834467380
  0.88541442808996695  0.89752205692044440  0.90996525601995637  0.92279200394433603
  0.93560824780134122  0.94949502206724057  0.96904585221586770  1.00000000000000000
 -0.01540540729382366  0.09394088896554378  0.13415537178969345  0.15737824626601987
  0.17602722261333129  0.19169184514220572  0.20556232851211786  0.21826351380888889
  0.23016287929951287  0.24165640134853980  0.25270767447857223  0.26301972391805262
  0.27263100337810026  0.28154249229748551  0.29005908614754206  0.29838277015117720
  0.30670928062750857  0.31487654794378955  0.32282364507212452  0.33047991475684846
  0.33753677992502285  0.34415137872361296  0.35065105182629475  0.35704821738365367
  0.36337295298819888  0.36973661251429840  0.37601598091903438  0.38212697117251765
  0.38819996401401546  0.39426332238265127  0.40031109898633471  0.40634292767702923
  0.41228279474736207  0.41816632354571009  0.42352151661037735  0.42894642763134905
  0.43439692394920743  0.43996585190470444  0.44557403089525432  0.45102875297543193
  0.45657710600147039  0.46240757460538473  0.46837274201034562  0.47417865334973747
  0.47965669060833765  0.48489393607050335  0.49009444558449150  0.49527090111190714
  0.50048145090154816  0.50611586366133832  0.51176586390787715  0.51752177140973132
  0.52323265895248650  0.52894262442830853  0.53475694144607799  0.54077799729179477
  0.54705340670400115  0.55336362695941188  0.55947039821881650  0.56547054172605760
  0.57139511464322867  0.57728605866441440  0.58321702923414787  0.58911285686534121
  0.59529085577739704  0.60158179626929797  0.60798024468319412  0.61445962785831332
  0.62091217160578205  0.62728294681233276  0.63361273609520941  0.63995982807734575
  0.64640599106467522  0.65300363120319249  0.65970654271167362  0.66654030631320971
  0.67362175415700287  0.68099092835497965  0.68856005633475847  0.69710326820167723
  0.70588476534357247  0.71498340604204058  0.72379813597091902  0.73283975519361089
  0.74216373701480709  0.75224749398574009  0.76275147579390823  0.77356631495581729
  0.78491088079664895  0.79733829654183430  0.81148508749973280  0.82761199381492379
  0.84753903513120510  0.87230883745158971  0.91078313704956759  1.00000000000000000
   1.3433853670099129E-013  -1.0000000000000000     
 F F F F F F F F F T T T T T T T T T T T T T T T T T T T T T T T T T T T F F F F F F F F F T T T T T T T T T T T T T T T T T T T T T T T T T T T
  <DiscreteSampler_grid>
  grouped_processes
  1 # 1 for a reference and 2 for a running grid.
  10 # Attribute 'min_bin_probing_points' of the grid.
  1 # Attribute 'grid_mode' of the grid. 1=='default',2=='initialization'
  0.0000000000000000 # Attribute 'small_contrib_threshold' of the grid.
  0.5000000000000000 # Attribute 'damping_power' of the grid.
 # binID   n_entries weight   weight_sqr   abs_weight
    10   10   4.896244555401660E+000   1.613648859581728E+002   4.896244555401660E+000
    11   10   4.896244555401660E+000   1.613648859581728E+002   4.896244555401660E+000
  </DiscreteSampler_grid>
