 -0.00010970647307262  0.00119585385485739  0.00218971189062912  0.00307155570698670
  0.00393851060505723  0.00473273086626750  0.00543807395761773  0.00605024467273524
  0.00675097802228111  0.00751722664407489  0.00829219903558866  0.00905527441361985
  0.00976320341156448  0.01062287231432759  0.01154696470909364  0.01253304113939077
  0.01336450605405361  0.01405184170912479  0.01469599518746030  0.01535529028322477
  0.01613919064590667  0.01683791620795756  0.01738078600960591  0.01790861302079653
  0.01843609218070757  0.01900183352241128  0.01963242242514415  0.02032678066629521
  0.02108324815808381  0.02176956721988043  0.02227417100231539  0.02269527303127098
  0.02306100008520968  0.02338448942238299  0.02370442516824180  0.02405361137917558
  0.02441014846359134  0.02475382187045951  0.02509152509457997  0.02546803277393042
  0.02588003481081290  0.02633454320949662  0.02679551332089617  0.02722626034920460
  0.02763520029799933  0.02802555781615969  0.02841761325500254  0.02885801156769107
  0.02922525196795401  0.02957982144574248  0.03004850190166052  0.03064011097809598
  0.03137237744051617  0.03216078490125088  0.03296721223787773  0.03377615909812910
  0.03451644264823375  0.03514526045654773  0.03578810690599402  0.03686733559341856
  0.03818206694770414  0.03948583531110617  0.04057676505014559  0.04224413353985799
  0.04468404480000585  0.04705807486325651  0.04940262236274410  0.05142046500543196
  0.05271361738594484  0.05341922452252839  0.05393040000586916  0.05425983091133188
  0.05584643844587502  0.05740273315554203  0.05895923104126555  0.06052441194406562
  0.06226365178975293  0.06423159971620844  0.07282025392661126  0.08140890813701408
  0.08831616637703862  0.09483409580661131  0.10135202523618400  0.10893450204199065
  0.11665552183004231  0.12458598744783068  0.13281314578502801  0.14196747612592245
  0.15996371719911304  0.17761362106261447  0.19916877743893605  0.21371505746232278
  0.24200653001438366  0.33071674160148218  0.50145677655464005  1.00000000000000000
 -0.00485725043868280  0.01532163729358698  0.03118732637868514  0.04402860001660704
  0.05516779336904165  0.06582446637404389  0.07674103792895583  0.08826282436460157
  0.09937769128791388  0.11138102929725531  0.12378965113202510  0.13697680520275352
  0.14969400114150355  0.16205992057576565  0.17446497077771631  0.18678021138358805
  0.19996123194018403  0.21398843175046894  0.22820971839338669  0.24214081342795882
  0.25590383434865910  0.27003077826251104  0.28505417713753484  0.29882694340589488
  0.31083613982942354  0.32227781686659535  0.33288024724299881  0.34271753628389123
  0.35365913010324446  0.36336505217700255  0.37130249684618249  0.37826540994606572
  0.38465579846556286  0.39356480043559716  0.40417399843164092  0.41550027888513047
  0.42535836368520497  0.43578379672239076  0.44824684246395413  0.46169479999027663
  0.47491027969114158  0.48727004034506255  0.49843397701389314  0.50532311477574621
  0.51226108663736669  0.51799761935391453  0.52271991707983478  0.52693657114034242
  0.53298295823932507  0.54072290803691714  0.54818543631306238  0.55487579383629038
  0.56088708436135726  0.57048515298441260  0.58369873590002297  0.59798776558240752
  0.61034413705556578  0.62104836462114965  0.63148490593866524  0.64204913835602095
  0.65142185234589056  0.66059857929025545  0.67039684076750761  0.68192656890233261
  0.69571208229495463  0.70834585105645731  0.71931295482286928  0.72911413556538462
  0.73848558600899894  0.74805717748549572  0.75707199323195096  0.76493193933608172
  0.76980001692294597  0.77467219031262236  0.78088441006521414  0.78715780662729107
  0.79299703592458648  0.79856134776584231  0.80469659094699253  0.81317371889439483
  0.82394092788794548  0.83573438739498584  0.84653140656078529  0.85605673125017323
  0.86501200047577387  0.87584903939473879  0.88888170946499134  0.90263078851684253
  0.91654033223938325  0.93246845059115568  0.94447020618028832  0.95603021986970627
  0.96619484944606771  0.97595854460896558  0.98798602019119508  1.00000000000000000
 -0.03759411914989268  0.32359507701665879  0.48580189891121839  0.59060876639699778
  0.66314039053889406  0.71379383012753794  0.75655624893834883  0.78995716090018553
  0.81503868818072511  0.83791466196628905  0.85848104576986095  0.87437320488568482
  0.88657162663592715  0.89641471616697543  0.90412336375504920  0.91083559431681738
  0.91687071722391256  0.92228538452455200  0.92712366141363434  0.93176378294460804
  0.93620074233636519  0.93969589276471899  0.94268463882846265  0.94555352843775198
  0.94820665893405920  0.95070007966631376  0.95300852396986557  0.95542062446661058
  0.95740188122455883  0.95901985624943731  0.96040698303309835  0.96163414056713381
  0.96282731785507958  0.96398887691633239  0.96496994497758892  0.96588312701097501
  0.96683828856795362  0.96783061929863301  0.96882181670871870  0.96981887346672380
  0.97070894585711165  0.97150913005673256  0.97219644573182828  0.97282823917989503
  0.97346506393578958  0.97412571906366241  0.97481683913379169  0.97554532089011636
  0.97622567996721210  0.97687005251073900  0.97751252816035394  0.97813588115246020
  0.97871774338960427  0.97925174370438461  0.97974758584140331  0.98019429236005851
  0.98064017963836791  0.98112290153240711  0.98162598845330540  0.98213276028544050
  0.98265893995750764  0.98314796430658435  0.98359859204337552  0.98400907191795906
  0.98442082249167617  0.98484124770054149  0.98521999190727461  0.98563800152064152
  0.98605245188586899  0.98644126758574868  0.98683369782596220  0.98723988263534201
  0.98763995282724337  0.98803817311929398  0.98842579101960792  0.98881726231054334
  0.98922807594977358  0.98970464161202587  0.99015572043764943  0.99058224256179528
  0.99098926542598709  0.99138201902661571  0.99175376574356278  0.99207328388921123
  0.99232227024044484  0.99257323498387862  0.99283640173960841  0.99313451614421322
  0.99349730080123699  0.99395510052025904  0.99441735697172462  0.99490656521255816
  0.99589751187738962  0.99692149322232837  0.99809602641939144  1.00000000000000000
 -0.03237886619148655  0.17123185217026043  0.22258943186423349  0.24597020223631247
  0.26397301695608349  0.27954516160282455  0.29443480239785624  0.31040800611055769
  0.32558962048157319  0.33819823859953102  0.34862332266345586  0.36120373910704967
  0.37343575561489112  0.38541741084070186  0.39695250849675667  0.40747335391609069
  0.41671683713942542  0.42505103706976038  0.43260559892910838  0.43942326663335740
  0.44650477512250114  0.45161112301398931  0.45501222097461091  0.45838362903786867
  0.46091461706382764  0.46329306058113801  0.46536025358205735  0.46756168377166057
  0.47146290953970327  0.47716608040354580  0.48282105412518789  0.48833021315917330
  0.49338549310091717  0.49837438731961609  0.50374896179038808  0.50958077960538295
  0.51583384729029813  0.52271284799419271  0.53004317424204028  0.53588362039445059
  0.54141216561303895  0.54707891380940832  0.55305322823038106  0.55898808399751798
  0.56652541196876682  0.57358844696231737  0.57989196463758008  0.58633900871847233
  0.59276452273668623  0.59957827796215890  0.60642908714248633  0.61276408440649344
  0.61834817922156871  0.62345375959828397  0.62808943600790434  0.63264363079152874
  0.63757585022456420  0.64184429907294760  0.64573665565475968  0.65013966691736780
  0.65401194670523954  0.65776109970425944  0.66234047780014293  0.66706202627914735
  0.67226912151756935  0.67791443573372889  0.68388406935885648  0.68865209297489416
  0.69188110606398612  0.69470670057858186  0.69795137598056711  0.70169137979134111
  0.70507354528010080  0.70860139603236583  0.71248859803912734  0.71657346633803953
  0.72066118173517058  0.72479973367009187  0.72953545251552943  0.73456239762994735
  0.73921044425754745  0.74361129999300146  0.74754649448227817  0.75255510379931234
  0.75974659729466743  0.76809931933426423  0.77696620640074532  0.78656289878827534
  0.79616125560709672  0.80594011772894925  0.81568997409813782  0.82762468649694410
  0.84442090796951086  0.86764973070718399  0.90293317054810884  1.00000000000000000
   4.0810313635207568E-014  -1.0000000000000000     
 F F F F F F F F F T F F F T F F F T T F F F T F F F T T T T T T T T T T F F F F F F F F F T F F F T F F F T T F F F T F F F T T T T T T T T T T
  <DiscreteSampler_grid>
  grouped_processes
  1 # 1 for a reference and 2 for a running grid.
  10 # Attribute 'min_bin_probing_points' of the grid.
  1 # Attribute 'grid_mode' of the grid. 1=='default',2=='initialization'
  0.0000000000000000 # Attribute 'small_contrib_threshold' of the grid.
  0.5000000000000000 # Attribute 'damping_power' of the grid.
 # binID   n_entries weight   weight_sqr   abs_weight
    10   10   7.810818505447498E-001   6.076352970480239E+000   7.810818505447498E-001
    11   10   7.810818505447503E-001   6.076352970480239E+000   7.810818505447503E-001
    16   10   7.810818505447499E-001   6.076352970480241E+000   7.810818505447499E-001
    17   10   7.810818505447504E-001   6.076352970480241E+000   7.810818505447504E-001
  </DiscreteSampler_grid>
