 -0.00004601665752885  0.00077900199766645  0.00137650069668764  0.00190665964422473
  0.00236955593013103  0.00281683615731168  0.00324871102291267  0.00368239967002834
  0.00410974270431611  0.00453325952486290  0.00493161807487342  0.00531054975182624
  0.00568601161865340  0.00606133630362143  0.00644079741419264  0.00682941485727632
  0.00722265754313786  0.00760223824024477  0.00797578111823329  0.00835023342073785
  0.00873604398763945  0.00912105398049996  0.00950854814653933  0.00991154028015722
  0.01035147530467636  0.01082910878771768  0.01131943378228368  0.01182615649502393
  0.01234843220331536  0.01288049122208523  0.01341135136159963  0.01394706553903087
  0.01446258855144754  0.01493207180683255  0.01543356381721584  0.01595510960229167
  0.01648331065877514  0.01700825884328201  0.01751452208253730  0.01799998283951963
  0.01846574650711336  0.01897652241928970  0.01951154146233021  0.02012162017187777
  0.02080595997216221  0.02156543850778881  0.02237032089497787  0.02314556010594317
  0.02387798005287313  0.02462651944173491  0.02541847132628698  0.02619606414186740
  0.02693912718121569  0.02769777495108706  0.02847364977762215  0.02928244870852919
  0.03020660249420901  0.03112896137040987  0.03194996078739504  0.03266879714130064
  0.03340179779202331  0.03416385251187831  0.03502670847777443  0.03593277327360952
  0.03684663186648057  0.03780014700286816  0.03882352484224937  0.03989638755766233
  0.04106157855395516  0.04235039861562212  0.04366655937128622  0.04498307785256931
  0.04629450633158078  0.04759141290848858  0.04884333375414009  0.05019531258803179
  0.05165750263060744  0.05300732638195408  0.05418670390164011  0.05539072245864601
  0.05698431881536562  0.05934609204001519  0.06218192016651519  0.06451575989931602
  0.06709911407409330  0.06982796229444346  0.07350229097512473  0.07871605242519164
  0.08576848957202654  0.09658128298768907  0.10936025734093811  0.12145186489313178
  0.13424434278753233  0.15465126397744666  0.84484455715964091  1.00000000000000000
 -0.00236509044647702  0.00935051071574622  0.01952083233568038  0.02892418429591967
  0.03751277727695840  0.04640630981364957  0.05612442266257632  0.06677732948419798
  0.07558634173158316  0.08398986756293843  0.09262066833393391  0.10177632171749915
  0.11128843925367665  0.12021370843619220  0.12839888367448207  0.13672709355922302
  0.14553613685378261  0.15513982147802907  0.16537344100432622  0.17709224431555973
  0.18996759525913731  0.20390667894137457  0.21751879590659093  0.23055503635658045
  0.24424015211588099  0.25636615581108402  0.26743453807475914  0.27857089549063391
  0.29026901885992862  0.30256698997300213  0.31567331017232836  0.32824718624925364
  0.34056935064420690  0.35250443747905913  0.36413445113688098  0.37578706429173669
  0.38584105727012791  0.39598007252520956  0.40725430303817323  0.41838767595518889
  0.42950127503423691  0.44220712091266867  0.45618880839441567  0.46712761289185606
  0.47746959172019526  0.48748941350596658  0.49702359894126225  0.50619589494907757
  0.51511915430961597  0.52732939569466597  0.54124826534762893  0.55240381821956108
  0.56170247696868814  0.57053060572885017  0.57893464476203760  0.58865431702400373
  0.59814773087156559  0.60807810035409293  0.61842282842212082  0.62848835074517750
  0.63800865813263796  0.64802980193002102  0.65776318698374547  0.66708859825390932
  0.67566503456085147  0.68440157798180479  0.69346688327737660  0.70266595419130329
  0.71207659200441964  0.72182555430161721  0.73109000292947679  0.74215625979148392
  0.75209245623195242  0.76072681322453495  0.76866468566561330  0.77632145832877142
  0.78403200464415435  0.79168919294263485  0.80043492697573748  0.81059835101012678
  0.82386380671000536  0.83717506595283031  0.84883770512857593  0.85999086949964398
  0.87282601765220780  0.88458595883754021  0.89664090172028410  0.90844312127504567
  0.91983860250021177  0.93291827189425514  0.94467162262283344  0.95727787300815181
  0.96978137566707967  0.98076157140273479  0.99090271390057805  1.00000000000000000
 -0.01068184603320494  0.11050701428655950  0.17611326398986071  0.22496722308176212
  0.26408904199265248  0.30045228610210645  0.33126677592643422  0.35842823462236162
  0.38115502215152225  0.40039903703863139  0.41804519626225373  0.43638504880085255
  0.45451191346000985  0.47240763252169410  0.48968694569132581  0.50577174008899550
  0.52102020987210174  0.53640078659710855  0.54849810016795653  0.55896718344635921
  0.56953850779142856  0.58014689551976606  0.59016533914408764  0.59980283778159493
  0.60980978112952156  0.62014042512720591  0.63004116407734045  0.63935477396590579
  0.64845641688760525  0.65729472134108724  0.66629123713973293  0.67532564824456209
  0.68383225501702449  0.69110621144265427  0.69773537634576233  0.70440532884371088
  0.71139474966995753  0.71863139437449808  0.72597368494366266  0.73261600652894310
  0.73877846739295538  0.74495114245855132  0.75081568553519429  0.75639098533346827
  0.76161709788756671  0.76665337229991837  0.77169395041572131  0.77691865510891134
  0.78267080875688477  0.78858270424969246  0.79449849834053199  0.79998352664625882
  0.80506244661346926  0.80971143869396323  0.81412428627180045  0.81857146492491784
  0.82317974858722853  0.82773396587366344  0.83251174010015705  0.83749922989107406
  0.84233348221940363  0.84687641616207476  0.85110034942091484  0.85508181496748525
  0.85916285697137329  0.86323319052925940  0.86734605153505462  0.87154446803924424
  0.87575646889928338  0.88015628611603280  0.88437667813906917  0.88875092694210611
  0.89303680754017678  0.89705493190174901  0.90083268022253693  0.90449453664687818
  0.90812428369020559  0.91186000948427781  0.91588455350270648  0.91938087318708961
  0.92285562803447030  0.92633454354107669  0.92964688648623273  0.93313750532829798
  0.93668588621810100  0.94031312366377839  0.94409040123877286  0.94790523687089312
  0.95162620553617405  0.95527098304360369  0.95914874678761008  0.96391521817508607
  0.96969448103714340  0.97616993725241497  0.98471058174370529  1.00000000000000000
 -0.01322294666646795  0.09127894164405437  0.14968095148399177  0.18146978733665803
  0.20483533654879404  0.22471265406736263  0.24252468280800524  0.25724433005599523
  0.26974108339729796  0.28045513873687394  0.29022104090367429  0.29835086887724260
  0.30669216125004461  0.31495342391536935  0.32353662065086053  0.33172818116803027
  0.33890412647715512  0.34544331398191663  0.35195518272138654  0.35884476677665589
  0.36620905698575784  0.37365558404268689  0.38037969245877090  0.38605384799802223
  0.39146325397592996  0.39698812382869714  0.40297845131919391  0.40919043064491145
  0.41506935363068465  0.42037129177197013  0.42544904231190478  0.43051228474134862
  0.43574738729571694  0.44103619084041346  0.44595753041189162  0.45058568095159046
  0.45505576840416312  0.45942665406489858  0.46407953685001579  0.46909004041909075
  0.47459190938293777  0.47951161015556765  0.48381650006889942  0.48800039088189340
  0.49250963093961209  0.49726708684138415  0.50189498223740103  0.50631107279121723
  0.51068404482928631  0.51486231335525401  0.51895094182139878  0.52329513352379919
  0.52821766989086572  0.53362549885361943  0.53915196805996746  0.54475040603652192
  0.55005014569674104  0.55496021200266821  0.55966794333610892  0.56428124246053124
  0.56914628188774941  0.57438649252085627  0.57986414609046266  0.58577812235777582
  0.59166173614394146  0.59842510811955274  0.60502663312821336  0.61219529596844557
  0.61877863581194625  0.62531204351584480  0.63186065124002422  0.63833194418354200
  0.64456330185601229  0.65043909460687410  0.65655933896702323  0.66313732393338654
  0.67042068911449204  0.67746339599992766  0.68539974619123278  0.69174909899015646
  0.69797549867512720  0.70461379516750999  0.71141718866112036  0.71894266818245933
  0.72660900700637021  0.73562823909796815  0.74476518079728471  0.75501266462788519
  0.76748899246415792  0.78177102682246002  0.79837418337019928  0.81714818879274576
  0.83994479735695171  0.86665398995004073  0.90962725052099846  1.00000000000000000
   6.1472477079695089E-043  -1.0000000000000000     
 F F F F F F F F F T T T T T T T T T F F F F F F F F F T T T T T T T T T F F F F F F F F F T T T T T T T T T F F F F F F F F F T T T T T T T T T
  <DiscreteSampler_grid>
  grouped_processes
  1 # 1 for a reference and 2 for a running grid.
  10 # Attribute 'min_bin_probing_points' of the grid.
  1 # Attribute 'grid_mode' of the grid. 1=='default',2=='initialization'
  0.0000000000000000 # Attribute 'small_contrib_threshold' of the grid.
  0.5000000000000000 # Attribute 'damping_power' of the grid.
 # binID   n_entries weight   weight_sqr   abs_weight
    10   10   4.789544093585977E-030   6.663034231091453E-059   4.789544093585977E-030
    11   10   4.789544093585977E-030   6.663034231091453E-059   4.789544093585977E-030
  </DiscreteSampler_grid>
