 -0.00003977588822484  0.00051656768421928  0.00095644104225470  0.00138746482494303
  0.00180620697968957  0.00222654157992275  0.00264978735432479  0.00303915533605547
  0.00343538540472237  0.00381138336538461  0.00415362896074414  0.00447451312029675
  0.00478179907003847  0.00508519230423312  0.00541074751580783  0.00574622432300568
  0.00611552400666445  0.00644030519864263  0.00672621629837769  0.00701536258140578
  0.00728634845751486  0.00755191431205223  0.00782976362656399  0.00814191144672059
  0.00843841756941686  0.00872177990358273  0.00903111840391682  0.00935802421168771
  0.00979708677107328  0.01034472912780147  0.01087161746870669  0.01131245946114421
  0.01171716700605953  0.01210899259189775  0.01253048839317007  0.01290222978818977
  0.01324442704158768  0.01358201069226633  0.01390805060864382  0.01422992117675232
  0.01463106037227356  0.01511265055942053  0.01559057398483389  0.01603444150240923
  0.01643277171276025  0.01680817792510676  0.01717232000099557  0.01753660337134184
  0.01792379378476870  0.01832536015198286  0.01871698445408603  0.01913032652516117
  0.01951543995546830  0.01989723205569963  0.02029638745941376  0.02066001854802195
  0.02103514096567873  0.02138387404850737  0.02169162320246367  0.02209715514172064
  0.02278708418933711  0.02338343116972802  0.02392862697537432  0.02445826891537799
  0.02501511307328769  0.02566373559036485  0.02631938697691741  0.02695425431029286
  0.02760585467828505  0.02841419116720366  0.02933316228156951  0.03016069280377814
  0.03089559685206034  0.03136504682448076  0.03179638249328908  0.03222771816209740
  0.03508146661451093  0.03805534879700288  0.04102923097949483  0.04237792557550649
  0.04357402386442873  0.04477217783643312  0.04598408927179993  0.04733036884572215
  0.04899144065399783  0.05081219014430664  0.05274603994835528  0.05460225054708817
  0.05662642672333388  0.05874879716632692  0.06052476578510343  0.06305523501943122
  0.06621458997782238  0.07258739185440601  0.36784798558293713  1.00000000000000000
 -0.00237449053815040  0.01252014326705936  0.02486203209663088  0.03639791207577230
  0.04601397611849177  0.05486007346187970  0.06351410278630602  0.07227116873636852
  0.08089343998606653  0.08919864283570064  0.09840870920748598  0.10812136512438972
  0.11670999761166158  0.12488472364003250  0.13345708827401365  0.14258157890155485
  0.15638323131056464  0.17237998049293760  0.18584031595362896  0.19875683053582485
  0.20976570254586666  0.22113717986307321  0.23215633852267303  0.24389182437690440
  0.25509844063441117  0.26594238997280523  0.27779238452120725  0.28986199303798765
  0.30241638957869388  0.31454075027638501  0.32611984938368344  0.33827645760251973
  0.34959813625208952  0.35901784810216569  0.36719413192520522  0.37589626526692138
  0.38444647240369129  0.39300300940381644  0.40065901431926410  0.40780733470889269
  0.41470070238773055  0.42297317424335679  0.43202881637682350  0.44122901840758899
  0.45102591368743017  0.46116180428905063  0.47262385113523903  0.48399566545416051
  0.49628932640361728  0.50580650325696186  0.51391353812126095  0.52161910860536809
  0.52929743698898390  0.53841320186567232  0.54996119013220979  0.56221012873359211
  0.57323949843722000  0.58297040132228795  0.59311487568417109  0.60411579622218337
  0.61590620949099573  0.62774283751532456  0.64000908990975935  0.65293078780074643
  0.66570210125301776  0.67640845343821698  0.68594026069094349  0.69484406586383773
  0.70443219599586016  0.71339429104913532  0.72267622817803834  0.73265577898722067
  0.74341192989437033  0.75407600074144820  0.76522422958957148  0.77630470043908351
  0.78731549143057344  0.79847068654628151  0.80949884126817440  0.82106683434723182
  0.83294886754247444  0.84485580332885646  0.85815779967837980  0.87153117645471789
  0.88301353245969605  0.89463583462603213  0.90687287745285239  0.91871465163147337
  0.92917576038633143  0.93892276110827078  0.94888690279200150  0.95922599952769272
  0.96960732253734472  0.97968761111736857  0.99024308970662567  1.00000000000000000
 -0.00429486257678149  0.06121517379056637  0.10759131033733049  0.14577503518999824
  0.17962963418514954  0.20709076566059079  0.23363159348757559  0.26198896204227817
  0.29012458908000321  0.31685521506426850  0.33921251240922895  0.35761336206158312
  0.37448013656904128  0.39024379315880509  0.40652592822184996  0.42317978951100338
  0.43771420442076164  0.45008763575194738  0.46155507516049177  0.47263261137918378
  0.48297441725597928  0.49236974320152593  0.50150999017519438  0.51046037213824358
  0.51961014484649526  0.52919434598870940  0.53921230407931475  0.54975824013267149
  0.56076280949098023  0.57122842411317254  0.58144424276186857  0.59138330551022766
  0.60121157656938018  0.61072004931767343  0.61922977434243009  0.62676355922064542
  0.63376151443777440  0.64119546630200264  0.64848127571905623  0.65520832358987957
  0.66122895937124071  0.66679109812857262  0.67223973775020474  0.67752840971136985
  0.68297034990462202  0.68855945974775190  0.69462064882773589  0.70062384240450815
  0.70636949520713088  0.71300011837851363  0.72063402683100664  0.72828363820526143
  0.73493675646409251  0.74104837405269641  0.74701475760467895  0.75285875976810290
  0.76016106362566305  0.76688011862069128  0.77270064669955607  0.77822557407479798
  0.78375039814748604  0.78911540347909470  0.79374951313041398  0.79777186409533041
  0.80141613702229064  0.80504868800732743  0.80903110335034478  0.81334784169294272
  0.81787517953653421  0.82234077883074541  0.82685190529075303  0.83130974013197945
  0.83540290132424233  0.83902549164713092  0.84260206367735713  0.84614752026834306
  0.84966438743292039  0.85323086503989554  0.85667753576631112  0.86051040351588093
  0.86465936836519863  0.86873277389061421  0.87254612158972444  0.87668907690585762
  0.88157312245645647  0.88645173192794902  0.89161541807742739  0.89700433606704000
  0.90345798006248412  0.91216786149501594  0.92105949848121360  0.92976937625252720
  0.93793658538142555  0.94673022546750851  0.95891146991928455  1.00000000000000000
 -0.01487164104089123  0.10013211027687514  0.14499064748816778  0.17424632153425237
  0.20082351896187633  0.22093796403114921  0.23674297045087378  0.24987448592477199
  0.26160435506876223  0.27249782955058760  0.28300375104844921  0.29330059311836210
  0.30251164484578624  0.31133446461302794  0.31996213607313040  0.32869077838796812
  0.33707853637758817  0.34450787810454286  0.35132841922220248  0.35680274780740195
  0.36131020497339467  0.36552799819242515  0.36964974929265021  0.37359787368990061
  0.37740789575547612  0.38111189466154011  0.38496826974574411  0.38972149647012005
  0.39523555085431916  0.40050839351694467  0.40550262064581111  0.41079826905676253
  0.41624189700532338  0.42260660747412687  0.42882445270354952  0.43473672842222572
  0.44055637348301674  0.44636061312334763  0.45194868532111526  0.45712470591897003
  0.46201975799392797  0.46693750892628350  0.47247944543666337  0.47910732652483617
  0.48618057986789576  0.49282397977699655  0.49887290122897204  0.50470088910751076
  0.51068621915784174  0.51725258627832227  0.52409499829865880  0.52994654120233764
  0.53575759587333427  0.54101903468779089  0.54589866115509034  0.55036701869965610
  0.55460497120810737  0.55950555102563293  0.56484077930926180  0.57093373867970609
  0.57697269099291004  0.58281006803357083  0.58916107693807385  0.59580342213991111
  0.60169232154793617  0.60747964790833231  0.61345995830876776  0.61986294844164280
  0.62713915750266458  0.63391435264141738  0.64115308254735159  0.64839729782713140
  0.65509958440076166  0.66097496193992900  0.66662374339707264  0.67269862301331607
  0.67960478588739570  0.68738717131541971  0.69599782601008153  0.70479546458316644
  0.71404577154233773  0.72346825526522884  0.73254062534588293  0.74155041727791193
  0.75142915685379141  0.76308235750150444  0.77760327018570075  0.78781409355352516
  0.79780519994354593  0.80772151483471899  0.81824873998209136  0.83656884886569993
  0.86332962419671566  0.89142514228350755  0.92560753352716685  1.00000000000000000
   2.9516271816638182E-028  -1.0000000000000000     
 F F F F F F F F F T T T T T T T T T F F F F F F F F F T T T T T T T T T F F F F F F F F F T T T T T T T T T F F F F F F F F F T T T T T T T T T
  <DiscreteSampler_grid>
  grouped_processes
  1 # 1 for a reference and 2 for a running grid.
  10 # Attribute 'min_bin_probing_points' of the grid.
  1 # Attribute 'grid_mode' of the grid. 1=='default',2=='initialization'
  0.0000000000000000 # Attribute 'small_contrib_threshold' of the grid.
  0.5000000000000000 # Attribute 'damping_power' of the grid.
 # binID   n_entries weight   weight_sqr   abs_weight
    10   10   1.781763394837961E-014   1.328022085136186E-027   1.781763394837961E-014
    11   10   1.781763394837961E-014   1.328022085136186E-027   1.781763394837961E-014
  </DiscreteSampler_grid>
