 -0.00007966630575837  0.00065748698864860  0.00142583757457482  0.00250029246608201
  0.00385159957779250  0.00552586121426974  0.00745269183883909  0.00964641434466241
  0.01203997002072867  0.01468913897579986  0.01763918762745149  0.02080904571990903
  0.02435783108767218  0.02801682935001801  0.03177607271330170  0.03566260754967571
  0.03985060390000496  0.04423897624278188  0.04887767767767287  0.05368360700794399
  0.05857245805740027  0.06350034452133474  0.06859936065222860  0.07399599440688212
  0.07969166297337828  0.08543486566009309  0.09147837490025015  0.09772565161234444
  0.10408343304673390  0.11059258321596842  0.11735533066721250  0.12443695159234755
  0.13153143242292281  0.13861172488112034  0.14595564111442272  0.15354633935001771
  0.16148760373567186  0.16991283616680602  0.17833263278106529  0.18700208484840056
  0.19601529366978448  0.20559501563410915  0.21536918314769790  0.22509027555485281
  0.23542506608093802  0.24613300399615112  0.25715652611147954  0.26871551374765057
  0.28113417100310667  0.29382051016489208  0.30643558423269185  0.31956746961495941
  0.33354105968147085  0.34843228627260792  0.36405776744079615  0.38015534271093032
  0.39658788814453333  0.41358948619757019  0.43098346474367955  0.44874121736592359
  0.46710187356758287  0.48577422787830182  0.50463811628346444  0.52433089698830793
  0.54445657044751528  0.56469440500884183  0.58474704686080436  0.60434173861132157
  0.62331911427673481  0.64156316484795750  0.65953950309015164  0.67719130108537751
  0.69479319936969230  0.71195533609106698  0.72806761174720258  0.74384011064452404
  0.75920699254816559  0.77440420172147073  0.78941346225363251  0.80417960544372979
  0.81859679739140079  0.83234742429257036  0.84564620180160666  0.85835970442209852
  0.87034276007019973  0.88220376079466500  0.89385526531647330  0.90549870700507373
  0.91730606881760213  0.92904473967965373  0.94079524152831784  0.95257850239984176
  0.96445600661540798  0.97629708407561988  0.98814061632011740  1.00000000000000000
 -0.00153237459376508  0.00872296942785679  0.01773707349557327  0.02703099634786515
  0.03643413291170505  0.04620773195689288  0.05627138917204288  0.06655014234660678
  0.07683601335368563  0.08658846179324745  0.09612960115837411  0.10574790723334727
  0.11547138585591425  0.12512562856328877  0.13489635153477880  0.14492368983923590
  0.15472169017525678  0.16415936757874414  0.17348713731426380  0.18297342457826013
  0.19255560752417089  0.20188379888667174  0.21106822044068932  0.22035442975129535
  0.22978894176633288  0.23944555709773516  0.24917101093483685  0.25915260529700535
  0.26964799621758584  0.28076870463343301  0.29213188049045252  0.30393681973953285
  0.31589345447851724  0.32781615783523904  0.33957561048882734  0.35085149745531535
  0.36171438120865890  0.37229468201348248  0.38287478489945043  0.39371999756067400
  0.40475432513372095  0.41568111111859429  0.42622036609366964  0.43656222715999393
  0.44720596046661121  0.45796177347426820  0.46877547331394692  0.47962407764333748
  0.49110621790265474  0.50271218481527646  0.51412282686606814  0.52519074826583867
  0.53596141173147571  0.54655702576805154  0.55717634216930201  0.56821169285479056
  0.57960244140740647  0.59080475440795732  0.60140137514166137  0.61230519334702893
  0.62335974134987182  0.63621172663981962  0.64876454400664951  0.66141829911377259
  0.67208070027514988  0.68227772253806307  0.69238404451623481  0.70232412117525622
  0.71201436433332743  0.72159413851215393  0.73202607643485074  0.74271544803003320
  0.75345599852921330  0.76413279525216837  0.77522481013356281  0.78679610904113928
  0.79886024287446256  0.81098044792578339  0.82132593869615689  0.83115391411752926
  0.84127299259668420  0.85142532774094648  0.86171169260907277  0.87177705032651798
  0.88267513594557012  0.89421575925224017  0.90552383976430195  0.91696559290554314
  0.92831432083024146  0.93967831484749798  0.94994410358292702  0.96013836312878809
  0.96998206269701870  0.98016588304252850  0.99013579799322493  1.00000000000000000
 -0.00259036892481526  0.01624853601852291  0.03141419105558992  0.04508627381139184
  0.05790173202732556  0.07013495421504293  0.08147744603090779  0.09201660237436055
  0.10199314790875312  0.11177957682291736  0.12119582190267258  0.13043765596519902
  0.13982735706973731  0.14911448194552682  0.15857044944173695  0.16809713075120225
  0.17751349296367763  0.18665496771052056  0.19585296908534031  0.20510398631009977
  0.21457705229994387  0.22409849688536901  0.23345496822882741  0.24265382397774193
  0.25186576877788697  0.26096688786885541  0.27013547666902571  0.27933322610675448
  0.28845360856614721  0.29765334514682035  0.30640570202493284  0.31487194840088978
  0.32306097311204457  0.33152981900991202  0.33986315671807116  0.34800006132383393
  0.35579740672861754  0.36362578509188026  0.37170612906937567  0.38051710040938053
  0.39018594393246808  0.39989045178941851  0.40952617524507029  0.41899755312526926
  0.42817118668474952  0.43737001360756378  0.44679604856266858  0.45670127855877857
  0.46673457869033691  0.47662793396353675  0.48610513277273720  0.49535801975633786
  0.50449494577010923  0.51364968346707407  0.52309751682257044  0.53256017329447614
  0.54188900819378749  0.55165048867480948  0.56118486318266869  0.57117524729329372
  0.58136268570406036  0.59122967152496608  0.60170539742111939  0.61203252027344623
  0.62156689200011395  0.63071096209216104  0.63968164290691232  0.64970357239087917
  0.66029625358978161  0.67080680543160953  0.68126290041012127  0.69189997076181609
  0.70294536353627912  0.71432983947271433  0.72617800656367260  0.73824730563482088
  0.75056290535554282  0.76288892632750016  0.77484965731491828  0.78645968895902485
  0.79775909246566257  0.80912834190505523  0.82068785352347373  0.83199202512891279
  0.84299291374381258  0.85393761537893920  0.86522393683486398  0.87707168778027023
  0.88943818305843980  0.90223270485649587  0.91574822032840675  0.92928019276997276
  0.94313196152360956  0.95739897450426981  0.97502890722449675  1.00000000000000000
 -0.01451264572543399  0.09176041811361232  0.13017628853808588  0.15399746262682340
  0.17121949533995193  0.18570318339065744  0.19906319501463132  0.21136051384761984
  0.22379458460551915  0.23526506906068240  0.24685946786565399  0.25622489519717156
  0.26519540877862197  0.27388868019986828  0.28263306280462097  0.29114178635841492
  0.29918116534087746  0.30697872041524710  0.31464722454723559  0.32198984381483575
  0.32901169856724088  0.33571320466443494  0.34248398390873569  0.34960792586385553
  0.35659644694626885  0.36321565681479140  0.36942720489473557  0.37566086363647477
  0.38211154591828866  0.38869414852342399  0.39529745712283931  0.40179322340160556
  0.40818265394390280  0.41464556753820830  0.42076341269070094  0.42685681309677126
  0.43291531084893697  0.43884910925076070  0.44465806366802973  0.45032895009041596
  0.45592044141560939  0.46147472588035959  0.46706722451770105  0.47273269462821110
  0.47847064770436420  0.48430056987247666  0.49025127852739520  0.49629599955541964
  0.50222684989317778  0.50779024586926269  0.51336200212273320  0.51874510027502918
  0.52400419139297350  0.52929958799001076  0.53456501776328214  0.53990024848370477
  0.54508952266897215  0.55019485065823548  0.55522672665106954  0.56018726132411301
  0.56576919895526956  0.57187342857357482  0.57810951325629678  0.58441768708405595
  0.59055348409451203  0.59657749651835890  0.60273881560674625  0.60902732615308641
  0.61548689154135250  0.62208767189706315  0.62893141248124607  0.63597227333027795
  0.64288921842294688  0.64991344013642238  0.65693665429486137  0.66409903132180559
  0.67154834624533777  0.67903942288503882  0.68650381470339605  0.69420141257265466
  0.70229764951695650  0.71079269152773394  0.71952959774031910  0.72836593948368533
  0.73744944607473162  0.74719949049792211  0.75818670294936874  0.77045612507884986
  0.78325504477530894  0.79638221667664355  0.81076536492616780  0.82773893816004707
  0.84752046829337113  0.87255497701011719  0.91159815205311012  1.00000000000000000
   1.1479053169065691E-013  -1.0000000000000000     
 F F F F F F F F F T T T T T T T T T T T T T T T T T T T T T T T T T T T F F F F F F F F F T T T T T T T T T T T T T T T T T T T T T T T T T T T
  <DiscreteSampler_grid>
  grouped_processes
  1 # 1 for a reference and 2 for a running grid.
  10 # Attribute 'min_bin_probing_points' of the grid.
  1 # Attribute 'grid_mode' of the grid. 1=='default',2=='initialization'
  0.0000000000000000 # Attribute 'small_contrib_threshold' of the grid.
  0.5000000000000000 # Attribute 'damping_power' of the grid.
 # binID   n_entries weight   weight_sqr   abs_weight
    10   10   6.743033811609700E-001   9.063936582469502E-001   6.743033811609700E-001
    11   10   6.743033811609700E-001   9.063936582469502E-001   6.743033811609700E-001
  </DiscreteSampler_grid>
