 -0.00005253924186629  0.00088473041722397  0.00166119852005553  0.00231699983567980
  0.00292038851948957  0.00347036534579779  0.00401705802736777  0.00454974077793611
  0.00505090494521793  0.00553591456116032  0.00603178039240369  0.00655274012824120
  0.00709311454911775  0.00761696399878500  0.00810436534216357  0.00857120837366080
  0.00905492165223528  0.00953847652411099  0.01003238563469902  0.01051661392179144
  0.01104163805487283  0.01157298702853237  0.01211061923284111  0.01268523664745934
  0.01327475315299336  0.01386044595102948  0.01452079353797215  0.01527111309820859
  0.01596336757395036  0.01662128778358027  0.01722997875701890  0.01777813677756147
  0.01826690980232359  0.01873545173299270  0.01923785797391899  0.01978388779546235
  0.02036062364065907  0.02092213558892684  0.02146910170745898  0.02199921959188236
  0.02254174349294891  0.02309965601886666  0.02360898800558296  0.02412762443350162
  0.02466554146810824  0.02529193293288158  0.02591708831435301  0.02653701119039563
  0.02717167329767677  0.02785018244205146  0.02850498561362194  0.02912572317911433
  0.02980664503020223  0.03060428812138952  0.03146552506957601  0.03236205538900531
  0.03324605434986880  0.03417101838097590  0.03509552485106572  0.03596114376061405
  0.03676718640455279  0.03741883549672869  0.03807276317531924  0.03882453348868291
  0.03978049300287788  0.04076753588550319  0.04180239523709273  0.04279541255938209
  0.04382521202516611  0.04478117867369041  0.04571485504154054  0.04662137971908439
  0.04750582306478763  0.04837153655719757  0.04929312784307661  0.05027266118038214
  0.05141384398973905  0.05287574599917078  0.05435326196292925  0.05599389519608221
  0.05784999471085720  0.06005063546643669  0.06313609203707179  0.06699962458420022
  0.07171347888111564  0.07539803289198733  0.07859748004618547  0.08158772495142289
  0.08454319200613890  0.08739591081593145  0.09067881439210448  0.09559391146085365
  0.10205527347314358  0.11970043338876432  0.14362430745356000  1.00000000000000000
 -0.00167184770907057  0.00817678179816212  0.01657386307167879  0.02505446792610028
  0.03389205091673396  0.04276589467811749  0.05186376597056197  0.06141677449133504
  0.07197232565277244  0.08193396314574486  0.09157165434831022  0.10088165981057445
  0.11096502391442661  0.12157577280227173  0.13455319527645485  0.14800055373367649
  0.16117904417789319  0.17406656605480128  0.18677565932065932  0.19914504342535885
  0.21115806652361305  0.22259043560274552  0.23389743871946281  0.24554552892595644
  0.25649178062314110  0.26726882277853314  0.27842647860191255  0.28893778946205761
  0.29945545143524566  0.31074802835244569  0.32368045978060672  0.33727824146205809
  0.35065021495632692  0.36460579525016645  0.37836178797743064  0.39162981073389297
  0.40369713888829833  0.41494589049355796  0.42565964008714646  0.43578060127881513
  0.44568613938687324  0.45619969978157088  0.46786059699028670  0.48034075324459446
  0.49302801234377364  0.50562146435653144  0.51754235930003134  0.52872900498932385
  0.53899032425455584  0.54971036465207257  0.55907300009585625  0.56799856727030174
  0.57630711701856663  0.58502295607713239  0.59427676106049820  0.60452737514053301
  0.61618461399637181  0.62777601896722179  0.64024780585512819  0.65268479667497892
  0.66547907784089233  0.67810727354395361  0.69017762142086347  0.70109129054160158
  0.71096386777755460  0.72051565477190493  0.73019768996426926  0.74144485572945407
  0.75412474987899070  0.76676711201026049  0.77806388624663592  0.78867386010480478
  0.80022231221275386  0.81308638463994343  0.82567735957227006  0.83639296063000590
  0.84547192233288493  0.85495329249657392  0.86434725750772168  0.87295266209831457
  0.88116271527503742  0.88929114449619573  0.89765483411851910  0.90695261666255156
  0.91638714955578915  0.92457376937060975  0.93211504908087306  0.93975183730921119
  0.94700641855860046  0.95491580075792437  0.96285646211175446  0.97046216885188641
  0.97743125529138697  0.98471123077474010  0.99205646804210967  1.00000000000000000
 -0.01299433325690954  0.14295639193136661  0.21400804615870336  0.26720311836660732
  0.31135810071696096  0.34870028236001899  0.37895893014053839  0.40683549741074487
  0.43208887787757294  0.45532105440725534  0.47739469172207477  0.49701106481040375
  0.51554841232665427  0.53157318048590507  0.54552370140919260  0.55901380161052061
  0.57303149091880834  0.58597613459017217  0.59799501750978934  0.60931573564612973
  0.61960720835013416  0.62967558701954485  0.63950023121241240  0.64948410134107359
  0.65901079656326300  0.66772856759421517  0.67559533491367418  0.68294526351084106
  0.69025123891813844  0.69745688492891300  0.70453814185159858  0.71144453433864452
  0.71805179198274538  0.72430388790870748  0.73097465007703610  0.73793500215452879
  0.74461439955934194  0.75108129825775449  0.75756699330193678  0.76413768407538862
  0.77155454480339991  0.77857463203563204  0.78549058425430995  0.79235533363741972
  0.79897385420569744  0.80562888860693971  0.81162800005442770  0.81698751071402209
  0.82197288288643733  0.82674999756697354  0.83156125892176513  0.83650946023334438
  0.84087387681806358  0.84539938921166413  0.84961339712565997  0.85360278237020837
  0.85777102608222855  0.86200235351310295  0.86629303893930587  0.87070825559612397
  0.87521592468277098  0.87931044353009158  0.88291852566475604  0.88635928784646256
  0.88968761493616144  0.89287227862443386  0.89583497236570286  0.89854374667245018
  0.90143761514001086  0.90430730913398960  0.90715943798938592  0.91009132206794130
  0.91290066747093057  0.91549221371285405  0.91806532196115698  0.92069542608177024
  0.92334896795353194  0.92607760411946782  0.92870503046464248  0.93109970471191161
  0.93341077573822573  0.93568127825278657  0.93819444337832425  0.94085887265119783
  0.94365209573433551  0.94638560002707739  0.94908279661656281  0.95173274805121810
  0.95429726886932598  0.95701761641775973  0.96023146166152895  0.96413659063986290
  0.96835810236723274  0.97352518882108929  0.98226304142456444  1.00000000000000000
 -0.02068108220003591  0.12100491127195209  0.16675913197571024  0.19959374323192955
  0.22549788148520697  0.24741230296828653  0.26471509197955623  0.28079088776596689
  0.29634386073267793  0.31128812467066957  0.32380537847123619  0.33496418884181245
  0.34589214361310699  0.35602243413279688  0.36491545685905585  0.37342929342446973
  0.38210299834017214  0.39036161005321701  0.39800320349212009  0.40492822950771828
  0.41151419587091759  0.41846066224727496  0.42600121220701148  0.43388148725944570
  0.44089693480486197  0.44629527025185622  0.45182673282904529  0.45734164812965789
  0.46250717313736334  0.46732457666662741  0.47192526813940439  0.47627483613351074
  0.48055652103694674  0.48488206962270197  0.48922532173874428  0.49341025945512346
  0.49753680353078750  0.50204510494634214  0.50687122664201956  0.51167931616709539
  0.51624774172276244  0.52093788038167554  0.52614475225352753  0.53158119123661385
  0.53679434536934989  0.54192681771271733  0.54727804027176985  0.55341994186062837
  0.56029714986594814  0.56780846157785358  0.57536292556981894  0.58233970633323495
  0.58881635165002200  0.59479489966892873  0.60106544443571452  0.60623722652982404
  0.61098514527477377  0.61594952888890686  0.62077814863980096  0.62540055633691827
  0.63004322924541989  0.63472375174254470  0.64006035717778997  0.64554127984150445
  0.65095872048546632  0.65625773478818250  0.66144355763310703  0.66666985893391328
  0.67187386755753542  0.67654426448379246  0.68097994681998142  0.68547619550472161
  0.69031167143321592  0.69560396012149173  0.70141803852836149  0.70734767463675408
  0.71379214708284278  0.72013662624153851  0.72658923729189606  0.73359851925985753
  0.74146812802594220  0.74977900245492657  0.75865029728426692  0.76725803023301176
  0.77538027175223967  0.78447188667715440  0.79317028480777252  0.80271048266166611
  0.81228186066690833  0.82327480189183400  0.83572883937875830  0.84945077911770217
  0.86566112045336452  0.88482414340189963  0.91678612718243291  1.00000000000000000
   4.5322531967663820E-042  -1.0000000000000000     
 F F F F F F F F F F F F F F F F F F T T T T T T T T T T T T T T T T T T F F F F F F F F F F F F F F F F F F T T T T T T T T T T T T T T T T T T
  <DiscreteSampler_grid>
  grouped_processes
  1 # 1 for a reference and 2 for a running grid.
  10 # Attribute 'min_bin_probing_points' of the grid.
  1 # Attribute 'grid_mode' of the grid. 1=='default',2=='initialization'
  0.0000000000000000 # Attribute 'small_contrib_threshold' of the grid.
  0.5000000000000000 # Attribute 'damping_power' of the grid.
 # binID   n_entries weight   weight_sqr   abs_weight
    10   10   2.439569550132121E-028   3.195161418535447E-055   2.439569550132121E-028
    11   10   2.439569550132121E-028   3.195161418535447E-055   2.439569550132121E-028
  </DiscreteSampler_grid>
