 -0.00008275440577616  0.00076211945881641  0.00165405085474320  0.00294720528247049
  0.00463152344516828  0.00662461173669299  0.00903655350908066  0.01190116165657393
  0.01499925921324295  0.01836305192050683  0.02212177006670589  0.02604231113130287
  0.03030473674778445  0.03496636889251198  0.03963247838998352  0.04456214672382105
  0.04986023115633074  0.05533750244700307  0.06114046944438378  0.06727100062213374
  0.07395972808753093  0.08084250700023088  0.08795710446194734  0.09502105490232778
  0.10233002766280237  0.10997643243380661  0.11810124366203080  0.12658378603213138
  0.13562382252162022  0.14510462159208526  0.15477927121582064  0.16432139130084480
  0.17354857136055457  0.18298651831298898  0.19270545964680338  0.20282517237066039
  0.21388116871944723  0.22485552076186516  0.23577500510847835  0.24724820396249789
  0.25893196363244381  0.27038218147029508  0.28164274857920751  0.29313711190363057
  0.30461705831389208  0.31598482384057436  0.32731607259638784  0.33873301476063461
  0.35025490383748559  0.36206926759233937  0.37464429504594782  0.38756625577499204
  0.40042429537083191  0.41350603881593379  0.42683105626499646  0.44027538419540257
  0.45372412376263077  0.46716810509919587  0.48068221026066843  0.49429644185908483
  0.50794609410926750  0.52181346159955999  0.53610736810138682  0.55063762568954910
  0.56532629512238786  0.57998035934907344  0.59443803689860519  0.60869542819724742
  0.62282395139920954  0.63671145339714497  0.65054014964766860  0.66430673289953757
  0.67809446355558978  0.69200604569209012  0.70616382870950412  0.72070840112636314
  0.73518478783734731  0.74966938245668702  0.76402563696455383  0.77829385015390706
  0.79245713606659285  0.80633773239788320  0.82027505322668681  0.83432093639208804
  0.84842878342108885  0.86261431429232949  0.87693472240663672  0.89104920275837651
  0.90517237395126993  0.91927928858032271  0.93332062675288141  0.94720456125105235
  0.96061405337986971  0.97385021115197989  0.98696567529502566  1.00000000000000000
 -0.00247763899736865  0.01030365861641176  0.02083577606070266  0.03111663732105591
  0.04122339082673815  0.05118977643741504  0.06093051635259281  0.07065891307707216
  0.08057429512464649  0.09131227331392894  0.10248838860352122  0.11438984826806398
  0.12643564001281726  0.13866053452449689  0.15042355399695140  0.16217532917329860
  0.17282774801265971  0.18345388000188514  0.19355867336899146  0.20433172765026691
  0.21450725494877718  0.22452039196357912  0.23450936359107641  0.24546218705762637
  0.25716272467509654  0.26916959236263471  0.28105928066604069  0.29232334989097186
  0.30306477420316025  0.31380967894372103  0.32462545407918320  0.33554367501602006
  0.34650616605958173  0.35704415041704735  0.36722418896113074  0.37722206118357654
  0.38670775424442905  0.39613918314404245  0.40580081414712132  0.41601240328905292
  0.42699177817662659  0.43833048513777761  0.44935351008846569  0.45981939091514429
  0.46895416224911707  0.47783515722419206  0.48646263471710693  0.49529265594976479
  0.50453069639903847  0.51459454920284298  0.52509342943316928  0.53629607870675988
  0.54764330376175552  0.55972880988464857  0.57146313073912347  0.58309785455831020
  0.59476925202651909  0.60641509409705718  0.61761051027026526  0.62877158394899491
  0.64028123246069490  0.65144449485269795  0.66215374773008728  0.67284911478625309
  0.68353208708947677  0.69401514661457298  0.70415204419449540  0.71438289801645294
  0.72377556621528660  0.73273651610153157  0.74156763411298465  0.75066721779127665
  0.76017348778026472  0.76982223433444419  0.77997228140077490  0.79013875888653728
  0.80020668602207856  0.81045670302678363  0.82154932652065626  0.83262731384832378
  0.84362973542898057  0.85486688263783228  0.86636865325498058  0.87731881048615890
  0.88752573682847347  0.89760712112668350  0.90773874303679936  0.91818390407069994
  0.92888046433315063  0.93955868233096662  0.95041548879823989  0.96126196417513765
  0.97209626898448143  0.98236676361641151  0.99151548872642004  1.00000000000000000
 -0.00249417604547422  0.01682522184408381  0.03171282512298113  0.04523156981387948
  0.05814595875725272  0.06993405475612834  0.08043195373715274  0.09065096919162399
  0.10048803829276942  0.11000716702549652  0.11916945035051624  0.12828976298503172
  0.13698146641315684  0.14613878197701655  0.15473545931024232  0.16356958725807300
  0.17191963201972202  0.18018215071653382  0.18841698232053683  0.19679707233061253
  0.20519770044731889  0.21363008961846838  0.22212630303407568  0.23053720309284004
  0.23882150316466505  0.24704976350287866  0.25527370421167672  0.26349562067842536
  0.27173773179903171  0.28024719262396841  0.28865739628570547  0.29669413149386453
  0.30471363517761280  0.31265645444107287  0.32036927863025294  0.32797308508707906
  0.33554095285236429  0.34322338863203938  0.35099491855649489  0.35912559926429494
  0.36729971412442963  0.37541701815389811  0.38350964703772783  0.39152752592983225
  0.39965206024087374  0.40809850403637049  0.41692807930404435  0.42574908553119811
  0.43438002861555408  0.44287614534637204  0.45185329247071165  0.46052284459481829
  0.46911611730762243  0.47809318393300160  0.48781626295760300  0.49823170877551648
  0.50754580531875848  0.51579610679329535  0.52360153104598273  0.53129069112862715
  0.53905062605977272  0.54676893682914207  0.55448938240673451  0.56271194157188997
  0.57134919172490028  0.57992805299729566  0.58831191495992863  0.59682319264913808
  0.60568990486263663  0.61469523520381064  0.62359274636750994  0.63244371784308961
  0.64119718711773444  0.65019326764117047  0.65932257683098883  0.66841701719471669
  0.67751061303439786  0.68692549677491033  0.69684685179750061  0.70807259239122933
  0.71964770200851880  0.73179053831690144  0.74339216458218815  0.75509424106074596
  0.76702387680756523  0.77962123964444707  0.79329621408321882  0.80801398224552223
  0.82344164089984317  0.83958585316357337  0.85635026561377492  0.87449825604879483
  0.89567954538927386  0.92002646596404425  0.95002451863006598  1.00000000000000000
 -0.02066238659970620  0.13716174534543557  0.18298248154098337  0.21412557393744253
  0.23893163808956144  0.25983124674561420  0.27793896716929561  0.29413891543854842
  0.30910840304077447  0.32267332363961709  0.33525399617317780  0.34715486295469455
  0.35836269940083570  0.36891864498528665  0.37873313689046706  0.38846676255502116
  0.39866012200469786  0.40879047278902442  0.41842635918671139  0.42763005039039170
  0.43664930424108567  0.44594915008205421  0.45494272908514582  0.46353112078021658
  0.47166609196025955  0.47997832634034493  0.48828433943218674  0.49641787962519057
  0.50405204171977902  0.51122359651712412  0.51842970825696788  0.52579779265936799
  0.53308082397733481  0.54009323136303422  0.54682762410537666  0.55357769338210450
  0.56049054628885975  0.56736274625977390  0.57409851707931170  0.58059605337342723
  0.58666529394014610  0.59231674449198002  0.59793390386852086  0.60341658367395645
  0.60877100487927549  0.61418825569241065  0.61978268842501194  0.62535320757651702
  0.63081537357311035  0.63617261498325706  0.64157818496551933  0.64709854851218485
  0.65263843416652612  0.65801970234881546  0.66317911828696396  0.66827149994495005
  0.67336921941756778  0.67844500765771731  0.68377218355854241  0.68899525162489028
  0.69414158590540875  0.69918720759853314  0.70403561117339442  0.70888625374675041
  0.71397700604609016  0.71933204054868383  0.72481341155973189  0.73033749317681140
  0.73589231943438127  0.74133070308253668  0.74663634936833867  0.75229841350773219
  0.75840470580017771  0.76475322600761142  0.77099999446347756  0.77697284913001019
  0.78278473440828955  0.78870564829388590  0.79486420572484073  0.80105527850527758
  0.80701926954888648  0.81292288932256329  0.81898970579101693  0.82518484834191752
  0.83176636990997221  0.83863632827359091  0.84594615835023768  0.85376622581984773
  0.86203257826135971  0.87082005791354933  0.88047980836317108  0.89112807582369413
  0.90363088175201178  0.91906144440963933  0.94405288558801970  1.00000000000000000
   1.6006065620359333E-003  -1.0000000000000000     
 T T T T F F F F F F F F T T T T T T T T F F F F F F F F T T T T
  <DiscreteSampler_grid>
  grouped_processes
  1 # 1 for a reference and 2 for a running grid.
  10 # Attribute 'min_bin_probing_points' of the grid.
  1 # Attribute 'grid_mode' of the grid. 1=='default',2=='initialization'
  0.0000000000000000 # Attribute 'small_contrib_threshold' of the grid.
  0.5000000000000000 # Attribute 'damping_power' of the grid.
 # binID   n_entries weight   weight_sqr   abs_weight
    10   10   3.676650311132288E+008   1.353102911761536E+017   3.676650311132288E+008
    11   10   3.676650311132288E+008   1.353102911761536E+017   3.676650311132288E+008
  </DiscreteSampler_grid>
