 -0.00002999486073729  0.00054290186895835  0.00102174828361931  0.00146724828879522
  0.00191212880370814  0.00237682385646764  0.00284566600171550  0.00328083858936626
  0.00367936271399574  0.00407787652361557  0.00446953608423697  0.00486057430191025
  0.00523524688159878  0.00556854794107268  0.00589552316455765  0.00623708360249708
  0.00658323912538838  0.00694768274365994  0.00728776315673112  0.00759844921167081
  0.00789361199918477  0.00820844897890234  0.00854100507987400  0.00889337508716234
  0.00921151194633970  0.00950287637921953  0.00980300912936455  0.01013953046568618
  0.01050538845614233  0.01093006414172396  0.01136918099226793  0.01178504213111564
  0.01219001449971584  0.01258283636460883  0.01295309358775313  0.01331829202533953
  0.01370319146617544  0.01411105012560077  0.01455920408049215  0.01512401795440374
  0.01570160220069402  0.01633016085297527  0.01696012351191833  0.01751942427565259
  0.01787821974580998  0.01819370601530265  0.01848529259854136  0.01882462548939859
  0.01924682337889776  0.01961059750628153  0.01997971799406707  0.02034994678566188
  0.02072183050461092  0.02112145218498080  0.02153705518923515  0.02193691240038271
  0.02238055831121055  0.02282900673930115  0.02322700404499666  0.02358385032475030
  0.02390541513556306  0.02435481873763894  0.02493011880130612  0.02558610198758085
  0.02621313769634492  0.02672701390021681  0.02722566220292988  0.02777779553225987
  0.02852871054650511  0.02924468541355603  0.03004969472134838  0.03095373163713431
  0.03174093433229769  0.03252054855502524  0.03332436322585253  0.03393459132131202
  0.03451190152385597  0.03506973823920662  0.03558579746377135  0.03619219104353653
  0.03678864573043023  0.03720404132606474  0.03771933143640430  0.03836613291068652
  0.03896368983883156  0.03954273214229106  0.04035931652764576  0.04126534867384470
  0.04218467591495410  0.04304410345590357  0.04419762767172962  0.04591699958439558
  0.05015113450054497  0.05952553476065606  0.48212444979022784  1.00000000000000000
 -0.00379315208195625  0.01315995617200853  0.02555031697607067  0.03723473719952105
  0.04848492059045059  0.05825395585589708  0.06768499194593067  0.07716148792361874
  0.08699069003156767  0.09745850704046902  0.10969834264535371  0.12301486598299731
  0.13452162307312251  0.14480873400089528  0.15285775119804504  0.16137878186665452
  0.16849834076799011  0.17551028178391154  0.18347965810227848  0.19257902833632623
  0.20135719446133588  0.21093144832265184  0.22242519259631344  0.23431260482191851
  0.24532817848547636  0.25587941125834179  0.26590448835055103  0.27675103493544689
  0.28792448022371475  0.29816908606441694  0.30782173013558922  0.31654762492163413
  0.32525791002270998  0.33421185245935703  0.34305837406554224  0.35207784284145760
  0.36175626095174335  0.37122239961283671  0.38148745404763590  0.39371239958690152
  0.40717218498612773  0.42050209639473468  0.43116734304306759  0.44285652587591567
  0.45262660577252362  0.46239197884515959  0.47186843959387137  0.48177279379891952
  0.49187431696469341  0.50068081139378351  0.50955950184340326  0.51818352439353810
  0.52644871964142192  0.53434506481492394  0.54265235008858625  0.55090036527553421
  0.55846508268642947  0.56608802103374534  0.57402939209277892  0.58290664305079365
  0.59425462910609839  0.60547342143508276  0.61685939249530664  0.62865426631997234
  0.64196052616872601  0.65517904986351638  0.66638805519101696  0.67658262353094056
  0.68722637043029655  0.69925529044616097  0.71160960969462572  0.72376091844358570
  0.73640232307253850  0.74814344125428256  0.75900245871811500  0.77060727623423253
  0.78302359807338362  0.79515645026576576  0.80623793957862600  0.81603652292207263
  0.82678288766599228  0.83703342847667661  0.84773870922696670  0.85956171694992056
  0.87255844901016733  0.88714139339979858  0.90160099900038748  0.91391171834591967
  0.92411730147143267  0.93377116477957600  0.94356455799614347  0.95370085136049820
  0.96491043712477242  0.97659828901079759  0.98801550690060991  1.00000000000000000
 -0.00352861844071290  0.05914439641126586  0.10553245036017753  0.14046278059186318
  0.17241074729404021  0.20331264397282556  0.23085557607472204  0.25647793374619365
  0.28197952734621795  0.31036848147529378  0.33617530011799157  0.35710324694387552
  0.37477606045804007  0.39035711199951584  0.40546782370649492  0.42049380742480813
  0.43481056883567043  0.44986977329587358  0.46352473744848710  0.47600476682927451
  0.48672414758023036  0.49634180560695079  0.50566442505022113  0.51527447067914478
  0.52460989872285135  0.53357825798102498  0.54319624557352864  0.55356513239024496
  0.56307377764773470  0.57151570820063424  0.58011500316686848  0.58888503629078981
  0.59715452618115361  0.60470470103051599  0.61150481747255869  0.61852695707849947
  0.62572946367423499  0.63178882026927441  0.63714223532055658  0.64242438250753309
  0.64792630690295805  0.65347378159320502  0.65890141933950674  0.66421857065127188
  0.66968876117204967  0.67528039447531174  0.68091115174606176  0.68652856610370550
  0.69243338719163183  0.69857922270661788  0.70428008738802139  0.71021401872039391
  0.71669498218301531  0.72380145873258339  0.73105538627107991  0.73804051315758812
  0.74470881462008043  0.75105610151749502  0.75713723045445280  0.76324824906162081
  0.76908670656303313  0.77394330741442829  0.77840636094076676  0.78279077075502967
  0.78713401592233290  0.79176416179838549  0.79714484418908749  0.80267308678905835
  0.80819010641200895  0.81413215959392449  0.82011054651500814  0.82669477068145614
  0.83238583665421007  0.83745063426299737  0.84231179055042060  0.84712147591617715
  0.85191000912356640  0.85663860355271482  0.86055532432429060  0.86461902390727341
  0.86860780929956416  0.87243457921170975  0.87647519758890768  0.88079911413719258
  0.88550083513278954  0.88993269013808907  0.89416910454710519  0.89847096108630309
  0.90331242267023937  0.90838800665538255  0.91383920866532919  0.91954431614952947
  0.92640845276474837  0.93404236212601177  0.94682195599329744  1.00000000000000000
 -0.01863571946789225  0.11459326674665339  0.15857142104668753  0.18325211368401065
  0.20273169008803604  0.22091013111974536  0.23736684515902151  0.25141496024299187
  0.26375799486291363  0.27450179125612506  0.28386636654513125  0.29247980648652944
  0.30075485721653161  0.30894176191993883  0.31593321583506806  0.32225190159771133
  0.32846941554327980  0.33493689676099353  0.34197054916877884  0.34891394056638791
  0.35635031218492652  0.36419342031137159  0.37141394938701339  0.37745703934846947
  0.38284415457670512  0.38835217457890198  0.39321922170968437  0.39751034602883817
  0.40146475519229868  0.40539219335868815  0.40961872793291848  0.41420277171078507
  0.41889817253576422  0.42389955026426063  0.42892653143264514  0.43391432154466075
  0.43966401699848479  0.44599889787739277  0.45191760576823686  0.45737832882092910
  0.46281384723527208  0.46902323191571271  0.47601933759982107  0.48169713136628461
  0.48732311283499230  0.49278299349426236  0.49834316085800956  0.50386087651039535
  0.50971382038759472  0.51521686896342234  0.52065774030639189  0.52615967449155165
  0.53152326386016702  0.53707545367349907  0.54245698274093090  0.54813350281420192
  0.55459802623049481  0.56148421842551055  0.56762340301393333  0.57274500270848638
  0.57739189854641937  0.58196844999883546  0.58657464402798665  0.59167517203304620
  0.59711758591380326  0.60284399530345911  0.60845570651147884  0.61414213444972166
  0.61955491638237403  0.62504836890054782  0.63176274103872332  0.63877694998882850
  0.64597815032303907  0.65426978963868621  0.66282878380316357  0.66934558691377999
  0.67460273189461106  0.67969974790626575  0.68525139480235064  0.69167288346732136
  0.69977087705359864  0.70874258367435872  0.71720633832516101  0.72560946374135982
  0.73517664927990234  0.74612351563660440  0.75678982016142504  0.76688834607170908
  0.77824274531918802  0.79282299753894614  0.81107880779693975  0.83023398920621905
  0.85172458367667903  0.87809168714883468  0.91262277569199235  1.00000000000000000
   2.7017263790132607E-028  -1.0000000000000000     
 F F F F F F F F F T T T T T T T T T F F F F F F F F F T T T T T T T T T F F F F F F F F F T T T T T T T T T F F F F F F F F F T T T T T T T T T
  <DiscreteSampler_grid>
  grouped_processes
  1 # 1 for a reference and 2 for a running grid.
  10 # Attribute 'min_bin_probing_points' of the grid.
  1 # Attribute 'grid_mode' of the grid. 1=='default',2=='initialization'
  0.0000000000000000 # Attribute 'small_contrib_threshold' of the grid.
  0.5000000000000000 # Attribute 'damping_power' of the grid.
 # binID   n_entries weight   weight_sqr   abs_weight
    10   10   3.027386718535433E-014   3.453793331425037E-027   3.027386718535433E-014
    11   10   3.027386718535433E-014   3.453793331425037E-027   3.027386718535433E-014
  </DiscreteSampler_grid>
