 -0.00002799214421936  0.00030721255588238  0.00057684060309900  0.00085136187564182
  0.00112649710577922  0.00140744072257072  0.00166420559903539  0.00191440803303185
  0.00217022804658212  0.00245201059040511  0.00274394358616267  0.00304200467286052
  0.00332751559885852  0.00358247075772275  0.00383605166256286  0.00410304528472234
  0.00435620836706922  0.00461900872880654  0.00488278047865400  0.00516295525698714
  0.00545695810712912  0.00576571502801069  0.00609204642227963  0.00640796605782390
  0.00670248893741534  0.00699096536779661  0.00728682667038706  0.00757691259854942
  0.00788309670263749  0.00820880444755691  0.00854778734364249  0.00890462872279962
  0.00924611668800448  0.00958548266351618  0.00995447638452457  0.01033351453807875
  0.01070872101616046  0.01109921941512110  0.01155555489919470  0.01209311032193266
  0.01267678688470153  0.01315647301435283  0.01349042622344588  0.01380021705673848
  0.01413077403708500  0.01444730288574446  0.01477820129823970  0.01515386067880349
  0.01558642022485270  0.01593700023897233  0.01624363910878760  0.01653854554153853
  0.01682588934025469  0.01714888418380165  0.01750242278702832  0.01788163416771165
  0.01857211227955917  0.01943874440865057  0.02020821500612866  0.02072605619738430
  0.02109461241748819  0.02188210969309881  0.02298554511208262  0.02451901054860021
  0.02604679489194596  0.02756358415576337  0.02886346264470854  0.02996320021094433
  0.03020847763732816  0.03039017228238291  0.03068062588560128  0.03118372753357598
  0.03165126158722683  0.03214883869838671  0.03271903495737982  0.03335779919995988
  0.03398146353217791  0.03465119747546094  0.03540783151234374  0.03626519417038960
  0.03723650737725430  0.03794776457135150  0.03865089402188867  0.03935377829059583
  0.03995687147485742  0.04034505031726938  0.04223848245348603  0.04539423961374135
  0.04835386619125758  0.05210102301635377  0.05585563947704410  0.05871289569428369
  0.06120071284324238  0.06310841236143028  0.06579660722830899  1.00000000000000000
 -0.00357441905515632  0.01076551420630665  0.02471954772879106  0.03886180661329264
  0.05377975864804806  0.07005516339621796  0.08670171603254613  0.10291540955897455
  0.11789747071369733  0.13154580009977940  0.14466877179095916  0.15659314559379114
  0.16700591994870098  0.17606567225716355  0.18491608060186204  0.19361275642686890
  0.20458847155122753  0.21903318952638934  0.23266067362237292  0.24527071255729690
  0.25817659681527022  0.27169324989552124  0.28539580455081137  0.29885739226562369
  0.31293188447468928  0.32548427580571715  0.33787779395207579  0.35025845329231609
  0.36179104715350735  0.37307594462076638  0.38396688815324176  0.39429551333227958
  0.40523639285564866  0.41689792107548174  0.43013239710508178  0.44192591804484477
  0.45085258654077104  0.45825236025507549  0.46510898497440173  0.47208731787751906
  0.47882807611174150  0.48576703572635888  0.49323527935367167  0.50100675998315669
  0.51141037585451676  0.52310416506887925  0.53333161350180058  0.54208021234030357
  0.55036023441517501  0.55850894701660703  0.56631165556756646  0.57219609760082024
  0.57773225748222401  0.58338088120761467  0.59012879171273602  0.59883129301430438
  0.60997363041867914  0.62362721129653620  0.63868363413397555  0.65077793110681648
  0.65992577851664525  0.66841433865462896  0.67716529719349383  0.68580138299210247
  0.69614110883589342  0.70940341327745049  0.72384791989661257  0.73768452187833133
  0.74977638793953205  0.76118484680942367  0.77190241514946489  0.78311700414493302
  0.79423330821206861  0.80498037278199064  0.81466066523485670  0.82343920223131495
  0.83098337335889449  0.83788541041755138  0.84523502946952156  0.85250892434645020
  0.85981971621825637  0.86777584849576384  0.87763627666368005  0.89459276767742835
  0.91144887679424635  0.92104727595918923  0.93022116231547913  0.93817990137241958
  0.94472731578949720  0.95107841085710987  0.95792224917258295  0.96575900920038349
  0.97343524983793639  0.98028508893038990  0.99037682770457125  1.00000000000000000
 -0.01391007375191017  0.12431828256001856  0.21266470232470519  0.28248010611858304
  0.33650240219680877  0.38647080980161513  0.42921316781223784  0.46851838076654251
  0.50345299552994738  0.53223318854477875  0.56123761450906806  0.58867994569221394
  0.61375436719106713  0.63809097656636771  0.66027374957707374  0.67867947384399141
  0.69616940324947807  0.71348288620690770  0.72934201856309366  0.74270800030660900
  0.75471566526796530  0.76630477802282226  0.77720636269457344  0.78868530024242522
  0.79938361100819577  0.80886141558747959  0.81742703127505056  0.82583605969527263
  0.83466240760937371  0.84387088164050250  0.85148043646173388  0.85818491690393994
  0.86415511947363832  0.86990283734367979  0.87546293772225492  0.88062771040448351
  0.88564539240481677  0.89025806862782486  0.89464163536870722  0.89859286794238247
  0.90232828147215693  0.90603520085186473  0.90974608481076158  0.91342675723972877
  0.91680814488483653  0.91960616886473134  0.92230784442812497  0.92477226735182838
  0.92719994852926035  0.92971615716355704  0.93198911692623498  0.93419365493516782
  0.93628771949447498  0.93823612252970112  0.93999394396018265  0.94170335439148112
  0.94346108497480807  0.94524136744421861  0.94699994921458819  0.94871637060130831
  0.95045059597103909  0.95217744482765942  0.95392502561744597  0.95572853273077019
  0.95752154606693440  0.95921443800595452  0.96078161328170009  0.96220626588364921
  0.96362890611172669  0.96505298934846817  0.96649506709268185  0.96797805868070352
  0.96931571169618458  0.97063828469414215  0.97198907193948914  0.97334730203379849
  0.97464100783742091  0.97594172649353850  0.97738658996478145  0.97847140131922383
  0.97937313046034102  0.98028829215922464  0.98109877935315271  0.98203389191644164
  0.98284949676182864  0.98355563982080862  0.98425301214358274  0.98501830919151900
  0.98596758423765574  0.98696487088608065  0.98820387375821450  0.98956650165083582
  0.99086829941904631  0.99226427701806508  0.99461354178039718  1.00000000000000000
 -0.01677298276152805  0.09456183989658826  0.14074732825032316  0.17130618767403194
  0.18801367571268765  0.20203560637958101  0.21583937918247398  0.22949541881978311
  0.24259684467098150  0.25434798745572307  0.26494015059051718  0.27430113889817020
  0.28316987633404811  0.29263101409022890  0.30355501708429516  0.31516729009386835
  0.32421787594937740  0.33084717213710246  0.33767557725261493  0.34486474632394565
  0.35131732311556474  0.35664269139167998  0.36159585195526256  0.36535716443207628
  0.36877915275855855  0.37225920127066076  0.37572030036291809  0.37951477152578461
  0.38435190569211553  0.38958747140758010  0.39620075723057269  0.40051769374769530
  0.40421403253091182  0.40813518175668229  0.41202812149760976  0.41697975885253891
  0.42278005670243740  0.42875050746764970  0.43474630685799759  0.44053471584707310
  0.44599335314336985  0.45158362964968624  0.45741753256704215  0.46309778076290459
  0.46855074247459422  0.47379037841067445  0.47904375565162749  0.48454627665964534
  0.49053624552548680  0.49644590561946600  0.50227957740593354  0.50837337962602325
  0.51479347619573190  0.52133716297742116  0.52437741502295321  0.52843719928296629
  0.53361942947244967  0.53937523202264037  0.54426611836914895  0.54831935192002479
  0.55230571566195152  0.55666339970211076  0.56134118233049146  0.56583971877811490
  0.57030685889772714  0.57480900901369991  0.57880816822300329  0.58332269242291546
  0.58984129428899756  0.59507316465948523  0.60017411329293047  0.60537521031863251
  0.61048824881912678  0.61559822188727154  0.62218803045798576  0.63052721086329266
  0.63846962864145551  0.64488559464944217  0.65115786325722225  0.65793980716638945
  0.66439796253797434  0.67115345566814189  0.68001028824991250  0.68889333567036648
  0.69802728077871412  0.70917974124791583  0.72185928969976276  0.73522028455191468
  0.74869910964959330  0.76300046346386408  0.78030020343383066  0.79968546472129654
  0.82542585939010404  0.85674246795778719  0.90202582236384976  1.00000000000000000
   5.5591294023815948E-012  -1.0000000000000000     
 F F F F F F F F F T T T T T T T T T T T T T T T T T T T T T T T T T T T F F F F F F F F F T T T T T T T T T T T T T T T T T T T T T T T T T T T
  <DiscreteSampler_grid>
  grouped_processes
  1 # 1 for a reference and 2 for a running grid.
  10 # Attribute 'min_bin_probing_points' of the grid.
  1 # Attribute 'grid_mode' of the grid. 1=='default',2=='initialization'
  0.0000000000000000 # Attribute 'small_contrib_threshold' of the grid.
  0.5000000000000000 # Attribute 'damping_power' of the grid.
 # binID   n_entries weight   weight_sqr   abs_weight
    10   10   6.623552160735434E-001   8.447045520289274E-001   6.623552160735434E-001
    11   10   6.623552160735434E-001   8.447045520289274E-001   6.623552160735434E-001
    16   10   6.623552160735432E-001   8.447045520289274E-001   6.623552160735432E-001
    17   10   6.623552160735431E-001   8.447045520289274E-001   6.623552160735431E-001
  </DiscreteSampler_grid>
