 -0.00005826672923727  0.00055978371067735  0.00098917728389332  0.00135773110543380
  0.00171177822005189  0.00205838827102725  0.00233803067892258  0.00259833486278498
  0.00287641570213128  0.00317212099234171  0.00347165346407010  0.00374166022259542
  0.00399115100689954  0.00422516311750705  0.00447448703458731  0.00473644874509029
  0.00499540224128937  0.00522645949021359  0.00542232364057727  0.00561699248991139
  0.00581727351317277  0.00602390785653289  0.00621828861678752  0.00640377180349677
  0.00660225517634619  0.00679748908178091  0.00699545787833102  0.00723927043758987
  0.00747575209322635  0.00769699330397669  0.00795464728372494  0.00825368108215800
  0.00857746891729460  0.00890236074492718  0.00921347786935251  0.00952628488061854
  0.00980645920230839  0.01004825988861297  0.01026517811166231  0.01048145878678922
  0.01069667421053727  0.01093036856711763  0.01117041696310929  0.01139658723252052
  0.01167646931580176  0.01198721412809070  0.01230805475643738  0.01258482065588150
  0.01282086823194253  0.01303503294237109  0.01324968697313469  0.01349968964646417
  0.01376765129133181  0.01403938453322272  0.01429505027711863  0.01458221854353362
  0.01487620032756347  0.01515494869565600  0.01541476485903980  0.01567969565353901
  0.01590300852049903  0.01609133475227184  0.01627147081211525  0.01644158143159360
  0.01660157477471990  0.01675769717416523  0.01691225070379073  0.01707413294399904
  0.01723822020860322  0.01740317195724651  0.01756880241920328  0.01771253372478131
  0.01786004397033419  0.01800589364354123  0.01818103535764303  0.01836938580403881
  0.01853395673993788  0.01868248509746699  0.01886535461406933  0.01909618990625602
  0.01933651341948050  0.01960646422825469  0.01994683579731998  0.02028122162773264
  0.02055726170759904  0.02075597800732027  0.02096775151789257  0.02114898347375815
  0.02161446429376668  0.02245023841613748  0.02324587614831475  0.02397640281316734
  0.02471143939741078  0.02558001687328454  0.54489796843851623  1.00000000000000000
 -0.00323392359482058  0.01088410671011883  0.02312096462347842  0.03471399068162044
  0.04608053187119648  0.05780971771831312  0.06955807038327563  0.07962611222924897
  0.08869890248187597  0.09773428515098635  0.10769589194702159  0.11933095108367853
  0.13194714923432299  0.14405207020501684  0.15473093756568465  0.16464981029002901
  0.17540714930393764  0.18608366401927284  0.19563067833397982  0.20491052555373296
  0.21555251044541393  0.22990783173543486  0.24074745506634759  0.24959017372071834
  0.25935507347075021  0.27127332256080722  0.28412667551613402  0.29672156153122525
  0.30809359055352903  0.32165999341626367  0.33508215798777197  0.34711631730036124
  0.35702405875151466  0.36624080922313407  0.37466762790767461  0.38326404583855928
  0.39193016960734300  0.40281926407472712  0.41545697254717318  0.42485778935264096
  0.43422535931063178  0.44343362828333055  0.45219684941726845  0.46052468203483826
  0.46915009965695942  0.47788546533268483  0.48859450342509747  0.49949293648668380
  0.50895346840930789  0.51844261102487021  0.52842233358841129  0.54064861565517608
  0.55350274000277011  0.56582406491344395  0.57826020600317596  0.58962037938599576
  0.59985425434933748  0.60945201762951484  0.61871510527762541  0.62848876738656501
  0.63802514301925739  0.64911669448992493  0.66107092894859298  0.67200082995125721
  0.68264845820104836  0.69200164570449096  0.70079577592446818  0.70990708999566932
  0.71934071852877646  0.72996610613276924  0.74247232837232335  0.75654193085919752
  0.77033883432770711  0.78227857899750020  0.79285090056325680  0.80255075383747876
  0.81232422913161895  0.82197301999994554  0.83038458289752948  0.83886624291749101
  0.84740801498119234  0.85707832160694308  0.86872811888984336  0.88173825106059289
  0.89434097074467911  0.90545739894887667  0.91629887811801713  0.92631077258016226
  0.93632993487005189  0.94854563771511691  0.96102568098193497  0.96937670082204985
  0.97554131482410700  0.98177520754215153  0.98864295017067383  1.00000000000000000
 -0.02382695680709931  0.17745623787815198  0.29655181695297828  0.38404725451102439
  0.45115818073069885  0.50743044598700771  0.54971413179008488  0.58417756633451412
  0.61463629973323342  0.63953389366369828  0.66393891330384525  0.68806405572768037
  0.70938728532723250  0.72702065449853237  0.74348609076357497  0.76055545798355018
  0.77573389932959114  0.78796299178094364  0.79850214352699800  0.80751744571180128
  0.81566516513231857  0.82324882914101816  0.83053838262441648  0.83792250514601663
  0.84548777727599067  0.85339033036460243  0.86081046893937152  0.86710938662647574
  0.87233247071545883  0.87714147359392380  0.88196246012758084  0.88652231220322730
  0.89085780168899653  0.89464496069675103  0.89790018682514716  0.90080857907034317
  0.90361374153020158  0.90637160710794329  0.90902365453388467  0.91152446778840690
  0.91391119884448668  0.91624287517899272  0.91850844503965012  0.92068416140201637
  0.92274840589371521  0.92480727129590967  0.92683623518841141  0.92880164001166077
  0.93080797051742092  0.93286902518138404  0.93482553561972426  0.93663912852941866
  0.93833580411819850  0.93993201571843044  0.94149641939334461  0.94305085571880143
  0.94461815379051117  0.94620853146769968  0.94765546626088071  0.94901187448906199
  0.95018544603238664  0.95129675775294564  0.95239181269427331  0.95351241790275465
  0.95463434365968158  0.95570565906565919  0.95671400918341032  0.95767527598533486
  0.95863647115753026  0.95968625691046816  0.96077882244979618  0.96188108517559623
  0.96294910020451197  0.96389179042824369  0.96477668172973019  0.96564506846365838
  0.96651887816198989  0.96742568041414967  0.96837894073377828  0.96932429888876437
  0.97024989349553592  0.97115458858359005  0.97205381554728754  0.97296380831050122
  0.97389955230653225  0.97479404453202634  0.97580015803308306  0.97697650096785926
  0.97842965925028047  0.97970291287691225  0.98092677107902437  0.98228864300783114
  0.98403756491652994  0.98617957784508059  0.98962243515375914  1.00000000000000000
 -0.02263304617115300  0.12328696270493480  0.17875856956548344  0.20663518420150831
  0.22385895184855170  0.23670980843327802  0.24793678862171176  0.25726164826679321
  0.26616356667477542  0.27366260294854827  0.28108402202763516  0.28875593051465198
  0.29617277149320620  0.30189183299906425  0.30733118284411121  0.31320085692424549
  0.32010856659349957  0.32748881760370013  0.33417881871339777  0.34131330105153274
  0.34842378713911915  0.35529225848873069  0.36135581414010942  0.36735517443158183
  0.37313825192649414  0.37810733801330182  0.38315134488551766  0.38818256959798697
  0.39329584985690264  0.39926745900754540  0.40476521576311736  0.40997004428102879
  0.41510752493982694  0.42047375827939271  0.42611723104445060  0.43197244335767737
  0.43825488705585858  0.44511664583747879  0.45206630966727224  0.45834654063606917
  0.46400327763026789  0.46963611550186302  0.47521931806611961  0.48094195075439489
  0.48661234857689561  0.49129089045290297  0.49592314416984801  0.50019412113411277
  0.50453892412328460  0.50877716165648479  0.51303035829122312  0.51827947109763928
  0.52439321120050120  0.53081596930267827  0.53718242246188797  0.54338006878909473
  0.54947249481267146  0.55540079089241712  0.56155746985948651  0.56764145362315033
  0.57354223291000905  0.57930608283152163  0.58529188549685951  0.59132442738223601
  0.59722439678828909  0.60296130190674013  0.60878178968084540  0.61533833849571773
  0.62327687056469372  0.62943071475592172  0.63536460565963604  0.64136513222444624
  0.64695804962587067  0.65252356120387944  0.65853321575163448  0.66410859843639658
  0.66892099002385896  0.67306243297069079  0.67772158729886600  0.68391734144695293
  0.69196106791758061  0.70048319869675668  0.70931903749007730  0.71888477149204999
  0.72919614317448866  0.73853108578737059  0.74765039314635640  0.75770973846033174
  0.76882238599183772  0.78007484144962569  0.79073245640385526  0.80444333780348942
  0.82214320139168118  0.84728192528641033  0.88337732667245006  1.00000000000000000
   1.4475477108808019E-029  -1.0000000000000000     
 F F F F F F F F F T T T T T T T T T F F F F F F F F F T T T T T T T T T F F F F F F F F F T T T T T T T T T F F F F T F F F F T T T T T T T T T
  <DiscreteSampler_grid>
  grouped_processes
  1 # 1 for a reference and 2 for a running grid.
  10 # Attribute 'min_bin_probing_points' of the grid.
  1 # Attribute 'grid_mode' of the grid. 1=='default',2=='initialization'
  0.0000000000000000 # Attribute 'small_contrib_threshold' of the grid.
  0.5000000000000000 # Attribute 'damping_power' of the grid.
 # binID   n_entries weight   weight_sqr   abs_weight
    10   10   2.667393471748365E-018   4.133153947130664E-035   2.667393471748365E-018
    11   10   2.667393471748365E-018   4.133153947130664E-035   2.667393471748365E-018
    16   10   2.667393474929171E-018   4.133153961773546E-035   2.667393474929171E-018
    17   10   2.667393474929171E-018   4.133153961773546E-035   2.667393474929171E-018
  </DiscreteSampler_grid>
