 -0.00000997966599800  0.00035015400056220  0.00059442340199568  0.00080673989635160
  0.00100742972087855  0.00120294560507098  0.00139142127974068  0.00157926976078490
  0.00177277283839531  0.00195990324397492  0.00214686616846567  0.00233086725050233
  0.00251113531530073  0.00268872933062334  0.00286323793163045  0.00303395682515464
  0.00319897404752195  0.00335946630044932  0.00352907277311704  0.00370031795925465
  0.00386993401405136  0.00403846053893259  0.00419697685880599  0.00439130692399409
  0.00458665316364129  0.00478771904444534  0.00499998159369233  0.00519616494209559
  0.00538364747836392  0.00555598627820365  0.00572612068946492  0.00589876590076860
  0.00606914578835845  0.00623384137656951  0.00639868769539751  0.00657569740549823
  0.00676484891592584  0.00696110035316277  0.00715721822078058  0.00733721889414268
  0.00750381325760847  0.00766936373069416  0.00785442981496393  0.00805506693602715
  0.00827697920594176  0.00849125012322838  0.00870864170747475  0.00892429587702307
  0.00914210874343430  0.00937542193468636  0.00964217017413140  0.00997008752813829
  0.01033682416551880  0.01071988301335270  0.01106636490696062  0.01138581643969399
  0.01169599554465408  0.01200502975076875  0.01228221364403914  0.01256152851897264
  0.01286690136255747  0.01322537181608325  0.01364483009762932  0.01406025181597847
  0.01443582174506077  0.01476546556942367  0.01507671601900385  0.01537730953312332
  0.01565762272264678  0.01600363806425038  0.01644137366310087  0.01697556450660509
  0.01753879304530219  0.01809890465072152  0.01864846348038995  0.01910931193266981
  0.01959181907576211  0.02024849894404773  0.02110867030091338  0.02201437993363013
  0.02293964617946875  0.02382513571764016  0.02480350136066737  0.02610825757720763
  0.02793113474055890  0.03061997232878482  0.03302873444813563  0.03548469914586929
  0.03794937772139217  0.04040951589738334  0.04278955204888042  0.04539269517192566
  0.04850695054385259  0.05269741271715184  0.41099831028768663  1.00000000000000000
 -0.00146371208958707  0.00818007709147877  0.01810868129680433  0.02892710459879131
  0.03923808906580421  0.04933597263895640  0.06049985140389956  0.07167911912454626
  0.08155542079261249  0.09179440499411332  0.10244905890545684  0.11471213777911755
  0.12695533139527440  0.13645675314063146  0.14494900680806710  0.15312041283434760
  0.16132001884447858  0.16984990676750247  0.17933050501592815  0.18964304081789199
  0.20038253295388628  0.21127332563218829  0.22283087903561943  0.23550404911015574
  0.24810228626319658  0.25946635560164238  0.27003949580289149  0.28115830822443388
  0.29321688167841764  0.30274347091244996  0.31210238503802856  0.32136155301311420
  0.33051176811952238  0.33958821508422510  0.34746315763997987  0.35632862172997837
  0.36666578552816781  0.37777803238064744  0.38929435077001195  0.40029374746076862
  0.41069923331341768  0.42151873736980316  0.43279335756605680  0.44473342490057249
  0.45572157668677810  0.46615035955378731  0.47642692582834639  0.48751676474406624
  0.49766027541053504  0.50760485853614601  0.51759824560302758  0.52835788456779109
  0.53943076141196244  0.55034592379038183  0.56118561706215708  0.57134111143187805
  0.58106485539500019  0.59099174891728556  0.60064322485104515  0.60987767513506042
  0.61748466886258813  0.62420079819208962  0.63171666429072781  0.64049775541838538
  0.65048996990908592  0.65980928601361954  0.67018506547808310  0.68162830554514764
  0.69329587258961078  0.70596747170261132  0.71733807492121859  0.73005897895107630
  0.74139528929834608  0.75173922717055208  0.76150172599800015  0.77150792748294450
  0.78236457862535225  0.79351962160300749  0.80550134443047139  0.81849854844725900
  0.83056656904126702  0.84103242376519782  0.85097939668008793  0.86222186215227814
  0.87323700861153719  0.88396794262836365  0.89555075926349104  0.90947315462231104
  0.92364927159481924  0.93587975857664973  0.94735870423477764  0.95817667928402750
  0.96989482730211807  0.98079170294093743  0.99046918814820106  1.00000000000000000
 -0.00097324159431651  0.03389768564960163  0.06079277077759332  0.08397500857623838
  0.10518127185056178  0.12506591111799450  0.14366048719222951  0.16147302804445998
  0.17747392388213448  0.19207859820327045  0.20630213269549619  0.22103102534999086
  0.23674916783690403  0.25255342621855459  0.26735341893965564  0.27990232482091754
  0.29123880276997099  0.30146760382328253  0.31147661840828023  0.32176254546975541
  0.33194883364889993  0.34156469513788718  0.35044278044063742  0.35873256613947685
  0.36682758906882945  0.37533302039852923  0.38408553133758433  0.39316177739994473
  0.40220326860929323  0.41064688923471743  0.41981685268173002  0.42836272869163106
  0.43583247355016469  0.44374168007174403  0.45227720850312553  0.46078330403803314
  0.46898770451436561  0.47719946465499508  0.48548254695250348  0.49346899621197093
  0.50163655759974179  0.51068247095921948  0.51768168106274470  0.52588196139868770
  0.53440813249037400  0.54132030681868792  0.54810268201717216  0.55525943720539572
  0.56277049898331510  0.57093953855582458  0.57924034155464965  0.58699252094604848
  0.59462518149546384  0.60200875531779596  0.60871056355590036  0.61483708124700398
  0.62088456679100479  0.62624443078982950  0.63098670895540210  0.63571425527036640
  0.64065281045504530  0.64588492182520474  0.65119452556679880  0.65667462341792171
  0.66222745122878668  0.66783151367400329  0.67346197225250182  0.67881790265892095
  0.68458356142350896  0.69066270900776450  0.69736010832306583  0.70359793795483294
  0.71052137555776584  0.71818740801786896  0.72655426551132674  0.73509338753594766
  0.74279835945856199  0.74915403611572273  0.75507307036985449  0.76128332874390925
  0.76810881574125356  0.77430411483486006  0.78092352744888838  0.78817667178945539
  0.79535382404710220  0.80261892502713139  0.81053216203255141  0.81936831069372751
  0.83082237456411479  0.84680530797140974  0.86311936511315501  0.88234063552446773
  0.90865173697323964  0.93489566970315630  0.96192697543826033  1.00000000000000000
 -0.01866244097912834  0.13181487314794221  0.17714817177026801  0.20736654458365081
  0.22990710432073388  0.25106992036032483  0.27127525085704474  0.29001100792900314
  0.30672093890364149  0.32135044572732274  0.33455817280554323  0.34466070546542010
  0.35451947162435815  0.36445269000784081  0.37415746999222210  0.38329160003967178
  0.39202026968653547  0.40106374881529566  0.41074751352590955  0.41990083978030213
  0.42869718571841625  0.43692111793911953  0.44445329025647407  0.45170351909103490
  0.45874327825253758  0.46532588873649255  0.47148162053408282  0.47722369267886683
  0.48242129258266686  0.48754177380685476  0.49293050784059356  0.49877449209256336
  0.50565255163913059  0.51289429424642863  0.51972475205599900  0.52615684078944425
  0.53227605613077444  0.53824918929757148  0.54408422046414162  0.54987403794016632
  0.55547209763242655  0.56146637958645407  0.56719871483679529  0.57221752720592600
  0.57699548858014948  0.58165325669943646  0.58626996736722703  0.59150902289834584
  0.59723838777888005  0.60346788631394743  0.60959381171822735  0.61533751021807670
  0.62071521881073066  0.62534740265271005  0.62967708628461205  0.63422570831737801
  0.63879206143499057  0.64344014051636222  0.64788347102659416  0.65218453100148577
  0.65649493704012696  0.66082849081277661  0.66534664703224877  0.67015333930482779
  0.67461653159909052  0.67916613047044283  0.68396198929622898  0.68883829132289076
  0.69383817199904751  0.69900615118009191  0.70435490337673279  0.70991077365509792
  0.71555090806536459  0.72093099881396239  0.72611069364960956  0.73172955714988908
  0.73778439775045457  0.74357959122101536  0.74948977827992869  0.75543936327621419
  0.76123632663751739  0.76719642087328888  0.77327541183285942  0.78061924945903693
  0.78793306216824133  0.79574333820844578  0.80375673146847126  0.81262483401220198
  0.82316457250411523  0.83492714027798776  0.84568133675108736  0.85832876729870666
  0.87219764101284292  0.89108978053583399  0.92191555786090040  1.00000000000000000
   1.3855623471181412E-027  -1.0000000000000000     
 F F F F F F F F F F F F F T F F F F T T T T T T T T T T T T T T T T T T F F F F F F F F F F F F F T F F F F T T T T T T T T T T T T T T T T T T
  <DiscreteSampler_grid>
  grouped_processes
  1 # 1 for a reference and 2 for a running grid.
  10 # Attribute 'min_bin_probing_points' of the grid.
  1 # Attribute 'grid_mode' of the grid. 1=='default',2=='initialization'
  0.0000000000000000 # Attribute 'small_contrib_threshold' of the grid.
  0.5000000000000000 # Attribute 'damping_power' of the grid.
 # binID   n_entries weight   weight_sqr   abs_weight
    10   10   2.074257455614976E-013   3.975614631854206E-025   2.074257455614976E-013
    11   10   2.074257455614976E-013   3.975614631854206E-025   2.074257455614976E-013
  </DiscreteSampler_grid>
