  0.00000059159088463  0.00000674003204962  0.00001286287091327  0.00001808471558840
  0.00002295242977390  0.00002761018720559  0.00003220285071810  0.00003685801702886
  0.00004153663581000  0.00004629091418566  0.00005109211597963  0.00005597158790989
  0.00006094635053257  0.00006601718390579  0.00007124923882717  0.00007654173165636
  0.00008192949436568  0.00008741299140435  0.00009302267949480  0.00009876974520521
  0.00010463738778839  0.00011065501988922  0.00011689432939638  0.00012338367800316
  0.00013003092398228  0.00013688363951220  0.00014402156664442  0.00015142002726589
  0.00015899802338489  0.00016674041949138  0.00017466987812089  0.00018275841866030
  0.00019104601695281  0.00019970442377477  0.00020874684236365  0.00021806458251937
  0.00022767517390367  0.00023749838210615  0.00024804790994735  0.00025872619631211
  0.00026994731293474  0.00028146515503605  0.00029358661781931  0.00030638947674707
  0.00031953640579376  0.00033341204316126  0.00034774848022497  0.00036297162824739
  0.00037887915718378  0.00039565510663315  0.00041331059428308  0.00043188009185674
  0.00045137677571096  0.00047170537064441  0.00049311630476891  0.00051570277016898
  0.00053954115227770  0.00056448434136978  0.00059072631363619  0.00061846764392513
  0.00064789709313305  0.00067930007009040  0.00071305363354391  0.00074937858441160
  0.00078806780052928  0.00082954543926737  0.00087400974522722  0.00092250007427504
  0.00097389816399506  0.00102950127225920  0.00108827138953476  0.00115509002171596
  0.00122594065410469  0.00130398861850777  0.00138908709123272  0.00148231777346689
  0.00158640845903266  0.00170038839959822  0.00182942493337380  0.00197454402762112
  0.00213766417828562  0.00232281499261411  0.00253132558893978  0.00276856215804183
  0.00305153503978425  0.00339912195726959  0.00382841100276798  0.00433268486403108
  0.00496053240268367  0.00581217316143144  0.00707565927686696  0.00885606585001047
  0.01114276281764537  0.01544603455331461  0.09606891472868645  1.00000000000000000
 -0.00264239758659023  0.01017345658206899  0.02086542476841569  0.03161979230945394
  0.04242324155732415  0.05305070099375446  0.06392500826495257  0.07475316494747875
  0.08573249713701840  0.09667899213728390  0.10769484696686274  0.11862972956019154
  0.12939496361706615  0.14002307885401272  0.15048588362473705  0.16095836559326521
  0.17154561927980877  0.18213050361986288  0.19258219744338020  0.20293063982749329
  0.21333400800147456  0.22384264504227688  0.23450233209842702  0.24511796990260171
  0.25572606034287504  0.26646309075981189  0.27729867061644503  0.28826208428800326
  0.29884600840701497  0.30928727455973037  0.31956559723761774  0.32994474661861611
  0.34019171527922054  0.35045921054435891  0.36067484792009030  0.37106924717424483
  0.38159422663141351  0.39204404609364030  0.40230705081096602  0.41255590700207345
  0.42278216783324518  0.43303637062978978  0.44318589858457219  0.45348386563237830
  0.46377939168084287  0.47390800434340630  0.48391942749292599  0.49410021562610285
  0.50436356468686017  0.51485611052291147  0.52526421153820924  0.53585778271482198
  0.54633702370551573  0.55687814282820924  0.56745247226167528  0.57801030279467225
  0.58861662863061393  0.59909760487912445  0.60966654144863253  0.62016307042963903
  0.63066450979770816  0.64094357656093737  0.65123436344401819  0.66155388990157415
  0.67193387120727011  0.68237637435482346  0.69297346511677915  0.70366584143488520
  0.71445383194701262  0.72535574476193898  0.73603215306651104  0.74663499213269202
  0.75716393504316748  0.76791639858970528  0.77841834030914192  0.78876821318200330
  0.79906011892025841  0.80954273686130196  0.82013910285658354  0.83081286411524558
  0.84139783690044301  0.85190155940544798  0.86253499121914790  0.87335392127289790
  0.88399795053751973  0.89464058303107707  0.90508667146348964  0.91564501202940596
  0.92629247916258506  0.93692818848445303  0.94751788069456755  0.95795356871013382
  0.96841329818860911  0.97895692657905387  0.98941716911250122  1.00000000000000000
 -0.00386036883745208  0.02490328633159800  0.04600944146493392  0.06374977800105949
  0.07962666299101047  0.09415871958719230  0.10787830763721443  0.12104593364364316
  0.13369228883468520  0.14588138592740926  0.15768429733148329  0.16916141101078405
  0.18026437092649220  0.19093721334216215  0.20118000041187223  0.21119335499523484
  0.22109101510313042  0.23094191448064716  0.24062104674531748  0.25015367382399906
  0.25957400694759858  0.26892657002630194  0.27816408984316637  0.28738829704841651
  0.29648202904993420  0.30547802146680675  0.31427455426744505  0.32306551689236113
  0.33172915647031925  0.34028456474212015  0.34879598790536176  0.35732935737893667
  0.36585209180476169  0.37420906975622092  0.38243544193050549  0.39064739509398461
  0.39891992981459551  0.40729260392712802  0.41558373680135319  0.42370136428918453
  0.43166858856928814  0.43972846220117273  0.44773171637412151  0.45578808372924207
  0.46362482915200570  0.47145504561237600  0.47936927785495692  0.48726689426601755
  0.49507024869709287  0.50277806906790279  0.51044437932505426  0.51818251570037677
  0.52598602194202515  0.53381449301397710  0.54160819597859311  0.54939115960983353
  0.55721183350504278  0.56503791145474236  0.57288861155889681  0.58079906468779385
  0.58878821454356711  0.59678747170050606  0.60477703409307904  0.61273419992750300
  0.62066475366900808  0.62864753507949456  0.63676241793204347  0.64484585613428402
  0.65288579198648100  0.66100805581382005  0.66926112500796897  0.67762619193242979
  0.68597458530188060  0.69438496251751258  0.70293091039627964  0.71162879293528769
  0.72048925099257932  0.72937587465083520  0.73837298869049317  0.74739223246132169
  0.75668892329407111  0.76617852406953102  0.77600457999396855  0.78611600449569641
  0.79675718424432052  0.80772248106787181  0.81889992680646961  0.83015869485773941
  0.84248339844293474  0.85569910777097780  0.87030761832907200  0.88582214098745116
  0.90318530438527345  0.92370898980379879  0.95177813934010957  1.00000000000000000
 -0.01853235219370136  0.10978380515724036  0.14536714881555618  0.16708238874553449
  0.18437424728633706  0.19927814446671979  0.21259064306858722  0.22481973378120224
  0.23615284777438383  0.24674351117147283  0.25666939871883532  0.26606905762143651
  0.27504992761069263  0.28363958173075138  0.29202879606807502  0.29999776589909372
  0.30772937296194186  0.31519872964123674  0.32239633981087124  0.32953753156802384
  0.33653506557524254  0.34339170522964541  0.35016999557748041  0.35688549332480313
  0.36352033694187291  0.37005848876435365  0.37645007987044132  0.38269652783144426
  0.38886184636047649  0.39495701687188500  0.40091768432027042  0.40673282356385637
  0.41253202488581925  0.41829418557492370  0.42401690361551103  0.42973359895347951
  0.43541332662103693  0.44096172842177861  0.44644207693066451  0.45197176867001498
  0.45755568466567209  0.46319239719286143  0.46883987559953744  0.47444268744948692
  0.47997686705396803  0.48543457789885425  0.49083176886296687  0.49619688953532254
  0.50161375764714156  0.50699993331575210  0.51242192078612192  0.51784446783359861
  0.52333165476426380  0.52890972231231115  0.53449660241349761  0.54009680533212046
  0.54571436883360691  0.55134653715167581  0.55699234532447306  0.56266928194630184
  0.56843217269451241  0.57426105391509330  0.58014806798284313  0.58612685501245831
  0.59214498014431405  0.59814697469427114  0.60415645875494295  0.61022973223292731
  0.61638615398767693  0.62261586206631137  0.62898371836422950  0.63546224653364169
  0.64203061764751168  0.64871863830269982  0.65550757960904971  0.66239544151406338
  0.66951225979648832  0.67692104375429940  0.68447508392296341  0.69208571507189154
  0.69974921530087220  0.70764361182355706  0.71596268294464860  0.72466248170706438
  0.73363540272063343  0.74293155723882931  0.75267940522977539  0.76315325383011345
  0.77439063180882328  0.78649704464551962  0.79976701526810245  0.81477277058316855
  0.83233471892421429  0.85460017949725831  0.89041051831636109  1.00000000000000000
   2.1740984954131161E-003  -1.0000000000000000     
 T T T T T T T T T T T T T T T T F F F F F F F F F F F F F F F F
  <DiscreteSampler_grid>
  grouped_processes
  1 # 1 for a reference and 2 for a running grid.
  10 # Attribute 'min_bin_probing_points' of the grid.
  1 # Attribute 'grid_mode' of the grid. 1=='default',2=='initialization'
  0.0000000000000000 # Attribute 'small_contrib_threshold' of the grid.
  0.5000000000000000 # Attribute 'damping_power' of the grid.
 # binID   n_entries weight   weight_sqr   abs_weight
    10   10   3.113961393871604E+008   4.166510468903642E+017   3.113961393871604E+008
    16   10   3.113961393871604E+008   4.166510468903642E+017   3.113961393871604E+008
  </DiscreteSampler_grid>
