 -0.00039848283640506  0.00206699450523957  0.00346981582529070  0.00484978894003054
  0.00635498593091541  0.00819220137304177  0.01009360005012317  0.01216061974531763
  0.01453279249679593  0.01691811719457427  0.01960733398704356  0.02250563518558522
  0.02555488337405778  0.02864622048059964  0.03191282317669556  0.03565595028179935
  0.03949897691320365  0.04335360758490470  0.04742938061557298  0.05168928126638390
  0.05592564417230265  0.06033193246468353  0.06502142525725295  0.07001548530739318
  0.07504404390058048  0.08016167875980867  0.08538546817151316  0.09090212413875851
  0.09700038624216925  0.10341605662639741  0.10981200265425582  0.11612747989463153
  0.12276163562113196  0.12977705932863617  0.13714513346027610  0.14477321984529362
  0.15259080623933069  0.16069367139313687  0.16911228912870729  0.17793935289690119
  0.18697944985256229  0.19628417121023614  0.20603967213270286  0.21636504417673585
  0.22727697509118783  0.23829427236532175  0.24950946698894536  0.26111106531864320
  0.27296277811058278  0.28592296411170243  0.29946952086310979  0.31401664774800198
  0.32967278417055917  0.34645402953750121  0.36507186623942856  0.38631483015834822
  0.40881249636860340  0.43180209373386841  0.45470280910145655  0.47813936422577163
  0.50203522816985402  0.52661160232688875  0.55078047020315191  0.57477197144022740
  0.59770328784102733  0.61990061003933972  0.64145755688587180  0.66222281118919746
  0.68190601896948622  0.70020442910728486  0.71741838631733146  0.73428946175436238
  0.75079112921147784  0.76674846470816782  0.78142514914818761  0.79535453699101688
  0.80877535961019587  0.82170266656308921  0.83409476231530544  0.84633406811275214
  0.85855244350822446  0.87040731829913331  0.88163971458530233  0.89226083108646159
  0.90208850616024971  0.91174802920600129  0.92119033698720076  0.93040226853844488
  0.93939635953266609  0.94829148812716546  0.95712620136461257  0.96587393068180838
  0.97442820619993797  0.98298252384939788  0.99151026406735177  1.00000000000000000
 -0.00195415792589231  0.00875052264100719  0.01746031611209736  0.02671514369447356
  0.03620117150329452  0.04598343440690285  0.05578710939293603  0.06548651892327328
  0.07561372275868623  0.08565319089135583  0.09547246419753734  0.10555993649565479
  0.11589334951625380  0.12614541811318078  0.13627981731318725  0.14675123977275970
  0.15804243911192012  0.16986258241450009  0.18174191679718779  0.19381077620068021
  0.20572702871064152  0.21701709122632964  0.22769029451568187  0.23784368670003997
  0.24748441431944093  0.25718545171938617  0.26685764753773927  0.27697103798073125
  0.28762366084184121  0.29848943405720174  0.30915092678344414  0.31935384626660046
  0.32952815188569834  0.33933190755998816  0.34875076499377561  0.35859044411339253
  0.36863331164003738  0.37843306417909695  0.38788589867887224  0.39791527938444921
  0.40924025520690216  0.42070297556287056  0.43135025130220711  0.44175022041403561
  0.45218243300598060  0.46311303831818090  0.47404600538060643  0.48436507015760139
  0.49459967296188184  0.50485105865247093  0.51515133619774345  0.52559568832637871
  0.53617360664101221  0.54716195699032144  0.55820908611975018  0.56967481532222253
  0.58083116753476072  0.59117827512527632  0.60115769533330821  0.61153305374117695
  0.62200478853854246  0.63237366123283412  0.64266633032781506  0.65407662620441087
  0.66599172499956871  0.67660990779518193  0.68698903236760900  0.69680499190461187
  0.70824651379523840  0.71983518233596844  0.73077158974283241  0.74114378653254598
  0.75200901243556173  0.76352738415865384  0.77467457901186565  0.78504396804663501
  0.79552365253129542  0.80619529982853377  0.81698267247503209  0.82775569326393117
  0.83851509391161738  0.84885560135382176  0.85889998260459932  0.86888769585079095
  0.87911306363751518  0.88947297716305351  0.90024651345383544  0.91125933185313523
  0.92221475884991477  0.93301376074588505  0.94387559030043733  0.95499681393057312
  0.96616361516065452  0.97717859626700865  0.98839407072760455  1.00000000000000000
  0.00161487326261947  0.01547825832154021  0.02969422380196931  0.04183271445089651
  0.05288384703462946  0.06308340624275187  0.07287564946945707  0.08255802900498213
  0.09239635324726729  0.10225769650304409  0.11219182296761007  0.12225684246983436
  0.13226902273866117  0.14238283134524088  0.15273191611259787  0.16315666955040931
  0.17336773390208191  0.18321713542737084  0.19297282250512221  0.20280317190927000
  0.21248957115128650  0.22189586803895814  0.23132168602009839  0.24132881976000117
  0.25120475419107546  0.26152310675633150  0.27104612992482235  0.27997111178739742
  0.28871216722276011  0.29766208028861513  0.30689019393611855  0.31626356494408603
  0.32568892131041710  0.33501310072425566  0.34441124827551189  0.35372106700213801
  0.36254885918899743  0.37147726968681022  0.37960237540108593  0.38805199079317931
  0.39695327190401319  0.40637090464031000  0.41531238885613453  0.42398546026755057
  0.43239521044653317  0.44138180000918509  0.45047277428760879  0.45922215738369132
  0.46773951145137921  0.47637947002939990  0.48539424728939717  0.49452996414411604
  0.50373316073641283  0.51305808788356955  0.52245829106741115  0.53191846773977547
  0.54120690459680443  0.55007404294429973  0.55868440754901771  0.56660283728219341
  0.57424902546318657  0.58200462985318124  0.58974033286892047  0.59752167298694281
  0.60552060056422485  0.61355208502513703  0.62162952675242045  0.62981918081425314
  0.63784489860007354  0.64569286213084987  0.65392749857361032  0.66237381487503000
  0.67069472433285304  0.67963184667817012  0.68862192142529699  0.69817021566838722
  0.70800133773427543  0.71741720142742371  0.72731671220140715  0.73738502043914167
  0.74774614512668858  0.75856607248465080  0.76961121195007265  0.78091052389256788
  0.79238018495230478  0.80409208495783524  0.81595403847053838  0.82759508745473698
  0.83902839051643019  0.85055940870708402  0.86291266422787405  0.87623407816794185
  0.89153510538295511  0.91012079758094144  0.93631944312475357  1.00000000000000000
 -0.02307769205187562  0.13256343396501702  0.17182235092493583  0.19274537613505704
  0.20855023197573350  0.22176453928938655  0.23385674645373980  0.24534453648291119
  0.25556605447692371  0.26501922409808593  0.27379015764242420  0.28191941630343176
  0.28985413633371393  0.29746202880363876  0.30498180944699327  0.31230241349835036
  0.31964747844240549  0.32676840565384480  0.33396102543851053  0.34093319576179670
  0.34779377154400909  0.35440127799744747  0.36039911784135520  0.36643872898721874
  0.37228574316671431  0.37797380480161402  0.38348340854582541  0.38902463510040802
  0.39453094242723302  0.39989898608489577  0.40502788701086540  0.41001812075529859
  0.41494565515727344  0.42001253717710058  0.42539280861977447  0.43071700065262902
  0.43606211904694508  0.44138357911074350  0.44674651983434432  0.45214431922434833
  0.45750236190462490  0.46270797785237355  0.46783795367683423  0.47294912877558726
  0.47804784401837630  0.48313190873654671  0.48822074160157863  0.49333346809369366
  0.49851718590774841  0.50355038462691892  0.50837606345552921  0.51315777097191340
  0.51801187484859501  0.52297986467405688  0.52803500790051972  0.53316550862011725
  0.53820478243255898  0.54331097921118732  0.54848844980742884  0.55359154703390367
  0.55867847276130422  0.56385519585544552  0.56906806375913666  0.57452218546001510
  0.57994097540957013  0.58563893024412594  0.59134576543824247  0.59709686175846721
  0.60287382882441010  0.60878927302297692  0.61478728655888482  0.62084310280413135
  0.62666380960516899  0.63233332033681366  0.63814378128948168  0.64422961647462262
  0.65058341266120401  0.65698847458272469  0.66336480609524517  0.67000961281287541
  0.67711468613734282  0.68444660146335079  0.69184864957117176  0.69928992239499832
  0.70702716984798242  0.71591466666498949  0.72592116735372092  0.73682103209258853
  0.74864289666504824  0.76144411991293992  0.77505416972490127  0.78963489462251424
  0.80715936021758217  0.82944985391919834  0.86838462540247707  1.00000000000000000
   3.0216951874744352E-014  -1.0000000000000000     
 F F F F F F F F F T T T T T T T T T T T T T T T T T T T T T T T T T T T F F F F F F F F F T T T T T T T T T T T T T T T T T T T T T T T T T T T
  <DiscreteSampler_grid>
  grouped_processes
  1 # 1 for a reference and 2 for a running grid.
  10 # Attribute 'min_bin_probing_points' of the grid.
  1 # Attribute 'grid_mode' of the grid. 1=='default',2=='initialization'
  0.0000000000000000 # Attribute 'small_contrib_threshold' of the grid.
  0.5000000000000000 # Attribute 'damping_power' of the grid.
 # binID   n_entries weight   weight_sqr   abs_weight
    10   10   6.069444915741555E+001   9.651765779694750E+003   6.069444915741555E+001
    11   10   6.069444915741555E+001   9.651765779694750E+003   6.069444915741555E+001
  </DiscreteSampler_grid>
