 -0.00004429912114149  0.00080840229968695  0.00146163745128909  0.00204612849965925
  0.00257193254958783  0.00304713948817029  0.00350772625325412  0.00397289446077748
  0.00445567683065170  0.00490720478170747  0.00532625421195734  0.00576257179705383
  0.00620335536750689  0.00666925765108545  0.00715310470087666  0.00765354165656490
  0.00811591354296444  0.00854627331219152  0.00893057216300306  0.00931330759526631
  0.00970820663837985  0.01008159018373274  0.01043794290646870  0.01080393232283827
  0.01117655424783318  0.01153856002946951  0.01191691898870730  0.01233635100605718
  0.01277009762540656  0.01323432115788345  0.01371678551715829  0.01415674971310268
  0.01463720318216330  0.01513201716350914  0.01568773775441590  0.01631695790505944
  0.01699445257450007  0.01770022709556640  0.01841231376600399  0.01909891222062809
  0.01969396870324318  0.02027416575982534  0.02085583190797685  0.02146858619157695
  0.02207921823406000  0.02275399626201341  0.02345854245370701  0.02419982916299554
  0.02491587155748231  0.02559282913480497  0.02625442898945422  0.02691340394748387
  0.02771248412258370  0.02845003967150664  0.02923126376951521  0.03004297686394553
  0.03084786235489032  0.03163785846043663  0.03242832879780350  0.03326052782284657
  0.03413629538300533  0.03504550505000586  0.03597075033750283  0.03720848943065606
  0.03854483446856698  0.03983603322447853  0.04102645058988721  0.04198352158420524
  0.04307883056586400  0.04424530746402121  0.04535739473557272  0.04676423038560158
  0.04824535163142335  0.04969434123674230  0.05111098515048498  0.05270332929270181
  0.05441424269089256  0.05627815650341984  0.05803422029928070  0.06004973805770585
  0.06260808368252360  0.06585057209766212  0.06949028774074023  0.07307243984060195
  0.07939412791754885  0.08678694815764373  0.09260001972998816  0.09737856073476914
  0.10188670098865665  0.10591124261793869  0.10946133095277852  0.14129922745587101
  0.18955898788162034  0.20622050012670209  0.22268887641953553  1.00000000000000000
 -0.00340619078070949  0.00851038746582243  0.01900008238243859  0.02871368394791918
  0.03914809953485238  0.05087420902192437  0.06214330140895376  0.07387600499965247
  0.08623777986172382  0.09914283076061858  0.11007008073501612  0.11968997570670588
  0.12882530566573111  0.13792994700500319  0.14748282324027406  0.15711915080094077
  0.16633062988097930  0.17627912430700748  0.18669108558920697  0.19867450787516103
  0.21056179675240178  0.22131397186958635  0.23177169139645493  0.24226543397453623
  0.25279677829794306  0.26502088539454899  0.27656191104439076  0.28871207863248172
  0.30024502350337051  0.31186054955035075  0.32343489129491099  0.33413690724055534
  0.34372553927133348  0.35302974017523625  0.36275003997761401  0.37250860039791972
  0.38206601569369791  0.39212585001723332  0.40229512332774509  0.41282214088220470
  0.42439548597199495  0.43674996900132995  0.44884048504179974  0.46015094307720911
  0.47143889100738856  0.48234731161918482  0.49271541602904173  0.50329948772592814
  0.51453837854258844  0.52597941867194331  0.53790397452806826  0.55032097361709420
  0.56337951357143856  0.57742779618237650  0.59100330118420197  0.60354986479281836
  0.61536685001927549  0.62571854539085392  0.63499059038530825  0.64392572104449308
  0.65272990334310010  0.66062863239340019  0.66939240662892385  0.67920469749895229
  0.68917906281167840  0.69836643023415590  0.70841442420767420  0.72044550218757852
  0.73354315499239497  0.74677412231335794  0.75968791595111929  0.77175600313830817
  0.78191821975860287  0.79172145749558376  0.80209217116152809  0.81272185454698209
  0.82331460507254361  0.83344073237287153  0.84302607081518133  0.85296956303644356
  0.86252463485643305  0.87159714965728718  0.88092163640228138  0.89017053432160020
  0.90003482632399523  0.91023235590723295  0.91962251450074950  0.92800970683562567
  0.93635463556031917  0.94496717825406829  0.95393553217395433  0.96339929040014916
  0.97266479265645045  0.98201751256507042  0.99101116672420009  1.00000000000000000
 -0.01146657651874989  0.11408596325762092  0.17749448237742754  0.22822735703301059
  0.27048096091631596  0.30683471706099769  0.33684132443756359  0.36363094116482914
  0.38668228586020520  0.40644976066794453  0.42414193464905919  0.44215367665575600
  0.45924469787818434  0.47731381089445785  0.49473144588606255  0.51140378159150857
  0.52606697652646894  0.53890257885591764  0.55143447348838848  0.56308623770364075
  0.57341791492067651  0.58375423163193996  0.59502381917740188  0.60577850198481642
  0.61559213581400807  0.62548163130721679  0.63558465201443215  0.64541555550844731
  0.65385248407902774  0.66185621999347233  0.66957378766629094  0.67674340432497782
  0.68328932854705959  0.68956465879244200  0.69585699677272594  0.70217398587401725
  0.70876702764257504  0.71596369244939806  0.72337442063261803  0.73053846447043080
  0.73741801193776968  0.74424239902280642  0.75095207047670909  0.75678002687559487
  0.76247607929453587  0.76784319639619414  0.77272244068842610  0.77706720974240673
  0.78142042423122404  0.78571769042360662  0.79005093311841201  0.79439605276761682
  0.79915311361991270  0.80399813975018408  0.80927505327304561  0.81444400441880738
  0.81963989731385545  0.82456882800795550  0.82941237889536301  0.83407272427074286
  0.83849158277536540  0.84301351580770723  0.84755160798656681  0.85207971347650679
  0.85619597735028108  0.86012384278892873  0.86397910258723820  0.86779047256201491
  0.87155668628802541  0.87547411118508023  0.87922476657635928  0.88274803991241646
  0.88639388243473372  0.89027411478001439  0.89409038312400235  0.89792733515486889
  0.90212789276860028  0.90589970372417594  0.90973142893608150  0.91328687110417173
  0.91673629851976890  0.92023869485422005  0.92382678168977161  0.92762121281906618
  0.93178559524502924  0.93613811302457584  0.94049161395490177  0.94484672941990222
  0.94927226069296766  0.95381754794498774  0.95868359359786326  0.96428096897005411
  0.96986591616874995  0.97666066764453141  0.98541535014504622  1.00000000000000000
 -0.01353334407072432  0.09748371088815638  0.14905742268608715  0.18284526805723011
  0.20737004690600686  0.22466652750300989  0.23954381020073165  0.25226846558610477
  0.26329887603891872  0.27420070037581912  0.28523005829173781  0.29590425633503892
  0.30504090813745027  0.31387160313630175  0.32160618769125415  0.32903985854970585
  0.33535212082997340  0.34097943389369051  0.34629609692481883  0.35162372315473017
  0.35729083999227063  0.36325213296372405  0.36926243628086780  0.37492282601177701
  0.38059003300614763  0.38617232508962535  0.39168797377254605  0.39754103367251148
  0.40391880476311620  0.41066239267804400  0.41743089584816578  0.42402441987369899
  0.43042782139347663  0.43669012603697738  0.44265389630653385  0.44930901220209901
  0.45589348645981786  0.46155506152312842  0.46651069551844093  0.47118155571335335
  0.47560240593185094  0.47987045479252277  0.48428116367112972  0.48905973144571402
  0.49439900787897711  0.49980648258545551  0.50485948549179627  0.50907633588830292
  0.51329773716846594  0.51736148019763906  0.52221197790980223  0.52791773380626306
  0.53375868058651010  0.53948851038059675  0.54496062338262585  0.55041424718137433
  0.55593949255394937  0.56155882024151327  0.56719265113153339  0.57274550700963955
  0.57830160543802556  0.58366990120497364  0.58892486165404090  0.59413907810754785
  0.59933073441596707  0.60462457951509629  0.60974133331344649  0.61464413408592333
  0.61968141308331604  0.62500038210964326  0.63073345092952526  0.63656239009677529
  0.64215433701450575  0.64785341558806431  0.65434023633663940  0.66076543248133102
  0.66785512072747610  0.67574931809420613  0.68447164270039729  0.69310904317677380
  0.70140998124222409  0.71005820508248496  0.71851116559401751  0.72793994189489586
  0.73751952603490356  0.74694508798678960  0.75647074114836410  0.76619479216132080
  0.77741321754737436  0.79166663612674348  0.80819502654083830  0.82593518151059631
  0.84393973606638295  0.86677464306997687  0.90511187232244217  1.00000000000000000
   6.7639417585969043E-043  -1.0000000000000000     
 F F F F F F F F F T T T T T T T T T F F F F F F F F F T T T T T T T T T F F F F F F F F F T T T T T T T T T F F F F F F F F F T T T T T T T T T
  <DiscreteSampler_grid>
  grouped_processes
  1 # 1 for a reference and 2 for a running grid.
  10 # Attribute 'min_bin_probing_points' of the grid.
  1 # Attribute 'grid_mode' of the grid. 1=='default',2=='initialization'
  0.0000000000000000 # Attribute 'small_contrib_threshold' of the grid.
  0.5000000000000000 # Attribute 'damping_power' of the grid.
 # binID   n_entries weight   weight_sqr   abs_weight
    10   10   3.828009701896637E-027   1.434657134247788E-052   3.828009701896637E-027
    11   10   3.828009701896637E-027   1.434657134247788E-052   3.828009701896637E-027
  </DiscreteSampler_grid>
