 -0.00038780051527559  0.00196319420548435  0.00334418440976830  0.00467401534874196
  0.00616441715509763  0.00783798292107428  0.00962593925752366  0.01176571967988941
  0.01402442999959806  0.01645704809930699  0.01899178307486417  0.02177787185522480
  0.02463700414922994  0.02748495935229582  0.03050395089842779  0.03374418331505537
  0.03720327002865322  0.04080614343702051  0.04459623556308542  0.04856062723478622
  0.05266150183916597  0.05686179260740657  0.06124497921819171  0.06583703010297727
  0.07050729752169627  0.07526458342867463  0.08016909164595960  0.08523771160509513
  0.09050509526688730  0.09608645741495109  0.10208241324517979  0.10836995930723198
  0.11482015039091685  0.12143109255465173  0.12813117101936333  0.13496210468752248
  0.14211826366706160  0.14976034350440659  0.15814978172975236  0.16643512658871046
  0.17474968490017687  0.18374917616726938  0.19296544075266611  0.20269540620112536
  0.21291811227610905  0.22338918055186580  0.23444999631054098  0.24609432732192557
  0.25792307361654809  0.26977865087049141  0.28189247696313308  0.29457797319587703
  0.30824754093275009  0.32346425666948564  0.34053659360600080  0.35939266984445628
  0.38011465903808267  0.40349626096280405  0.43013111327863329  0.45970764227115013
  0.49116299692941218  0.52324281559670005  0.55515779507960306  0.58346726467404075
  0.61044720322693313  0.63557611423867399  0.65904734432527146  0.68079517287712910
  0.70050126098431587  0.71832358852016376  0.73483752090474908  0.75051369227156284
  0.76567271183280816  0.77970717319471139  0.79300817820105352  0.80574519642312514
  0.81799916342971801  0.82979790698106537  0.84111208098886403  0.85213151350014282
  0.86303215256117527  0.87359763774037913  0.88373872048943980  0.89350921589576449
  0.90306632214606075  0.91249243297110683  0.92181153144864292  0.93099504391136312
  0.93969744269508615  0.94849557250257222  0.95724043955020477  0.96584560783230233
  0.97446180673543881  0.98299942727439638  0.99149937142252276  1.00000000000000000
 -0.00278661542221056  0.01005972547854909  0.02153489962559488  0.03320701501075501
  0.04492257642293918  0.05634244293271612  0.06728104437540651  0.07807591542494347
  0.08887891585508351  0.09959723468376239  0.11026610322458294  0.12113156119485233
  0.13191402747188424  0.14281879692146382  0.15407035526712018  0.16515530266503375
  0.17596463245120156  0.18661977173683789  0.19783020830682410  0.20934724689237638
  0.22074809958155153  0.23188717604689346  0.24220598501297896  0.25235468504137981
  0.26222467160311635  0.27186889368514061  0.28118234982568524  0.29053342738185178
  0.30062460813639480  0.31105423744116140  0.32142354921585004  0.33201840609124522
  0.34380873981643273  0.35556748402553745  0.36602053366805504  0.37629501137584981
  0.38629955939195759  0.39600597177521635  0.40510499157615676  0.41440560563624529
  0.42383056282825449  0.43321270385432425  0.44302864460977154  0.45344268018023576
  0.46435563174914685  0.47540646324393171  0.48549842494599033  0.49530591422511122
  0.50510773296068945  0.51520726327013555  0.52537285130652855  0.53517802871925024
  0.54507781540849765  0.55573887424727408  0.56681193701341748  0.57793313887686404
  0.58860675351691349  0.59933519123747458  0.61022133562701975  0.62056012507529379
  0.63011378056797218  0.63952399513893166  0.64982239467153091  0.66103700587332759
  0.67182919012001641  0.68181745618328948  0.69181287414670434  0.70267776100614565
  0.71431799369851079  0.72624887886646738  0.73795662952185248  0.74942200980533002
  0.76071127391990023  0.77127696483714714  0.78157785446656736  0.79141593239219343
  0.80213259242074320  0.81323990120243428  0.82409478415641302  0.83457241701412144
  0.84459153448753732  0.85551373796076113  0.86657630108255013  0.87735735343678389
  0.88859957575007920  0.89885671157773295  0.90842765487388488  0.91834347215424295
  0.92821962455590967  0.93795126250113137  0.94740842533589187  0.95692742451517687
  0.96778772935024771  0.97897470740514547  0.98970117902549615  1.00000000000000000
  0.00163204503364654  0.01918834911711773  0.03650166243663732  0.05205358266500560
  0.06638397683662919  0.07962213509363530  0.09269036739047681  0.10567794705282700
  0.11897706529835898  0.13306567932052604  0.14738198531463226  0.16154466221791039
  0.17555919993403532  0.18957059255453587  0.20326606746866022  0.21633496099069857
  0.22908138353732344  0.24140752721248693  0.25336872938827093  0.26452814078765252
  0.27534105599817671  0.28640518014174010  0.29778975728660451  0.30959470261775107
  0.32162438532395882  0.33364544099534715  0.34539746951991818  0.35653748866697793
  0.36698887970172206  0.37699114321354038  0.38655749894450431  0.39596534876247852
  0.40526458971693846  0.41426246890331220  0.42419991638487742  0.43408185805217225
  0.44514780796739728  0.45643424134180910  0.46768383852317857  0.47860254351518211
  0.48946939412199242  0.49978086341416000  0.50919192490387710  0.51816525375451694
  0.52705005544194661  0.53580350285776701  0.54430370025044073  0.55262094318274524
  0.56113719553466535  0.57048080133102652  0.58001865574797529  0.58923843970997380
  0.59843219182100849  0.60768487968043394  0.61666418390158206  0.62481296076499970
  0.63238320583220609  0.64000715157696375  0.64810769714447869  0.65634215532453921
  0.66440518269927940  0.67253322719346542  0.68078063663461330  0.68868225448289433
  0.69639680525415815  0.70399272283512726  0.71176627683890281  0.71992395499820228
  0.72818134719966554  0.73584374627310334  0.74281252460336922  0.74975914101011965
  0.75637836097742717  0.76330471657687793  0.77033208155151944  0.77762285390808550
  0.78456315778345254  0.79161922318862832  0.79920780612124764  0.80727863742587480
  0.81501442507173727  0.82305007998385049  0.83072947296990940  0.83844627792747417
  0.84623575089166259  0.85442491580247781  0.86291576660366187  0.87185098610840139
  0.88178605905573082  0.89290403542298891  0.90476046399536858  0.91719417784156365
  0.93079797329734748  0.94599575007231218  0.96625196132346314  1.00000000000000000
 -0.01966810143864769  0.15756463834167056  0.21430247093025417  0.25010588167185305
  0.27680533339661612  0.29828900421685867  0.31727722814129133  0.33449989905595495
  0.34958359819670709  0.36322618340192747  0.37606409774658034  0.38730324017521833
  0.39804201663175293  0.40823584503770394  0.41811531786043032  0.42770136285247295
  0.43698661809767680  0.44598641755350099  0.45475782019418276  0.46308375584371619
  0.47089752887450786  0.47828840006811491  0.48540742084181904  0.49230118852393590
  0.49913154991587483  0.50584093339140945  0.51246814323618395  0.51913717119505787
  0.52595476020124388  0.53292227814681659  0.53975583852832965  0.54594246748147823
  0.55189049298705906  0.55767388036816679  0.56322967324905704  0.56864076585055634
  0.57398965983099182  0.57929948836941281  0.58453351809396592  0.58966156248195345
  0.59474238895150511  0.59986386713134865  0.60512335998065403  0.61061239083566754
  0.61610014613608155  0.62159050532095528  0.62679459374216395  0.63168436096918990
  0.63643626828139399  0.64115249300766208  0.64590194369762066  0.65073045733791546
  0.65558940378761643  0.66042308033699770  0.66530505611639157  0.67009713353559863
  0.67485083769130805  0.67960501773588666  0.68417787142869402  0.68871811801637683
  0.69336079971011266  0.69817506036658350  0.70311518659970951  0.70796527421944155
  0.71250550965340564  0.71690248050333849  0.72117583565803234  0.72551833462284698
  0.72995827878830111  0.73444485647934921  0.73905810258601545  0.74369710207484441
  0.74842124314092773  0.75328535694946064  0.75827003675648763  0.76335320843708532
  0.76856002966483061  0.77398639863468222  0.77956320115069122  0.78493929142721020
  0.79025374070023702  0.79596929081645840  0.80207370907355491  0.80826133197459860
  0.81446505618289777  0.82077607053364132  0.82740437214358042  0.83433671063282844
  0.84269475112570247  0.85168101432341092  0.86222908383369623  0.87396914510948631
  0.88841092585655457  0.90692328830407409  0.93588754717362210  1.00000000000000000
   5.6004420474645236E-018  -1.0000000000000000     
 F F F F F F F F F T F F F T F F F T T F F F T F F F T T T T T T T T T T F F F F F F F F F T F F F T F F F T T F F F T F F F T T T T T T T T T T
  <DiscreteSampler_grid>
  grouped_processes
  1 # 1 for a reference and 2 for a running grid.
  10 # Attribute 'min_bin_probing_points' of the grid.
  1 # Attribute 'grid_mode' of the grid. 1=='default',2=='initialization'
  0.0000000000000000 # Attribute 'small_contrib_threshold' of the grid.
  0.5000000000000000 # Attribute 'damping_power' of the grid.
 # binID   n_entries weight   weight_sqr   abs_weight
    10   10   4.496155428650181E-004   7.623888949091006E-007   4.496155428650181E-004
    11   10   4.496155428650181E-004   7.623888949091006E-007   4.496155428650181E-004
  </DiscreteSampler_grid>
