 -0.00008116670654496  0.00072165744540487  0.00123939155988084  0.00171560990416721
  0.00214489363334394  0.00252157766293943  0.00287324866077383  0.00321726764237856
  0.00355788167228709  0.00392185496468790  0.00432657797199713  0.00474203847604708
  0.00509899385226611  0.00541092116863399  0.00571299920242453  0.00604850406649035
  0.00636702588307301  0.00669325406969945  0.00702075304186074  0.00734829066062379
  0.00768072940750974  0.00802431151730379  0.00838539364805493  0.00872578432266788
  0.00902863655056560  0.00932228195801604  0.00961070034554083  0.00991402696174737
  0.01022368285008561  0.01052620534715592  0.01085337648793046  0.01120050521879218
  0.01155378559354503  0.01205111503184966  0.01257622349205253  0.01313203916137087
  0.01370586593414734  0.01422648641476674  0.01465394396954996  0.01505069578877550
  0.01546388843170322  0.01593561065083832  0.01641826617788009  0.01686113717647050
  0.01727459793214239  0.01767128025217578  0.01807734408376712  0.01850956227953479
  0.01885840601298615  0.01921656577688077  0.01993945363207286  0.02116670221162941
  0.02267921188453799  0.02417313127924072  0.02565985378484974  0.02682584405921873
  0.02789385454591943  0.02895236612223577  0.02998814954574848  0.03044087080723934
  0.03070206409928004  0.03106788312936019  0.03150869292338573  0.03203919206462653
  0.03263065526433064  0.03320482638119758  0.03375595521970449  0.03424012283847495
  0.03465353313798503  0.03506419848276145  0.03547019450506290  0.03594436010009275
  0.03646620521562384  0.03714687966876068  0.03777028312131793  0.03826932340969325
  0.03870085260159942  0.03921919000125637  0.03980433422098071  0.04021914778689046
  0.04143944946182927  0.04284756333259959  0.04442948550014199  0.04612447335904843
  0.04769821418252405  0.04909275852639655  0.05315290412088249  0.05762217379642962
  0.06292647800828803  0.06828043700776765  0.07371391654464610  0.07932725722068734
  0.08513067843757920  0.13808281904321484  0.21172543521796885  1.00000000000000000
 -0.00231622400377053  0.01032303796145377  0.02071442338030035  0.03266300065362049
  0.04353661570146659  0.05261089984514560  0.06146879679419279  0.07107085068703262
  0.08059370887235785  0.08973468132950532  0.09691568351459998  0.10651778231719693
  0.11718558236947443  0.13012680489967368  0.14248372823881214  0.15475875792300681
  0.16641201862452001  0.17770869345674425  0.18926234152939209  0.20080193849693895
  0.21125067186949326  0.22040018708672104  0.22899497027156895  0.23805237945885391
  0.24882845920030058  0.26216700953523508  0.27352084837594959  0.28303616854180275
  0.29173207082301900  0.30059214247567045  0.31074664574755217  0.32035412409459446
  0.32958841951236967  0.33950201803855834  0.35033075639501760  0.36116409317352788
  0.36999733481940306  0.37928519733161103  0.38973651248551622  0.40120857514811831
  0.41196504866140354  0.42273209547621560  0.43340152490249362  0.44458249867626198
  0.45681812317106635  0.47039271968050056  0.48396432945082807  0.49647425702051451
  0.50722537855232619  0.51720433913630681  0.52824250375115578  0.54078946272837547
  0.55369131807270644  0.56625053984782425  0.57870772366958401  0.59171233626456676
  0.60569180789332255  0.62002200213985559  0.63272990368674764  0.64595176400568677
  0.65916449036168923  0.67347027796942616  0.68693657073918191  0.69921994283610911
  0.70999374894076073  0.71868007441712534  0.72825234973256670  0.73850904801740214
  0.74878027903730737  0.75843823918371978  0.76752407272989775  0.77644147526867524
  0.78632036331374400  0.79740098345574661  0.80919339737686202  0.82201383349176060
  0.83480517397293619  0.84146469901702681  0.84822942648742694  0.85498525982583695
  0.86189813403639293  0.86857570028901365  0.87622862216932751  0.88588870145599452
  0.89826154436775607  0.91196769080299178  0.92546103175477845  0.93914344144394768
  0.95242166533254047  0.96183952817241913  0.96769631124294375  0.97480509690519113
  0.98210339303839234  0.98791914574482775  0.99374765890485717  1.00000000000000000
 -0.03803293347620599  0.28749928847653811  0.42560805806383034  0.51435262061400000
  0.57928262719283907  0.63104451762519775  0.67184645881046479  0.70408415188876139
  0.73217270087523845  0.75554231066472288  0.77598045577914010  0.79550535849153048
  0.81138355950517482  0.82523912738951777  0.83680874899800672  0.84638334188926956
  0.85541740567715574  0.86427025816213676  0.87107186274558568  0.87727446277631094
  0.88299013946849336  0.88893210716012749  0.89482935225922278  0.90008396153805381
  0.90476273939746565  0.90900563922443745  0.91289993336337105  0.91652211643623527
  0.91985564274752152  0.92291870134112020  0.92609435820414610  0.92922858085074533
  0.93218473564871240  0.93510760195215281  0.93768684031703653  0.93983529953175671
  0.94178825763860929  0.94378942139122157  0.94576794909026007  0.94765506810547828
  0.94948178172560926  0.95122685015363873  0.95292625094965544  0.95459793923592173
  0.95616571636223679  0.95760375118586183  0.95878772908036292  0.95987167037591681
  0.96094162511758585  0.96208229326306494  0.96328998592890069  0.96448916067259471
  0.96561978221508726  0.96666051566994327  0.96760650038391871  0.96845990994595810
  0.96934310697079207  0.97022685733289571  0.97112143750896629  0.97201813714008134
  0.97287174912904217  0.97368099738228275  0.97447365407443642  0.97523082651502113
  0.97597232490661379  0.97678366269425609  0.97757442890739121  0.97843080015772754
  0.97935560579693914  0.98024422183564441  0.98112379988627629  0.98200900137670177
  0.98287083605915559  0.98367665863341203  0.98443943919597088  0.98513196455703889
  0.98562505522170296  0.98610572002287433  0.98657014326155723  0.98703059869619503
  0.98751843030460174  0.98804718130003411  0.98868354031023997  0.98940615970916312
  0.99010430841751307  0.99059520607389240  0.99102134465005576  0.99148005184914645
  0.99194245682655380  0.99239476241238622  0.99285451549046266  0.99337242486500510
  0.99407005826899575  0.99524424074685502  0.99662134023046300  1.00000000000000000
 -0.02543846117830427  0.12572930657521120  0.17467498516512830  0.20200558399612598
  0.22053997981748441  0.23543211832652436  0.24781215993252581  0.26097114526439347
  0.27383742484509160  0.28427386558494167  0.29290506846160347  0.30141356624024845
  0.31028413844068026  0.31892705370252661  0.32704981613012030  0.33523772280228903
  0.34452247479579251  0.35333923847678844  0.36134323908851929  0.36816168651680398
  0.37397363173853426  0.37889913020502797  0.38338315208383850  0.38885244346839348
  0.39456085748193559  0.40024546935546096  0.40578756326478033  0.41137655783364035
  0.41649360930887019  0.42150933756229048  0.42679270256479995  0.43215581588179064
  0.43598441437526131  0.43974099786536985  0.44412723647450392  0.44867427485726336
  0.45339153388181186  0.45851778221817335  0.46449117208226715  0.47197397966985166
  0.47748390167526078  0.48296427418262666  0.48839316937051780  0.49373138680892897
  0.49919019747971116  0.50484907378524368  0.51033027208066517  0.51579131105618548
  0.52084354421574719  0.52549761474479995  0.53071685846146410  0.53663527100149822
  0.54181043065156298  0.54614641205093395  0.55015667383227507  0.55415865567538070
  0.55801561954456880  0.56188636636847955  0.56552329656231337  0.56944952003909544
  0.57366587712841521  0.57807241122031183  0.58243747384458677  0.58653268851517426
  0.59082870780548014  0.59472189770734085  0.59798176236618905  0.60088555306570390
  0.60496643638896597  0.61332189534856596  0.62211646460077763  0.62982752190597580
  0.63675814912687412  0.64340720096743831  0.65063048191927408  0.65913191906561863
  0.66691094137450890  0.67339605581684181  0.67955262714007270  0.68526930900290250
  0.69101282890483029  0.69753594394426355  0.70463783259680479  0.71410519753769164
  0.72194963399029677  0.72987518274353869  0.73930245786496740  0.74981367305251445
  0.76077560760431195  0.77226056276616184  0.78640408469861722  0.80434981708971487
  0.82665283034734005  0.85439867343453502  0.89136682030306658  1.00000000000000000
   1.6735505902068149E-044  -1.0000000000000000     
 F F F F F F F F F T T T T T T T T T F T F F F F F F F T T T T T T T T T F F F F F F F F F T T T T T T T T T F T F F F F F F F T T T T T T T T T
  <DiscreteSampler_grid>
  grouped_processes
  1 # 1 for a reference and 2 for a running grid.
  10 # Attribute 'min_bin_probing_points' of the grid.
  1 # Attribute 'grid_mode' of the grid. 1=='default',2=='initialization'
  0.0000000000000000 # Attribute 'small_contrib_threshold' of the grid.
  0.5000000000000000 # Attribute 'damping_power' of the grid.
 # binID   n_entries weight   weight_sqr   abs_weight
    10   10   3.929572391312148E-033   7.344597734849492E-065   3.929572391312148E-033
    11   10   3.929572391312148E-033   7.344597734849492E-065   3.929572391312148E-033
    16   10   4.003140626271030E-033   7.773339702553507E-065   4.003140626271030E-033
    17   10   4.003140626271030E-033   7.773339702553507E-065   4.003140626271030E-033
  </DiscreteSampler_grid>
