 -0.00002950056264017  0.00037267744517011  0.00067972400630235  0.00096420331229369
  0.00122920660172032  0.00150069581999258  0.00178120836034462  0.00203489068825088
  0.00229298581755764  0.00255160748006590  0.00279973882018928  0.00300977642404771
  0.00322787559969193  0.00344558277569346  0.00366818910746210  0.00387998651477278
  0.00408225031007801  0.00428959523744547  0.00450802919184811  0.00471028961871747
  0.00491190515293585  0.00514448918738184  0.00542437550369249  0.00573006862491833
  0.00590875482340494  0.00611164641182088  0.00633058613585382  0.00654376353654473
  0.00675337937145329  0.00694608321602908  0.00712184931329442  0.00728802781862737
  0.00747069430100226  0.00764589733623427  0.00792052554717323  0.00828678427631693
  0.00867499498318664  0.00901130623882615  0.00932503973293521  0.00956560004180443
  0.00973944364871026  0.00989923433088985  0.01008470859044010  0.01027627367619752
  0.01046651076461320  0.01065119434701091  0.01087114766979750  0.01109434608373620
  0.01132158502873256  0.01149082943028209  0.01164317824793114  0.01179752775956057
  0.01196900350364965  0.01217596606752813  0.01237581231714101  0.01257023673113040
  0.01276569915231742  0.01290256437019809  0.01298732899094178  0.01344194336503348
  0.01410151215038199  0.01479192094734310  0.01544358606858363  0.01601239797392212
  0.01657958081821615  0.01716917939298455  0.01782933671200266  0.01844880830433261
  0.01903042482450100  0.01966940734634485  0.02035020802735080  0.02098083017722943
  0.02157949122592208  0.02214662516338423  0.02252579460649662  0.02290496404960901
  0.02333523346612303  0.02377026362105949  0.02423775585811422  0.02476855953384036
  0.02529936320956650  0.02583016688529264  0.02744487984813300  0.02922532780688100
  0.03100577576562900  0.03278622372437700  0.03657673431484036  0.04089736594462247
  0.04521799757440458  0.04928260854707599  0.05216351274513253  0.05504441694318907
  0.05870011456859731  0.06383444392004618  0.07131749979899675  1.00000000000000000
 -0.00446643703371397  0.02228751961205239  0.04228479524585164  0.05744457012036871
  0.06832242808148753  0.07775642611884627  0.08778235294026014  0.09851582180303209
  0.10794833438935936  0.11737256362188155  0.12885297131199386  0.14402285228637488
  0.15854679828651413  0.17085377537976154  0.18294481197122761  0.19399006565018326
  0.20356495352838555  0.21182414287356219  0.21820526385279529  0.22411137988643054
  0.22997684749043942  0.23817158853628395  0.24782453425885473  0.25872525834153326
  0.27011782568240200  0.28162517823466382  0.29244557682445499  0.30497609104092865
  0.31836820221719347  0.33156562201019124  0.34548429296339356  0.35989042815462630
  0.37423268559462747  0.38665172104607309  0.39728672450515534  0.40729128227081518
  0.41713369147694507  0.42832287209793746  0.43999864422409862  0.45119725627030444
  0.46338734236027485  0.47437577424949656  0.48573757021152703  0.49787341642450211
  0.50780623225193977  0.51952467859238372  0.53168587466578532  0.54456428773518750
  0.55761595651639562  0.57033517864951855  0.58269769562971108  0.59364132202591924
  0.60377353071546969  0.61331901846214099  0.62144118828016570  0.62815449879525542
  0.63554710562293382  0.64404200994563188  0.65418893675920742  0.66476603617503016
  0.67609431113303542  0.68735092921510577  0.70039990057270451  0.71307947822250373
  0.72600130119868767  0.74167104705544684  0.75864279897910936  0.76730152240234351
  0.77768671211253715  0.78720014631159341  0.79596144311049111  0.80663752413768863
  0.81765607947338337  0.82925192613687337  0.84145066700679849  0.85353754905657653
  0.86399753953324843  0.87500383457610753  0.88639937425754733  0.89663229948709067
  0.90435165709952181  0.91170464788305927  0.91802016683273457  0.92426823875788733
  0.92975790250727286  0.93358680613756417  0.93619048736463006  0.93942929457079249
  0.94461239841384415  0.95183314513616157  0.95820437417472315  0.96438553967710483
  0.97085287992894520  0.97725233853411464  0.98532567049904418  1.00000000000000000
 -0.01696095841321006  0.17246015880877269  0.27935393687951909  0.36263236943254878
  0.42647038159998846  0.47786598223666854  0.52681503403247387  0.56664569390410102
  0.59884554662340461  0.62729770849269595  0.65334384013375002  0.67547715925672980
  0.69567069631621903  0.71618995073072111  0.73638570664472691  0.75464049352684925
  0.77255459316749198  0.78904509243971943  0.80358035655958016  0.81530069740885991
  0.82297451231329077  0.83105136089807397  0.83890830102850422  0.84618150655749180
  0.85265510554178525  0.85837028228256740  0.86393231133598081  0.86943033527722724
  0.87496357517497159  0.88079212203120061  0.88672016064723913  0.89251468590050631
  0.89748133622851389  0.90166490344995720  0.90546858949009223  0.90926610529130314
  0.91287043754807418  0.91584126735816318  0.91857801373607773  0.92133206155522163
  0.92413435491023688  0.92691829922721480  0.92977698603085823  0.93269410654948703
  0.93545906744379903  0.93769724017374234  0.93967689486074879  0.94138967035209320
  0.94305703116687656  0.94473928806674434  0.94641572315812683  0.94817226306155689
  0.94988376167882027  0.95167607941813959  0.95339347581745348  0.95505292934600716
  0.95647913043344335  0.95780115922908127  0.95910355685785798  0.96035081094800512
  0.96142885295636193  0.96252834812894772  0.96349087038182923  0.96434522466809613
  0.96531837295001854  0.96630569452880422  0.96731284570190790  0.96834854040537344
  0.96944864380345352  0.97055841886170369  0.97171888375197046  0.97287402116650623
  0.97392085131688388  0.97492464148367985  0.97583258528419270  0.97672472519348130
  0.97762327980079655  0.97838513571250540  0.97914836535716798  0.97991446197711840
  0.98069101074640153  0.98161167785939296  0.98265470543717270  0.98365320986769700
  0.98444315860725540  0.98513958897100773  0.98577356396083815  0.98640596457680640
  0.98703529537182588  0.98766462616684536  0.98866341717045991  0.98968296022533686
  0.99132464142878751  0.99322133380497857  0.99610484581472925  1.00000000000000000
 -0.01305788355755453  0.08405361927216910  0.13747749270555146  0.17811033738889845
  0.20472777494917221  0.22654956179058547  0.24589437302924935  0.25402789644319806
  0.26070761480757570  0.26659864719285759  0.27218506454605468  0.27815695246458189
  0.28353866950692980  0.28905019263393850  0.29441493690602111  0.29993349865731883
  0.30440643132417045  0.30841278260906807  0.31209105248338731  0.32048650900436293
  0.32939740520158733  0.33765293441836086  0.34558689318199848  0.35347291394903413
  0.36175510477352046  0.36971341685079723  0.37668889405941236  0.38330637657551364
  0.39009877618132116  0.39621950903903508  0.40220345519146633  0.40746052136895888
  0.41336883837105948  0.41846625114869690  0.42341850991817048  0.42825843760695048
  0.43318123535162961  0.43952296699142251  0.44566121517886104  0.45232718715629189
  0.45971499039889063  0.46776274622434733  0.47791240500895221  0.48485207293219856
  0.49089430749574381  0.49709334782534975  0.50368799694463029  0.51020455361102079
  0.51679221293154831  0.52343639202781911  0.52947562769366086  0.53409262595608309
  0.53776362942094313  0.54153741051131032  0.54529121471017250  0.54873170376266622
  0.55239225660894808  0.55622132586293194  0.56002343394056708  0.56389464097423136
  0.56718827512200909  0.57123524279534310  0.57542394858031531  0.57912027411389633
  0.58262050477306138  0.58616997806035043  0.59048862984871497  0.59510941511675841
  0.60040214157384797  0.60637205043892695  0.61298174158705987  0.61986251337211518
  0.62643480220233694  0.63246767791816405  0.63798417831902032  0.64312129133648632
  0.64803345927530598  0.65390580686592781  0.66000384423041170  0.66769954588885227
  0.67697894835426919  0.68567527123483729  0.69424010699657801  0.70286567731250815
  0.71163364836789367  0.72220484259587037  0.73342166688126809  0.74623397869640318
  0.76050724613275633  0.77444092873167014  0.78837484259069668  0.80560710320415174
  0.82724552057791167  0.85989673647872944  0.90623910400957497  1.00000000000000000
   3.1598731572080440E-044  -1.0000000000000000     
 F F F F F F F F F T T T T T T T T T F F F F F F F F T T T T T T T T T T F F F F F F F F F T T T T T T T T T F F F F F F F F T T T T T T T T T T
  <DiscreteSampler_grid>
  grouped_processes
  1 # 1 for a reference and 2 for a running grid.
  10 # Attribute 'min_bin_probing_points' of the grid.
  1 # Attribute 'grid_mode' of the grid. 1=='default',2=='initialization'
  0.0000000000000000 # Attribute 'small_contrib_threshold' of the grid.
  0.5000000000000000 # Attribute 'damping_power' of the grid.
 # binID   n_entries weight   weight_sqr   abs_weight
    10   10   1.830447365966377E-034   9.122236057508580E-068   1.830447365966377E-034
    11   10   1.830447365966377E-034   9.122236057508580E-068   1.830447365966377E-034
    16   10   1.806340177427171E-034   9.018226262584465E-068   1.806340177427171E-034
    17   10   1.806340177418924E-034   9.018226262562647E-068   1.806340177418924E-034
  </DiscreteSampler_grid>
