 -0.00004533568065981  0.00087536659017246  0.00162682944639642  0.00225399806687491
  0.00280575353859033  0.00335575764438789  0.00393222592760482  0.00451308592949927
  0.00504767824560182  0.00555551400818989  0.00608153201578096  0.00660876911161363
  0.00710855993495854  0.00757008555235297  0.00804643261868451  0.00852570806103459
  0.00903448569802580  0.00953640429994602  0.01003760196235389  0.01053404148891878
  0.01102501900059260  0.01149257141492365  0.01192948240311373  0.01233691471790004
  0.01274530387285932  0.01315349704509842  0.01358610141162160  0.01402159940331889
  0.01444858164592622  0.01488140209845562  0.01529204832793779  0.01569053319575762
  0.01610423175340455  0.01654904267334043  0.01704945372235752  0.01755427974580440
  0.01809271107023005  0.01860718323705076  0.01910780298231338  0.01963597544068664
  0.02021368621947825  0.02083117980279021  0.02145100049604989  0.02210291337582718
  0.02286435940959983  0.02360646182095828  0.02429825181443888  0.02513414857856364
  0.02595780099547887  0.02681931923119847  0.02765705340385973  0.02856761742208904
  0.02956695534463351  0.03051244041439150  0.03138947974353131  0.03225953832066476
  0.03318278000370931  0.03429014213517977  0.03544681159451173  0.03662579558029910
  0.03784736365182483  0.03910421257351924  0.04038009940574308  0.04166004382305615
  0.04293743046936574  0.04418168301340792  0.04536184404305741  0.04660520398937067
  0.04777138625940159  0.04908885831449315  0.05060157696766767  0.05229415988015990
  0.05419347241007270  0.05610381725871977  0.05786242446788724  0.05947134923748237
  0.06110261848655535  0.06280317784828775  0.06462437977477205  0.06672079885670046
  0.06917778197580175  0.07165879951094992  0.07383501929773419  0.07560210553878423
  0.07719379946463215  0.07872296806122203  0.08143715340505439  0.08486710787170104
  0.08854743686706656  0.09245914324245967  0.09494857043057281  0.09710400888501182
  0.09961573914389842  0.11019100912151172  0.13067043843125578  1.00000000000000000
 -0.00183383585037344  0.00722644333536156  0.01612173090293510  0.02510638730781392
  0.03595911095244765  0.04810759051810513  0.05940271220051943  0.06982455721780904
  0.08082980887101386  0.09291370224077479  0.10565427238090742  0.11926832196701341
  0.13334773262914432  0.14710947335989749  0.15959570622854471  0.17050441520295612
  0.18070020948846294  0.19077142920105752  0.20098580078998207  0.21215418838859371
  0.22339452725572981  0.23389795255242452  0.24436372402364731  0.25470426464506907
  0.26510963133312460  0.27480159516828551  0.28375894046436745  0.29296144002479585
  0.30121122593645472  0.30967475087655810  0.31830884764064754  0.32765806817718690
  0.33810572369094827  0.34895615707128053  0.35993153009607104  0.37099147151698253
  0.38115562595389307  0.39045889428501396  0.40019875154108581  0.41121050459071390
  0.42073253459677151  0.42977843909513175  0.43875216452244548  0.44926050717578486
  0.46013250182271914  0.46915372253822374  0.47707334654559802  0.48602401328251121
  0.49662286027395314  0.50731584656877593  0.51777382936285943  0.52849351487815721
  0.53946324242408650  0.54971554486456109  0.56030857418132729  0.57255119749556349
  0.58517102992810555  0.59484140293348808  0.60386702190325492  0.61304669971441927
  0.62337511421819924  0.63373240755594895  0.64449255416260931  0.65428666207699038
  0.66400228165219299  0.67361360477545573  0.68300317350578921  0.69227212764284252
  0.70189504853123996  0.71168311934096018  0.72310536984500706  0.73413420302935495
  0.74633946235298398  0.75979580388510093  0.77244968936244318  0.78283070817042655
  0.79218400112246490  0.80231317827112969  0.81289024326957970  0.82350613588946409
  0.83398200437750947  0.84488562150962321  0.85659305263861529  0.86792163669742295
  0.87948144970537590  0.89075629028376890  0.90152441146139839  0.91206987927624017
  0.92254447176522003  0.93355043204363741  0.94416549594463806  0.95489274524714374
  0.96624409142431666  0.97838498071491942  0.98924302903659667  1.00000000000000000
 -0.01204317999696882  0.13779574932180028  0.20821772033321487  0.26374619819411788
  0.30852840986372659  0.34442567429433324  0.37803874234147888  0.40746447399835717
  0.43157523860829528  0.45221167098382437  0.47164030120111849  0.49113579419114595
  0.51009484586438081  0.52926954015602212  0.54888597083169943  0.56847648670023654
  0.58504872300295652  0.59979832539690758  0.61258199180664630  0.62379691760306233
  0.63421488014446281  0.64464720033269041  0.65536818806318575  0.66593242504108618
  0.67532798068097211  0.68383902794909135  0.69219587431926577  0.70057728356026649
  0.70886602388377484  0.71668509504965194  0.72419387865904217  0.73097689522417841
  0.73790615269300441  0.74445986582467993  0.75145480893009553  0.75885452744266946
  0.76617017823090905  0.77293292338836861  0.77915741290572826  0.78490980522089848
  0.79022712041828225  0.79537445969402265  0.80019428052529140  0.80540131087146305
  0.81065460590495464  0.81594463711099763  0.82111491215834120  0.82604886054363025
  0.83068430516446012  0.83492108244985430  0.83901707007443971  0.84306064788897106
  0.84744286498917765  0.85176800100697303  0.85584016158411602  0.85972960198764248
  0.86356648969496241  0.86743678959441251  0.87127428856090383  0.87491751498045811
  0.87832256012441656  0.88163594973474302  0.88489319652561227  0.88811386303759843
  0.89116389298476884  0.89415823325126786  0.89704759956148616  0.89982597909669493
  0.90262277765528742  0.90542710897242729  0.90808884772022069  0.91070142888361183
  0.91341546523070405  0.91631444927507266  0.91919328268237233  0.92190721788124741
  0.92459837637652320  0.92728245370523754  0.93024763182672232  0.93340691034388534
  0.93653047134577894  0.93950721219175359  0.94242736113827741  0.94535840947864302
  0.94829147021669413  0.95114196021078701  0.95391620515135644  0.95675088123479757
  0.95963307801303344  0.96264936845725702  0.96608121521100332  0.96957995975130284
  0.97342720172531572  0.97808537824274622  0.98442097829467334  1.00000000000000000
 -0.02065173508111334  0.13066842568265041  0.17965826168134125  0.21071096444482290
  0.23811651404852130  0.26004790586600590  0.27639406249768694  0.28968082793442979
  0.30088980981640706  0.31209865959752264  0.32421116301212027  0.33571557458721552
  0.34561478162849268  0.35456319589522189  0.36334852172213594  0.37202432968833232
  0.37999013026453932  0.38700590772896809  0.39427995323886877  0.40171076080683893
  0.40879512159914527  0.41525661378172252  0.42121398137249261  0.42749447206081992
  0.43352155526192049  0.43958818144373280  0.44544315968571346  0.45117514831901062
  0.45704637979921525  0.46300075043932598  0.46891201509830671  0.47491102841337696
  0.48092756917430268  0.48731358689694093  0.49390146809082069  0.50013110445624431
  0.50572689461400211  0.51091041823049799  0.51580478002118424  0.52033565869593923
  0.52480605274776593  0.52944560861888601  0.53429243754173616  0.53906578795828475
  0.54384796062049634  0.54832017704493252  0.55300291771397714  0.55814482291644407
  0.56345152583180613  0.56878444533100281  0.57391511498582981  0.57865312167807914
  0.58323230416323824  0.58848121209901239  0.59327806169310815  0.59836536777488947
  0.60381788703110950  0.60935108006132999  0.61485696263318335  0.62037155748731987
  0.62582073472921751  0.63094963129196935  0.63622876267462791  0.64145706235612721
  0.64654956434789246  0.65191520480912413  0.65738013484862257  0.66316411923565388
  0.66913791351247598  0.67490218010395464  0.68021236376517891  0.68521767796694322
  0.69020522936939710  0.69528479854114267  0.70082367929862710  0.70647578171693337
  0.71187392248671510  0.71716732945634798  0.72253803621548418  0.72838138041769784
  0.73503970642420613  0.74210585413328412  0.74992404974326032  0.75834388965102006
  0.76709556633515530  0.77558737022878288  0.78522551074948799  0.79461856501941175
  0.80392023515560163  0.81456460804498765  0.82741228526792476  0.84156322729442590
  0.85787956233512497  0.88151385440839403  0.91725890678905331  1.00000000000000000
   4.6882945024123747E-042  -1.0000000000000000     
 F F F F F F F F F F F F F F F F F F T T T T T T T T T T T T T T T T T T F F F F F F F F F F F F F F F F F F T T T T T T T T T T T T T T T T T T
  <DiscreteSampler_grid>
  grouped_processes
  1 # 1 for a reference and 2 for a running grid.
  10 # Attribute 'min_bin_probing_points' of the grid.
  1 # Attribute 'grid_mode' of the grid. 1=='default',2=='initialization'
  0.0000000000000000 # Attribute 'small_contrib_threshold' of the grid.
  0.5000000000000000 # Attribute 'damping_power' of the grid.
 # binID   n_entries weight   weight_sqr   abs_weight
    10   10   9.170853095330918E-028   8.271094109034114E-054   9.170853095330918E-028
    11   10   9.170853095330918E-028   8.271094109034114E-054   9.170853095330918E-028
  </DiscreteSampler_grid>
