 -0.00004519158197496  0.00075683817782116  0.00134627046436825  0.00187760237941075
  0.00238486046852727  0.00284152951828357  0.00329773964215866  0.00373270353448202
  0.00413958455050803  0.00452703672584684  0.00491995997002381  0.00532490473131687
  0.00574398928828523  0.00617871867402951  0.00659233409153999  0.00698413288749024
  0.00739303519043193  0.00781310507198549  0.00822714839146973  0.00864673556701985
  0.00911489314956079  0.00962148389807570  0.01003723757663623  0.01045465747392955
  0.01085668207725924  0.01126706361453187  0.01166304945003797  0.01205463149943022
  0.01244749114160438  0.01283101676669242  0.01325288067308182  0.01375755573058307
  0.01428859936680036  0.01477154380021168  0.01521821403199583  0.01565338960135390
  0.01609089682875157  0.01659199629998410  0.01711095866508510  0.01761581876141086
  0.01813780602584080  0.01865581375591396  0.01915881266309425  0.01972090726980333
  0.02047078760903757  0.02123435189200325  0.02199527562863786  0.02274720253369878
  0.02350531115115106  0.02426694446768674  0.02493009851732848  0.02554501128864880
  0.02611647789202773  0.02668986823452176  0.02727691440558547  0.02793852542052870
  0.02864624718060394  0.02932757190011644  0.02998938365873395  0.03067578329920234
  0.03135950357680136  0.03204116821052766  0.03276378980802020  0.03373110104854041
  0.03488542328846327  0.03622232905532338  0.03764822570648882  0.03919376388763669
  0.04057945043272283  0.04172472740151960  0.04274669459080726  0.04367334217970406
  0.04461037930710886  0.04573663772221126  0.04714371222730590  0.04885028878482162
  0.05068749615969760  0.05246555522017161  0.05437195060587418  0.05638610626690568
  0.05859148674329849  0.06086173091951047  0.06307324779861269  0.06515687942735897
  0.06726253520191038  0.06950595122134988  0.07167606309704669  0.07392049090205084
  0.07818957248235156  0.08625713312796657  0.09409601343140987  0.10128612547315717
  0.10715406109187116  0.11297012433640999  0.12237686035117420  1.00000000000000000
 -0.00212135688361845  0.00917544439877735  0.01834746840378583  0.02813815600788775
  0.03776784631642221  0.04679895035392465  0.05595192606702138  0.06619935859120282
  0.07804500727576993  0.09020926786783362  0.10155390945090592  0.11296173919367118
  0.12373885501194032  0.13701036214794210  0.14924459061088011  0.16082145577263479
  0.17068993447595149  0.18006274620951015  0.18974747196022476  0.20122591227767397
  0.21169196847792812  0.22245343060540654  0.23411823808545823  0.24675152534283698
  0.25825688347322606  0.26961542517918352  0.28032079683407152  0.28998592863477402
  0.29943501983239817  0.30882903641367693  0.31801857330720879  0.32806737792105711
  0.33954515247168388  0.35093411312426809  0.36212265175382141  0.37368606662122439
  0.38581294833659618  0.39671175583973084  0.40704621488645065  0.41630270525921320
  0.42720165091880008  0.43836509788340394  0.45015762853471519  0.46224909736827197
  0.47450749245474055  0.48537770846518002  0.49579995821115430  0.50547184703172177
  0.51658681593691447  0.52699176815106641  0.53671149443270916  0.54640774295912942
  0.55670278518994698  0.56733829284571979  0.57790878270233070  0.58968091191304706
  0.60365343984635800  0.61782523707562786  0.62963839780376785  0.64026501251537749
  0.65016784528110283  0.66109023860316951  0.67095929902192619  0.68048838177504090
  0.69030849457022458  0.69987700068030434  0.70943791576420490  0.71859483260883317
  0.72810190586722490  0.73744874547813155  0.74707345510366074  0.75683117049495530
  0.76643790678699630  0.77534902813990303  0.78496062020062496  0.79500421506521790
  0.80789591729162569  0.82123323486108135  0.83403565190163487  0.84535175161908338
  0.85589733746210839  0.86647201303932331  0.87613069601749860  0.88587953865183022
  0.89582555270638986  0.90638965786679548  0.91624043292037527  0.92566308460619517
  0.93537261426543583  0.94498138589075953  0.95376292461773537  0.96243954740045823
  0.97107567345679169  0.98014628184231289  0.98990419355702586  1.00000000000000000
 -0.01016288089532544  0.10999744279911164  0.17251683273442342  0.21973158631642434
  0.25959677637965134  0.29225845579000514  0.32041370135098624  0.34716860048179149
  0.37358868333361628  0.39679214679182656  0.41762513377387173  0.43741540184469146
  0.45638806747113286  0.47290098593730978  0.48860300662336331  0.50430509102732257
  0.51940596863295885  0.53387115047090572  0.54803980262973417  0.56177902746488251
  0.57309901633249249  0.58306903800143395  0.59249819359380285  0.60199149767233573
  0.61162865357476270  0.62059353700774667  0.62954170628668038  0.63889600271647673
  0.64860118122061239  0.65865600001984437  0.66960854713335194  0.68045256051258796
  0.68994656084112616  0.69877576941660113  0.70666473763428095  0.71265853763883136
  0.71913795257605595  0.72579724342821361  0.73179720146943206  0.73684524904776116
  0.74191562723904991  0.74677264963527856  0.75176583121244400  0.75682560130123733
  0.76204178709852299  0.76685283838070428  0.77118860462464234  0.77533121298657126
  0.77948476918572074  0.78390873088305635  0.78863891530116126  0.79355907089716615
  0.79883496354300942  0.80351252423551967  0.80844572879383303  0.81308739521530404
  0.81760284559828400  0.82205989528287238  0.82638734151044824  0.83063348795212621
  0.83490701830074399  0.83903622415018320  0.84341281037378979  0.84791669772951739
  0.85246228993729478  0.85663250105632771  0.86058070542445042  0.86442079481490230
  0.86811687978509977  0.87172203776741775  0.87568191129094031  0.87986578603604204
  0.88430196715811560  0.88889861137603909  0.89347515292734148  0.89778967344096949
  0.90183489894437241  0.90618953700903160  0.91070925992704632  0.91501463536548122
  0.91905756263536342  0.92293024242895993  0.92660643120036112  0.92994668748502340
  0.93322331993704954  0.93640435729288807  0.93955513379671352  0.94293356333772715
  0.94698722209673081  0.95130977031754682  0.95560342416706390  0.96027032771207643
  0.96611946856616304  0.97328151180382072  0.98268358588081894  1.00000000000000000
 -0.01343779674839775  0.10486568050245175  0.15685507599328713  0.18954260469323050
  0.21411902348704834  0.23229477849854166  0.24674326896470483  0.26003898821608157
  0.27233722315824455  0.28318041140409367  0.29373798448610255  0.30455203820535237
  0.31345238729875491  0.32087612430210899  0.32789150409575646  0.33494003208171985
  0.34215292120418850  0.34951196518856659  0.35611146250796866  0.36186575821438871
  0.36708397897360728  0.37231134833721152  0.37820916313297076  0.38381353535064594
  0.38903715762814478  0.39403369560975687  0.39852717141102756  0.40297105183426640
  0.40805044408940550  0.41319075726705773  0.41811012805630143  0.42341164802164349
  0.42846860408548659  0.43297569739036001  0.43747726596861425  0.44242615115108730
  0.44790089966123947  0.45348202388865411  0.45876590712591342  0.46384915559714646
  0.46902691375138517  0.47432178551066850  0.47954278979316262  0.48459676263005869
  0.48983978457690880  0.49439326797612931  0.49883103527418632  0.50332713634694837
  0.50790508229010067  0.51259555814049695  0.51752785543320634  0.52382290484094551
  0.53053450304470529  0.53708645045964365  0.54315061057151481  0.54869572853420545
  0.55416423817802263  0.56014605611935153  0.56576169133272958  0.57114789545459910
  0.57655410737015989  0.58195620111779511  0.58733177771747025  0.59268029663033883
  0.59780211886573642  0.60266839791231830  0.60740850831039950  0.61225045069966089
  0.61728708480121686  0.62302452492587745  0.62998482760588281  0.63807510539745860
  0.64632043452583732  0.65432451297664740  0.66162979437450220  0.66870859617121681
  0.67604478233879983  0.68406313004863573  0.69289810313731837  0.70134652578816536
  0.70960036371504998  0.71904642233420746  0.73030668529172771  0.74165889195997092
  0.75233791239624304  0.76121125759201658  0.77073146288635208  0.77918292517727317
  0.78809565040731355  0.79853838414889800  0.81202068825339258  0.82854813661515259
  0.85075603773096464  0.87678717141550311  0.91450097230086203  1.00000000000000000
   6.7979182012397559E-043  -1.0000000000000000     
 F F F F F F F F F T T T T T T F T T F F F F F F F F F T T T T T T T T T F F F F F F F F F T T F T T T F T T F F F F F F F F F T T T T T T T T T
  <DiscreteSampler_grid>
  grouped_processes
  1 # 1 for a reference and 2 for a running grid.
  10 # Attribute 'min_bin_probing_points' of the grid.
  1 # Attribute 'grid_mode' of the grid. 1=='default',2=='initialization'
  0.0000000000000000 # Attribute 'small_contrib_threshold' of the grid.
  0.5000000000000000 # Attribute 'damping_power' of the grid.
 # binID   n_entries weight   weight_sqr   abs_weight
    10   10   5.513762320898256E-029   1.770601385135687E-056   5.513762320898256E-029
    11   10   5.513762320898256E-029   1.770601385135687E-056   5.513762320898256E-029
  </DiscreteSampler_grid>
