 -0.00039152126037673  0.00196354711536939  0.00324038431059303  0.00453997438055713
  0.00600593069613501  0.00761278770003528  0.00941258499912443  0.01141228404956872
  0.01369145783241206  0.01599401236139376  0.01844225100522481  0.02097552125604505
  0.02367039698686626  0.02655754910979294  0.02949180869807095  0.03258208910943815
  0.03584699091522318  0.03924021729340839  0.04259579326524680  0.04607176216447029
  0.04992189229481139  0.05409647288787321  0.05824560014983360  0.06252493763907985
  0.06713245079892523  0.07196113857092114  0.07675816070492014  0.08165861480081663
  0.08672661369698888  0.09226754682766075  0.09804389818551204  0.10414065500890515
  0.11045622937526887  0.11680677016163143  0.12309478935933375  0.12965134354255181
  0.13612568900998975  0.14336849324598233  0.15072668103507453  0.15834713402968856
  0.16601661046896324  0.17360252441352181  0.18184314452061037  0.19082387169431186
  0.20051702643192576  0.21097073586980195  0.22212818237750739  0.23348985060109162
  0.24522272304560716  0.25784668698142221  0.27103324402706419  0.28571434513217625
  0.30138062100127394  0.31735543699020652  0.33425792495789558  0.35233643962070843
  0.37306573939642124  0.39555723352312888  0.41953033657684558  0.44350226621957228
  0.46693465935495937  0.49195108822087552  0.51856298668785128  0.54714005869880988
  0.57682508863325377  0.60420273294280447  0.63142416898126852  0.65610582729763733
  0.67901706953719798  0.70062210223324772  0.72045881232090359  0.73775116583412059
  0.75319855334893926  0.76868003222332293  0.78354441243024231  0.79765574769169256
  0.81112469876502324  0.82385213030021920  0.83598874336464823  0.84782870405228050
  0.85961771161149092  0.87125938026970828  0.88272994042277997  0.89382326775034071
  0.90407948751263534  0.91398291852928026  0.92360069794140864  0.93286858179238030
  0.94168163157257379  0.95015428382202183  0.95865076962242468  0.96714691801892716
  0.97553134543694797  0.98373598484965152  0.99187975966043596  1.00000000000000000
 -0.00263343615817380  0.01046187122249604  0.02132943522646924  0.03203814038811709
  0.04261712863578620  0.05311689496436011  0.06416196382763958  0.07520412069717329
  0.08608600397621219  0.09652000127204607  0.10637445450197111  0.11582649974015802
  0.12527477706161338  0.13484644081029726  0.14448594602044493  0.15366553638953642
  0.16251716512911335  0.17173102264595469  0.18133010546212924  0.19104817456904097
  0.20089790907540647  0.21061959101327182  0.22003327205854553  0.22954919670428209
  0.23921051304862259  0.24894112085748771  0.25881022330105108  0.26891364645236815
  0.27946252568854435  0.28990458023430610  0.30025153021263812  0.31086058636753994
  0.32182272680234758  0.33301619987886888  0.34379877484952370  0.35413441340761070
  0.36377686129818354  0.37323283030935628  0.38271582474828941  0.39260007004508241
  0.40318259918820865  0.41390391636801127  0.42456066702488254  0.43513511562768226
  0.44626378379189763  0.45816535155077864  0.46986915845276261  0.48147003196638782
  0.49301527490409630  0.50405097663512810  0.51439061537023578  0.52509019563048076
  0.53598219112366463  0.54721681679473833  0.55805610397309402  0.56888947269461232
  0.58013754840256893  0.59138589116564866  0.60310383001079437  0.61455850220801378
  0.62571063800956861  0.63635813561361099  0.64657063492006128  0.65786564968670980
  0.66940312298719806  0.68157187752059001  0.69336858268691282  0.70466087160253443
  0.71513462194837640  0.72537247710796526  0.73631943725638715  0.74797397677444355
  0.75816853509316262  0.76852207693869201  0.77871216112893904  0.78852068460914049
  0.79776385996650656  0.80671857024199223  0.81601264701853438  0.82761357846205041
  0.83956966857054149  0.85219661943701164  0.86417708041787189  0.87539672963025539
  0.88623833007297825  0.89668573522333861  0.90691021035361974  0.91706086171676149
  0.92723921534106024  0.93756331391183412  0.94797568642777696  0.95874517026862061
  0.96999790863122559  0.98073395049351086  0.99044357305330988  1.00000000000000000
  0.00075475922027464  0.02058824144934402  0.03718317529809582  0.05139657221619723
  0.06428543413163798  0.07624167841034554  0.08730295588617012  0.09810992734472050
  0.10924056514051297  0.12087092763862613  0.13308523826414348  0.14547948415893999
  0.15730167934801975  0.16877915329024110  0.17997788458533082  0.19177975867488206
  0.20365676099804272  0.21529909091046157  0.22651621718117954  0.23848365614333256
  0.25026539392202307  0.26150366387919916  0.27232768933552032  0.28315768362017718
  0.29389016175839699  0.30420173043205812  0.31433192484165895  0.32468501435488023
  0.33543097370602648  0.34649662001475851  0.35775619628578642  0.36898622391223695
  0.37999128083986289  0.39040247026982683  0.40037581944309203  0.41053675037198611
  0.42089789613062950  0.43130106904158771  0.44194836508250568  0.45246538284418264
  0.46262003829771237  0.47216547046187973  0.48159296004390362  0.49092627159205726
  0.50011538082176432  0.50879354355169459  0.51734563584050719  0.52660676946614582
  0.53644659728165334  0.54640987456376688  0.55607519869248723  0.56567539542667844
  0.57533634354009300  0.58451974609152368  0.59264110155607019  0.60082326518737128
  0.60911972514381219  0.61792030283524058  0.62675942420369868  0.63612462844700113
  0.64534310851362942  0.65427353143386224  0.66263064195612631  0.67039606167861321
  0.67798177879027766  0.68576258992460082  0.69376736034980202  0.70186428514561527
  0.70987027203709419  0.71772797692595081  0.72554408779008117  0.73313961881802092
  0.74016625390884383  0.74747953717951165  0.75526202454420843  0.76295577133142345
  0.77122204460025467  0.77815718136294187  0.78550478941695501  0.79281627015577638
  0.80048421568514372  0.80811702548678699  0.81594129363641354  0.82432659010623477
  0.83334818215127926  0.84318938586174808  0.85317364534357798  0.86244658690442755
  0.87139399889475455  0.88118113683330546  0.89151203111934318  0.90276503419393883
  0.91556216884790398  0.93227789387772053  0.95663142085600361  1.00000000000000000
 -0.02150566948521037  0.15208463006083636  0.20715599540477836  0.24517121555389321
  0.27325356183100680  0.29633519108137790  0.31615384761533333  0.33320639012917730
  0.34838919075481367  0.36179684480455154  0.37404047975885069  0.38520232770417645
  0.39556902039563052  0.40550884355779665  0.41536867669552763  0.42524309338924132
  0.43526297927551638  0.44506803931033795  0.45428950199563384  0.46280167343361500
  0.47082492457143793  0.47862781804505999  0.48622492363010478  0.49358949969179278
  0.50080549864075907  0.50778231824581099  0.51450703578489898  0.52121184642692020
  0.52779709864074531  0.53415789433001259  0.54031807048977276  0.54610113345678890
  0.55163241434445964  0.55713665810798485  0.56230698115126665  0.56753236227406956
  0.57257871166870311  0.57778869678882827  0.58323453799401392  0.58787338330536976
  0.59284071332072952  0.59777630679817073  0.60256944562464509  0.60744917002329957
  0.61229844517644227  0.61724364499628137  0.62213263698937860  0.62694715967324599
  0.63164681159328961  0.63627638761015193  0.64091334809480116  0.64572559410777797
  0.65072081393922931  0.65557374454516770  0.66032890466517125  0.66511015680325003
  0.66986291076453719  0.67474270015983406  0.67960540443855966  0.68437273424913592
  0.68911699704635598  0.69382840971343984  0.69856639981236501  0.70321736475584307
  0.70786618948302638  0.71246826806499408  0.71713791953352657  0.72188273010827064
  0.72669999493688964  0.73168959120038457  0.73673743240382650  0.74166774546895242
  0.74663904829743943  0.75156304052435075  0.75643220654326360  0.76181627521648576
  0.76738334638040195  0.77327571470682377  0.77912055593223795  0.78483242337419745
  0.79058454353609342  0.79660450447912434  0.80297622145043923  0.80952623806794033
  0.81645226219789302  0.82374807246841852  0.83110748338076978  0.83913659165040166
  0.84766865646082334  0.85699920111863570  0.86707153182815488  0.87870506386901015
  0.89243469168918832  0.91001772539694881  0.93532861059083294  1.00000000000000000
   4.9987555069204811E-018  -1.0000000000000000     
 F F F F F F F F F T F F F T F F F T T F F F T F F F T T T T T T T T T T F F F F F F F F F T F F F T F F F T T F F F T F F F T T T T T T T T T T
  <DiscreteSampler_grid>
  grouped_processes
  1 # 1 for a reference and 2 for a running grid.
  10 # Attribute 'min_bin_probing_points' of the grid.
  1 # Attribute 'grid_mode' of the grid. 1=='default',2=='initialization'
  0.0000000000000000 # Attribute 'small_contrib_threshold' of the grid.
  0.5000000000000000 # Attribute 'damping_power' of the grid.
 # binID   n_entries weight   weight_sqr   abs_weight
    10   10   9.275531789080416E-005   1.147165493779974E-008   9.275531789080416E-005
    11   10   9.275531789080416E-005   1.147165493779974E-008   9.275531789080416E-005
  </DiscreteSampler_grid>
