 -0.00004603391459552  0.00103289237312683  0.00189020442478861  0.00264920864730147
  0.00334714072600113  0.00400294070107766  0.00458911653159105  0.00514414200365633
  0.00569617506862059  0.00626937851354450  0.00677649738415615  0.00728839331641391
  0.00781562862091607  0.00835690069026852  0.00890273443933527  0.00944743496930648
  0.00999434642145691  0.01053557362725926  0.01106855291265305  0.01157739926321032
  0.01210085170365879  0.01269483659623963  0.01332775618343282  0.01400959436896911
  0.01467743107545856  0.01532185776758449  0.01595504142368683  0.01651617558695840
  0.01706747127630208  0.01761463668477007  0.01817328429061700  0.01873026185631039
  0.01928610336594386  0.01987441014550991  0.02045946451008196  0.02106249392223581
  0.02160566655049870  0.02226796258718288  0.02304588232544489  0.02381828970734224
  0.02447331662361284  0.02501706150763782  0.02553071116838574  0.02608669211084385
  0.02666844770248157  0.02723011478791315  0.02784380614092723  0.02852061449257811
  0.02925332562510635  0.02989027355354501  0.03047293182636781  0.03103454919073369
  0.03164792277366988  0.03229765630953620  0.03303447303890981  0.03392201569902593
  0.03482995962725195  0.03566450009436965  0.03647040668714774  0.03726863645196255
  0.03812237538915877  0.03902130511511254  0.04002514746571824  0.04118451069419565
  0.04315140945052495  0.04475760872750673  0.04585816225983706  0.04702888372894746
  0.04819165546237945  0.04932573661346748  0.05054499986449511  0.05170891683467843
  0.05272886609057103  0.05367481511032242  0.05463100852303805  0.05552432112233841
  0.05639914907891627  0.05738335066728709  0.05848593030366334  0.05995293634224472
  0.06124411284986788  0.06240614613712873  0.06359512948455683  0.06468646594344846
  0.06572136457551071  0.06676022199064453  0.06783294890570943  0.06907499510746994
  0.07068594157071309  0.07238222728523595  0.07752457284904855  0.08343779042538282
  0.11636313111771518  0.15669444012123873  0.21912787591434718  1.00000000000000000
 -0.00149910172487001  0.00976302686284964  0.02042277055412036  0.03049887324199695
  0.04035858973181561  0.04894380353490846  0.05792601763159348  0.06698507535964539
  0.07566748446315703  0.08233111988865048  0.08884018835213475  0.09594238653875617
  0.10412602506699171  0.11291035875110159  0.12052880367350073  0.12993250836234302
  0.14241296246521160  0.15649990521053056  0.17026754590057314  0.18346564777262039
  0.19543425411321841  0.20712564599360272  0.22029363728270876  0.23320498698408584
  0.24522635309990590  0.25818246063324218  0.27105606985450770  0.28075593182863517
  0.28969883697589610  0.29851324369357674  0.30855925620701607  0.31929006637106794
  0.33084437070263406  0.34185519899053635  0.35233368730571324  0.36299978175875142
  0.37418727285353559  0.38648799442361587  0.39920792947931388  0.41208434126279536
  0.42407731334902404  0.43421329161036759  0.44437246186730928  0.45506535768981404
  0.46601538462456538  0.47786425633161184  0.48981266377858501  0.49923270427056970
  0.50666259622220222  0.51393737188789301  0.52211502140359523  0.53112400856832442
  0.53982351473506307  0.54991837330882343  0.56094535705172544  0.57248859056235057
  0.58455902981120078  0.59724643217168205  0.60989333513165922  0.62250947069607188
  0.63562917762424487  0.64737084726333827  0.65727932536519162  0.66655888533821539
  0.67483343005303775  0.68316247742479996  0.69109800985621828  0.69924427901646291
  0.70836008784860238  0.71864012122786980  0.72905545175297926  0.73917353678309006
  0.74955516508442377  0.75990790705383537  0.76931938422435486  0.77798576455060020
  0.78628130561704723  0.79585187773327803  0.80555990004478639  0.81537359489905070
  0.82614037227429160  0.83730694670782158  0.84913025181025792  0.86055477437104855
  0.87197030680368692  0.88307302796028564  0.89379657702367288  0.90440114983066766
  0.91537846752646868  0.92766646323542246  0.94123094548053632  0.95445956327439685
  0.96654427291800282  0.97767918116210895  0.98862649993230811  1.00000000000000000
 -0.01163333268253724  0.13990465171195443  0.21697267216422153  0.27551673608988098
  0.32345849732701076  0.36485729793636457  0.39828556188522701  0.42476653612845605
  0.44831917743978300  0.47262104959281298  0.49443064683340715  0.51346979746940469
  0.53150839676580675  0.54745112512649752  0.56335032394327800  0.57756702533223792
  0.59098489513133756  0.60444139310133904  0.61835482413124832  0.63273695197405377
  0.64522173607347677  0.65539760569587735  0.66501935231193698  0.67450022314665914
  0.68396659639704926  0.69163702748973332  0.69784404205626749  0.70445680935064092
  0.71174125602678562  0.71960574821355994  0.72737751346478308  0.73451866901728946
  0.74134993441495012  0.74842399081288669  0.75660642213605489  0.76498101898269744
  0.77217675320152201  0.77827839297549473  0.78384256445489675  0.78934384947446690
  0.79448787593035830  0.79923028145426755  0.80395802125328630  0.80882743972262616
  0.81374176418006638  0.81861546015744402  0.82338635768938795  0.82802540493171217
  0.83241178408008631  0.83715203723249498  0.84158963039909052  0.84593625808505957
  0.85029834340487742  0.85464456725145443  0.85881699760662289  0.86244343449899286
  0.86599389060512466  0.86939805324607777  0.87256732781954760  0.87566962211805999
  0.87893327235696828  0.88229831048417295  0.88555466449571207  0.88883196250613539
  0.89188045273217220  0.89472115233980676  0.89750855108534644  0.90037542441460272
  0.90335070145103413  0.90625566817036374  0.90936614354346634  0.91240793056935621
  0.91538897907086580  0.91826189624631860  0.92096360997597049  0.92354633846624890
  0.92625920435213971  0.92871430691532741  0.93128580853267673  0.93379923791279329
  0.93618663018751858  0.93860984292594263  0.94158921319555700  0.94398690594264723
  0.94605171882966110  0.94814881581566424  0.95039218655058266  0.95265041657968808
  0.95484026271294509  0.95731811937094979  0.96040434755940196  0.96459201554617213
  0.96944156397602188  0.97583829696515056  0.98535430041313765  1.00000000000000000
 -0.01535623875884234  0.09586736651495864  0.14481567487844632  0.17786373111764456
  0.20341002171281583  0.22250008204717633  0.23849165075074594  0.25250311895444727
  0.26424001949141912  0.27502802051347941  0.28597184459992120  0.29725156860375584
  0.30781394241135585  0.31705440789752914  0.32509619545494906  0.33266767626844213
  0.34004329711180725  0.34727842233700368  0.35407205102957723  0.36098287054139860
  0.36742262347384091  0.37336880841620884  0.37943403426834987  0.38594493194209878
  0.39210810745851010  0.39936503595657052  0.40687533688108307  0.41447395661404740
  0.42205058731918610  0.42928745507717919  0.43645085956677609  0.44219889496311221
  0.44747055610971720  0.45308895143194056  0.45873720109117189  0.46465640101453798
  0.47061469898983233  0.47642960691559177  0.48217396408072799  0.48771272388173054
  0.49290770653415972  0.49818110716496705  0.50320138360803213  0.50868999462293163
  0.51423475598494139  0.51973391702546512  0.52490029377462732  0.52929958270405786
  0.53373885548819833  0.53788336668909875  0.54200598970138991  0.54616507194534325
  0.55028054081034250  0.55551378816133845  0.56107114399622449  0.56699797646259653
  0.57318182020481478  0.57977335570397182  0.58604123572366695  0.59194679309432152
  0.59781779249028189  0.60330635925210296  0.60840677153664746  0.61327050779712899
  0.61779302256097879  0.62245401407167167  0.62721909651044916  0.63217347591735462
  0.63734059345662608  0.64285849437890252  0.64923876850163487  0.65695292738318067
  0.66476235074189571  0.67206268218687726  0.67885434231982344  0.68533227002383179
  0.69174012941922980  0.69928258227697937  0.70746277988456607  0.71479700865121787
  0.72134914544321560  0.72788606406374956  0.73509263332773700  0.74297057473053363
  0.75097404060257411  0.75905519376119523  0.76705261430445604  0.77736179998234534
  0.78997506427122055  0.80299413110680584  0.81587310210148034  0.83054739980768810
  0.85188361619722619  0.87574078948291012  0.91226653722453532  1.00000000000000000
   1.1750314266185285E-043  -1.0000000000000000     
 F F F F F F F F F T T T T T T T T T F F F F F F F F F T T T T T T T T T F F F F F F F F F T T T T T T T T T F F F F F F F F F T T T T T T T T T
  <DiscreteSampler_grid>
  grouped_processes
  1 # 1 for a reference and 2 for a running grid.
  10 # Attribute 'min_bin_probing_points' of the grid.
  1 # Attribute 'grid_mode' of the grid. 1=='default',2=='initialization'
  0.0000000000000000 # Attribute 'small_contrib_threshold' of the grid.
  0.5000000000000000 # Attribute 'damping_power' of the grid.
 # binID   n_entries weight   weight_sqr   abs_weight
    10   10   8.348962046439885E-032   1.704977718631442E-062   8.348962046439885E-032
    11   10   8.348962046439885E-032   1.704977718631442E-062   8.348962046439885E-032
  </DiscreteSampler_grid>
